"","fcar","situacao","uf","munic","code","NUMREGCAR"
"1","MG-3148806-4E103DBA0533468E999D438AFF58AB24","AT","MG","3148806","4E103DBA0533468E999D438AFF58AB24","MG31488064E103DBA0533468E999D438AFF58AB24"
"2","MG-3148806-428ED71B88474978937834802FBA6F1E","AT","MG","3148806","428ED71B88474978937834802FBA6F1E","MG3148806428ED71B88474978937834802FBA6F1E"
"3","MG-3148806-F9F0B4360BFF4990941E129B8411907D","AT","MG","3148806","F9F0B4360BFF4990941E129B8411907D","MG3148806F9F0B4360BFF4990941E129B8411907D"
"4","MG-3148806-6586B2B7CDF14BCEAFCD697BA7D886BA","AT","MG","3148806","6586B2B7CDF14BCEAFCD697BA7D886BA","MG31488066586B2B7CDF14BCEAFCD697BA7D886BA"
"5","MG-3148806-4509CAEBAB1F4FC19162DA9067DC2995","AT","MG","3148806","4509CAEBAB1F4FC19162DA9067DC2995","MG31488064509CAEBAB1F4FC19162DA9067DC2995"
"6","MG-3148806-0A24A91A5ECC4AC08E0DEC6F1E2E1521","AT","MG","3148806","0A24A91A5ECC4AC08E0DEC6F1E2E1521","MG31488060A24A91A5ECC4AC08E0DEC6F1E2E1521"
"7","MG-3148806-E8F6F1A3CE594CA0A4197ACAF8CC0BB2","AT","MG","3148806","E8F6F1A3CE594CA0A4197ACAF8CC0BB2","MG3148806E8F6F1A3CE594CA0A4197ACAF8CC0BB2"
"8","MG-3148806-ACD95E47BFE34E038ECC6C8B9769B882","AT","MG","3148806","ACD95E47BFE34E038ECC6C8B9769B882","MG3148806ACD95E47BFE34E038ECC6C8B9769B882"
"9","MG-3148806-4841205BF5554790B9329C41F89DFD21","AT","MG","3148806","4841205BF5554790B9329C41F89DFD21","MG31488064841205BF5554790B9329C41F89DFD21"
"10","MG-3148806-CDF5774715AD45BAB2EA0433577F0153","AT","MG","3148806","CDF5774715AD45BAB2EA0433577F0153","MG3148806CDF5774715AD45BAB2EA0433577F0153"
"11","MG-3148806-8C8F9D9B45854E09BF954AB2366370D7","AT","MG","3148806","8C8F9D9B45854E09BF954AB2366370D7","MG31488068C8F9D9B45854E09BF954AB2366370D7"
"12","MG-3148806-8F62D776103346D5A00B687B379B2D4B","AT","MG","3148806","8F62D776103346D5A00B687B379B2D4B","MG31488068F62D776103346D5A00B687B379B2D4B"
"13","MG-3148806-F36D32CDDD8F45D2A4C24849F11B1774","AT","MG","3148806","F36D32CDDD8F45D2A4C24849F11B1774","MG3148806F36D32CDDD8F45D2A4C24849F11B1774"
"14","MG-3148806-A50933CBCDEA43DC94D9AC0F4EDC374B","AT","MG","3148806","A50933CBCDEA43DC94D9AC0F4EDC374B","MG3148806A50933CBCDEA43DC94D9AC0F4EDC374B"
"15","MG-3148806-2BC77D3B8F9D420BB93EBA8047E57656","AT","MG","3148806","2BC77D3B8F9D420BB93EBA8047E57656","MG31488062BC77D3B8F9D420BB93EBA8047E57656"
"16","MG-3148806-9C1FE413038C48BFBB66036C93700874","AT","MG","3148806","9C1FE413038C48BFBB66036C93700874","MG31488069C1FE413038C48BFBB66036C93700874"
"17","MG-3148806-959C7B8869A74E4EA54A239D235D984D","AT","MG","3148806","959C7B8869A74E4EA54A239D235D984D","MG3148806959C7B8869A74E4EA54A239D235D984D"
"18","MG-3148806-717D239EF1234DE692DA0040B18ABF14","AT","MG","3148806","717D239EF1234DE692DA0040B18ABF14","MG3148806717D239EF1234DE692DA0040B18ABF14"
"19","MG-3148806-5E641D7E39AC4783ADE2C67E15FB519C","AT","MG","3148806","5E641D7E39AC4783ADE2C67E15FB519C","MG31488065E641D7E39AC4783ADE2C67E15FB519C"
"20","MG-3148806-9A776F67BEC64C5EB1C7F9130E523F4E","AT","MG","3148806","9A776F67BEC64C5EB1C7F9130E523F4E","MG31488069A776F67BEC64C5EB1C7F9130E523F4E"
"21","MG-3148806-33A4CF1BE02A4E7581649F40C3DED079","AT","MG","3148806","33A4CF1BE02A4E7581649F40C3DED079","MG314880633A4CF1BE02A4E7581649F40C3DED079"
"22","MG-3148806-89A06288134742B08A1165B4782F9E32","AT","MG","3148806","89A06288134742B08A1165B4782F9E32","MG314880689A06288134742B08A1165B4782F9E32"
"23","MG-3148806-0CF9B9E16A334B3097FA20A33126A4C6","AT","MG","3148806","0CF9B9E16A334B3097FA20A33126A4C6","MG31488060CF9B9E16A334B3097FA20A33126A4C6"
"24","MG-3148806-7B704733BCF9498492B9EBA4F73A6B41","AT","MG","3148806","7B704733BCF9498492B9EBA4F73A6B41","MG31488067B704733BCF9498492B9EBA4F73A6B41"
"25","MG-3148806-91E6571E4F244716AF70BC6EA32C0760","AT","MG","3148806","91E6571E4F244716AF70BC6EA32C0760","MG314880691E6571E4F244716AF70BC6EA32C0760"
"26","MG-3148806-E8E9B7A568924D3099E3A3ECB4871919","AT","MG","3148806","E8E9B7A568924D3099E3A3ECB4871919","MG3148806E8E9B7A568924D3099E3A3ECB4871919"
"27","MG-3148806-847946859EFA4AF89D450DE3ACC67809","AT","MG","3148806","847946859EFA4AF89D450DE3ACC67809","MG3148806847946859EFA4AF89D450DE3ACC67809"
"28","MG-3148806-7FD4DA9AFEBD4A14BCFE2273BF15BE18","AT","MG","3148806","7FD4DA9AFEBD4A14BCFE2273BF15BE18","MG31488067FD4DA9AFEBD4A14BCFE2273BF15BE18"
"29","MG-3148806-D023A26BA6F149448483BE65C5A056EE","AT","MG","3148806","D023A26BA6F149448483BE65C5A056EE","MG3148806D023A26BA6F149448483BE65C5A056EE"
"30","MG-3148806-332CE6343A4F494D8CC3B35A2036FDC3","AT","MG","3148806","332CE6343A4F494D8CC3B35A2036FDC3","MG3148806332CE6343A4F494D8CC3B35A2036FDC3"
"31","MG-3148806-698270620FB544D0B67755BD203C920A","AT","MG","3148806","698270620FB544D0B67755BD203C920A","MG3148806698270620FB544D0B67755BD203C920A"
"32","MG-3148806-E9CAE36D4E214FA59D98FD7CE6361028","AT","MG","3148806","E9CAE36D4E214FA59D98FD7CE6361028","MG3148806E9CAE36D4E214FA59D98FD7CE6361028"
"33","MG-3148806-07E76DBD0A9C47F598D09BAEF2053914","AT","MG","3148806","07E76DBD0A9C47F598D09BAEF2053914","MG314880607E76DBD0A9C47F598D09BAEF2053914"
"34","MG-3148806-80DFBA2E006C45ED81D1E36376FE6883","AT","MG","3148806","80DFBA2E006C45ED81D1E36376FE6883","MG314880680DFBA2E006C45ED81D1E36376FE6883"
"35","MG-3148806-F1535E1CA3CD40E080B6F27AC850FFD3","AT","MG","3148806","F1535E1CA3CD40E080B6F27AC850FFD3","MG3148806F1535E1CA3CD40E080B6F27AC850FFD3"
"36","MG-3148806-7E9EA2A1E1AE46BD9D4A2EDB4EF6AC62","AT","MG","3148806","7E9EA2A1E1AE46BD9D4A2EDB4EF6AC62","MG31488067E9EA2A1E1AE46BD9D4A2EDB4EF6AC62"
"37","MG-3148806-5EDF2B1E07714924A32F754A255A3FB9","AT","MG","3148806","5EDF2B1E07714924A32F754A255A3FB9","MG31488065EDF2B1E07714924A32F754A255A3FB9"
"38","MG-3148806-95CDB9307A35489296A17747E7B31274","AT","MG","3148806","95CDB9307A35489296A17747E7B31274","MG314880695CDB9307A35489296A17747E7B31274"
"39","MG-3148806-FD3705BE38C84221B0289DCB00AE1645","AT","MG","3148806","FD3705BE38C84221B0289DCB00AE1645","MG3148806FD3705BE38C84221B0289DCB00AE1645"
"40","MG-3148806-0CA887E2CD0D42129E67E3005E01377D","AT","MG","3148806","0CA887E2CD0D42129E67E3005E01377D","MG31488060CA887E2CD0D42129E67E3005E01377D"
"41","MG-3148806-5832489BCA4C4E13925BCAE2CB2D5DD8","AT","MG","3148806","5832489BCA4C4E13925BCAE2CB2D5DD8","MG31488065832489BCA4C4E13925BCAE2CB2D5DD8"
"42","MG-3148806-4DBAF79FBF72417988FC0C6DC3BFDE95","AT","MG","3148806","4DBAF79FBF72417988FC0C6DC3BFDE95","MG31488064DBAF79FBF72417988FC0C6DC3BFDE95"
"43","MG-3148806-F969F381FADB461B9FF030466C7D29A5","AT","MG","3148806","F969F381FADB461B9FF030466C7D29A5","MG3148806F969F381FADB461B9FF030466C7D29A5"
"44","MG-3148806-E002DCA20FDB467EB5A2C6E903B7A4F5","AT","MG","3148806","E002DCA20FDB467EB5A2C6E903B7A4F5","MG3148806E002DCA20FDB467EB5A2C6E903B7A4F5"
"45","MG-3148806-2D107BEBEC2147A9B4A433D31890E043","AT","MG","3148806","2D107BEBEC2147A9B4A433D31890E043","MG31488062D107BEBEC2147A9B4A433D31890E043"
"46","MG-3148806-0C7D8130D9F64C57AE105F2C3BC4C445","AT","MG","3148806","0C7D8130D9F64C57AE105F2C3BC4C445","MG31488060C7D8130D9F64C57AE105F2C3BC4C445"
"47","MG-3148806-1D408D569B684AA29F1283A5083C5BF4","AT","MG","3148806","1D408D569B684AA29F1283A5083C5BF4","MG31488061D408D569B684AA29F1283A5083C5BF4"
"48","MG-3148806-D01325E3D2D9435CB5FF152FBEF620E1","AT","MG","3148806","D01325E3D2D9435CB5FF152FBEF620E1","MG3148806D01325E3D2D9435CB5FF152FBEF620E1"
"49","MG-3148806-68D8C34BC5044B45A87A6ED5BAD5429B","AT","MG","3148806","68D8C34BC5044B45A87A6ED5BAD5429B","MG314880668D8C34BC5044B45A87A6ED5BAD5429B"
"50","MG-3148806-1F7DACD5185B4E4B9DB0EF0437680B0B","AT","MG","3148806","1F7DACD5185B4E4B9DB0EF0437680B0B","MG31488061F7DACD5185B4E4B9DB0EF0437680B0B"
"51","MG-3148806-FEF42DCB777942E8A8EE771ADCC19647","AT","MG","3148806","FEF42DCB777942E8A8EE771ADCC19647","MG3148806FEF42DCB777942E8A8EE771ADCC19647"
"52","MG-3148806-3FFA8FF9C3F2473AB0ED7461A9CD2B11","AT","MG","3148806","3FFA8FF9C3F2473AB0ED7461A9CD2B11","MG31488063FFA8FF9C3F2473AB0ED7461A9CD2B11"
"53","MG-3148806-3E5926E368E442FAA5064E800EBC57BC","AT","MG","3148806","3E5926E368E442FAA5064E800EBC57BC","MG31488063E5926E368E442FAA5064E800EBC57BC"
"54","MG-3148806-E292567FC2BE4E0799D07D1DF528E7EC","AT","MG","3148806","E292567FC2BE4E0799D07D1DF528E7EC","MG3148806E292567FC2BE4E0799D07D1DF528E7EC"
"55","MG-3148806-3352D4C7AF3745258C4A4E0AE33A124E","AT","MG","3148806","3352D4C7AF3745258C4A4E0AE33A124E","MG31488063352D4C7AF3745258C4A4E0AE33A124E"
"56","MG-3148806-7B5EAE07CF4A4D4983F749F14C8273CC","AT","MG","3148806","7B5EAE07CF4A4D4983F749F14C8273CC","MG31488067B5EAE07CF4A4D4983F749F14C8273CC"
"57","MG-3148806-0EE2C0DFA6A14809AD5FB03F29864790","AT","MG","3148806","0EE2C0DFA6A14809AD5FB03F29864790","MG31488060EE2C0DFA6A14809AD5FB03F29864790"
"58","MG-3148806-2975675E871740EDA0CDFD41232C4D67","AT","MG","3148806","2975675E871740EDA0CDFD41232C4D67","MG31488062975675E871740EDA0CDFD41232C4D67"
"59","MG-3148806-826821F621664760B648E4373D237B14","AT","MG","3148806","826821F621664760B648E4373D237B14","MG3148806826821F621664760B648E4373D237B14"
"60","MG-3148806-345785EC73A34447A8D8B9E8F6AB7E8B","AT","MG","3148806","345785EC73A34447A8D8B9E8F6AB7E8B","MG3148806345785EC73A34447A8D8B9E8F6AB7E8B"
"61","MG-3148806-A70126AB740D47A3BAF26CD80CB315D0","AT","MG","3148806","A70126AB740D47A3BAF26CD80CB315D0","MG3148806A70126AB740D47A3BAF26CD80CB315D0"
"62","MG-3148806-F45C117C295D4D5281ED842F5C1D7B76","AT","MG","3148806","F45C117C295D4D5281ED842F5C1D7B76","MG3148806F45C117C295D4D5281ED842F5C1D7B76"
"63","MG-3148806-70C6B95B51624E77A9872B68E568C169","AT","MG","3148806","70C6B95B51624E77A9872B68E568C169","MG314880670C6B95B51624E77A9872B68E568C169"
"64","MG-3148806-34491676884D4F048DDA65DBD8B884F2","AT","MG","3148806","34491676884D4F048DDA65DBD8B884F2","MG314880634491676884D4F048DDA65DBD8B884F2"
"65","MG-3148806-6E21A21FB9F8435DA5D50E7DC6DD9231","AT","MG","3148806","6E21A21FB9F8435DA5D50E7DC6DD9231","MG31488066E21A21FB9F8435DA5D50E7DC6DD9231"
"66","MG-3148806-D40A20A777FF4A688632DA9696FAD454","AT","MG","3148806","D40A20A777FF4A688632DA9696FAD454","MG3148806D40A20A777FF4A688632DA9696FAD454"
"67","MG-3148806-07A68938EE0F4051A4AC2D54556BBACF","AT","MG","3148806","07A68938EE0F4051A4AC2D54556BBACF","MG314880607A68938EE0F4051A4AC2D54556BBACF"
"68","MG-3148806-D92141C2E7B14B86B40DD9AB85F67BE7","AT","MG","3148806","D92141C2E7B14B86B40DD9AB85F67BE7","MG3148806D92141C2E7B14B86B40DD9AB85F67BE7"
"69","MG-3148806-442D1239409A4802B2A602753629A50A","AT","MG","3148806","442D1239409A4802B2A602753629A50A","MG3148806442D1239409A4802B2A602753629A50A"
"70","MG-3148806-AD9686FAFD114CDEBFF62642197C9537","AT","MG","3148806","AD9686FAFD114CDEBFF62642197C9537","MG3148806AD9686FAFD114CDEBFF62642197C9537"
"71","MG-3148806-2145C0290A694845B8A9D2BCD1EE97F0","AT","MG","3148806","2145C0290A694845B8A9D2BCD1EE97F0","MG31488062145C0290A694845B8A9D2BCD1EE97F0"
"72","MG-3148806-366AF2AAE60B4CF3BB5DA1B41B044131","AT","MG","3148806","366AF2AAE60B4CF3BB5DA1B41B044131","MG3148806366AF2AAE60B4CF3BB5DA1B41B044131"
"73","MG-3148806-EE7D7B981B9F444D8F31062321949855","AT","MG","3148806","EE7D7B981B9F444D8F31062321949855","MG3148806EE7D7B981B9F444D8F31062321949855"
"74","MG-3148806-9C3B92844C10473D84D9DA8079C2758A","AT","MG","3148806","9C3B92844C10473D84D9DA8079C2758A","MG31488069C3B92844C10473D84D9DA8079C2758A"
"75","MG-3148806-D7CBAEE2D063433899A05641A78DFAD4","AT","MG","3148806","D7CBAEE2D063433899A05641A78DFAD4","MG3148806D7CBAEE2D063433899A05641A78DFAD4"
"76","MG-3148806-00E98FB743DD412CAC52B6453418ABEF","AT","MG","3148806","00E98FB743DD412CAC52B6453418ABEF","MG314880600E98FB743DD412CAC52B6453418ABEF"
"77","MG-3148806-BAEC37FC2DA74C49A60C1A5E94D5FB4D","AT","MG","3148806","BAEC37FC2DA74C49A60C1A5E94D5FB4D","MG3148806BAEC37FC2DA74C49A60C1A5E94D5FB4D"
"78","MG-3148806-6C24C259C5A947F18A13B0D56CC5BD31","AT","MG","3148806","6C24C259C5A947F18A13B0D56CC5BD31","MG31488066C24C259C5A947F18A13B0D56CC5BD31"
"79","MG-3148806-5B272EAED5AD4A15A761ED6DF67D3BB5","AT","MG","3148806","5B272EAED5AD4A15A761ED6DF67D3BB5","MG31488065B272EAED5AD4A15A761ED6DF67D3BB5"
"80","MG-3148806-02D7ABBAEDF64C038224575790F066C5","AT","MG","3148806","02D7ABBAEDF64C038224575790F066C5","MG314880602D7ABBAEDF64C038224575790F066C5"
"81","MG-3148806-FB8B43D1FE794A6D995AB6552773B92B","AT","MG","3148806","FB8B43D1FE794A6D995AB6552773B92B","MG3148806FB8B43D1FE794A6D995AB6552773B92B"
"82","MG-3148806-01CA97AE270948F0B43103AAD7525CCC","AT","MG","3148806","01CA97AE270948F0B43103AAD7525CCC","MG314880601CA97AE270948F0B43103AAD7525CCC"
"83","MG-3148806-1072F9C98F914D4AA8746545CB00C95A","AT","MG","3148806","1072F9C98F914D4AA8746545CB00C95A","MG31488061072F9C98F914D4AA8746545CB00C95A"
"84","MG-3148806-C07E8476B6CA48AF9DAC2F64262387C5","AT","MG","3148806","C07E8476B6CA48AF9DAC2F64262387C5","MG3148806C07E8476B6CA48AF9DAC2F64262387C5"
"85","MG-3148806-3DB9D01244E449E1B789FD14D6EB7223","AT","MG","3148806","3DB9D01244E449E1B789FD14D6EB7223","MG31488063DB9D01244E449E1B789FD14D6EB7223"
"86","MG-3148806-1A6373F708684E9B9BD6E59BFFC1877F","AT","MG","3148806","1A6373F708684E9B9BD6E59BFFC1877F","MG31488061A6373F708684E9B9BD6E59BFFC1877F"
"87","MG-3148806-4F4EAEF5B60C4E478C382B4952C87375","AT","MG","3148806","4F4EAEF5B60C4E478C382B4952C87375","MG31488064F4EAEF5B60C4E478C382B4952C87375"
"88","MG-3148806-11601BD46F6D4FC58C29AF3C930FAB4D","AT","MG","3148806","11601BD46F6D4FC58C29AF3C930FAB4D","MG314880611601BD46F6D4FC58C29AF3C930FAB4D"
"89","MG-3148806-DAB4490B88DE4BBA903B2E782EF081B5","AT","MG","3148806","DAB4490B88DE4BBA903B2E782EF081B5","MG3148806DAB4490B88DE4BBA903B2E782EF081B5"
"90","MG-3148806-67ADE849FCA342CA830636142E0A9D08","AT","MG","3148806","67ADE849FCA342CA830636142E0A9D08","MG314880667ADE849FCA342CA830636142E0A9D08"
"91","MG-3148806-02A545C03F164EE6B49F0D616393EDB6","AT","MG","3148806","02A545C03F164EE6B49F0D616393EDB6","MG314880602A545C03F164EE6B49F0D616393EDB6"
"92","MG-3148806-25580204899A4A2DA8282602788E1935","AT","MG","3148806","25580204899A4A2DA8282602788E1935","MG314880625580204899A4A2DA8282602788E1935"
"93","MG-3148806-33A792DC5BD0494D976076300D95085B","AT","MG","3148806","33A792DC5BD0494D976076300D95085B","MG314880633A792DC5BD0494D976076300D95085B"
"94","MG-3148806-FDB4DE5AEE114CD78DA2C056163E9B43","AT","MG","3148806","FDB4DE5AEE114CD78DA2C056163E9B43","MG3148806FDB4DE5AEE114CD78DA2C056163E9B43"
"95","MG-3148806-F05AEF7DF1E949F8B3A6569D494A9B66","AT","MG","3148806","F05AEF7DF1E949F8B3A6569D494A9B66","MG3148806F05AEF7DF1E949F8B3A6569D494A9B66"
"96","MG-3148806-CD866F8D5F4B48339E2A206E2B7DC725","AT","MG","3148806","CD866F8D5F4B48339E2A206E2B7DC725","MG3148806CD866F8D5F4B48339E2A206E2B7DC725"
"97","MG-3148806-E19BD2EB39A847AAAE260D39649AA5FC","AT","MG","3148806","E19BD2EB39A847AAAE260D39649AA5FC","MG3148806E19BD2EB39A847AAAE260D39649AA5FC"
"98","MG-3148806-4E25799B6C174B0EAFCCE03A69A79B96","AT","MG","3148806","4E25799B6C174B0EAFCCE03A69A79B96","MG31488064E25799B6C174B0EAFCCE03A69A79B96"
"99","MG-3148806-B083AD0987FF4D1F90413F43A54F1276","AT","MG","3148806","B083AD0987FF4D1F90413F43A54F1276","MG3148806B083AD0987FF4D1F90413F43A54F1276"
"100","MG-3148806-D2FB72459467419DA10E95545B70AEB5","AT","MG","3148806","D2FB72459467419DA10E95545B70AEB5","MG3148806D2FB72459467419DA10E95545B70AEB5"
"101","MG-3148806-42CE90C7B7854C7A8DCDAA4B78B700C9","AT","MG","3148806","42CE90C7B7854C7A8DCDAA4B78B700C9","MG314880642CE90C7B7854C7A8DCDAA4B78B700C9"
"102","MG-3148806-3C827510DB744C639D3A1FCEF202AA36","AT","MG","3148806","3C827510DB744C639D3A1FCEF202AA36","MG31488063C827510DB744C639D3A1FCEF202AA36"
"103","MG-3148806-E77E9C07F6F140DAAFD534DB829AF2A4","AT","MG","3148806","E77E9C07F6F140DAAFD534DB829AF2A4","MG3148806E77E9C07F6F140DAAFD534DB829AF2A4"
"104","MG-3148806-F7DAF29BA0B6470A8C569BD5807559C9","AT","MG","3148806","F7DAF29BA0B6470A8C569BD5807559C9","MG3148806F7DAF29BA0B6470A8C569BD5807559C9"
"105","MG-3148806-6BB903F4BAB94868A8E0C5441B410737","AT","MG","3148806","6BB903F4BAB94868A8E0C5441B410737","MG31488066BB903F4BAB94868A8E0C5441B410737"
"106","MG-3148806-FAAC4D1B64494E0AAE528F22F1316EA1","AT","MG","3148806","FAAC4D1B64494E0AAE528F22F1316EA1","MG3148806FAAC4D1B64494E0AAE528F22F1316EA1"
"107","MG-3148806-BC93FAD6AA4B4853A5BB5DA9E2FF8015","AT","MG","3148806","BC93FAD6AA4B4853A5BB5DA9E2FF8015","MG3148806BC93FAD6AA4B4853A5BB5DA9E2FF8015"
"108","MG-3148806-50442C78BC9A4E32AB1CCADCCB2DF617","AT","MG","3148806","50442C78BC9A4E32AB1CCADCCB2DF617","MG314880650442C78BC9A4E32AB1CCADCCB2DF617"
"109","MG-3148806-03D3CD6CBF9345B1A0A5CADB90E84B8D","AT","MG","3148806","03D3CD6CBF9345B1A0A5CADB90E84B8D","MG314880603D3CD6CBF9345B1A0A5CADB90E84B8D"
"110","MG-3148806-4611AA9820D7459F83C60EE33287C05D","AT","MG","3148806","4611AA9820D7459F83C60EE33287C05D","MG31488064611AA9820D7459F83C60EE33287C05D"
"111","MG-3148806-B896E1B8FC31463C8B4C48E485DA91BF","AT","MG","3148806","B896E1B8FC31463C8B4C48E485DA91BF","MG3148806B896E1B8FC31463C8B4C48E485DA91BF"
"112","MG-3148806-A8E2964FF3AF414189748220225FF81C","AT","MG","3148806","A8E2964FF3AF414189748220225FF81C","MG3148806A8E2964FF3AF414189748220225FF81C"
"113","MG-3148806-A6136A63CC1249B0BE894DC6CFAC13D3","AT","MG","3148806","A6136A63CC1249B0BE894DC6CFAC13D3","MG3148806A6136A63CC1249B0BE894DC6CFAC13D3"
"114","MG-3148806-B0CB03601B3D44A2BD6FEC8934101518","AT","MG","3148806","B0CB03601B3D44A2BD6FEC8934101518","MG3148806B0CB03601B3D44A2BD6FEC8934101518"
"115","MG-3148806-89F80C8283494F74966973294203D41B","AT","MG","3148806","89F80C8283494F74966973294203D41B","MG314880689F80C8283494F74966973294203D41B"
"116","MG-3148806-EE8DCBBE31E0432EB24704E0D82E3666","AT","MG","3148806","EE8DCBBE31E0432EB24704E0D82E3666","MG3148806EE8DCBBE31E0432EB24704E0D82E3666"
"117","MG-3148806-AB051B998A1E43B9B7501F8D855DF20D","AT","MG","3148806","AB051B998A1E43B9B7501F8D855DF20D","MG3148806AB051B998A1E43B9B7501F8D855DF20D"
"118","MG-3148806-8CC45A68F53846528E05CCC5B4BA39F4","AT","MG","3148806","8CC45A68F53846528E05CCC5B4BA39F4","MG31488068CC45A68F53846528E05CCC5B4BA39F4"
"119","MG-3148806-5131FA00EEB84BB286921B0C52EDE9D8","AT","MG","3148806","5131FA00EEB84BB286921B0C52EDE9D8","MG31488065131FA00EEB84BB286921B0C52EDE9D8"
"120","MG-3148806-07D1E3D9C5704CD095F84380760A5D12","AT","MG","3148806","07D1E3D9C5704CD095F84380760A5D12","MG314880607D1E3D9C5704CD095F84380760A5D12"
"121","MG-3148806-B0BF0270D27341D0847535B2D9EE0681","AT","MG","3148806","B0BF0270D27341D0847535B2D9EE0681","MG3148806B0BF0270D27341D0847535B2D9EE0681"
"122","MG-3148806-F18FACF6954645358C28EB2B666BF0A2","AT","MG","3148806","F18FACF6954645358C28EB2B666BF0A2","MG3148806F18FACF6954645358C28EB2B666BF0A2"
"123","MG-3148806-851CF145270848559DBE357DBAB5F11C","AT","MG","3148806","851CF145270848559DBE357DBAB5F11C","MG3148806851CF145270848559DBE357DBAB5F11C"
"124","MG-3148806-C54EC51281AE4B958DDD29AC7A353D2D","AT","MG","3148806","C54EC51281AE4B958DDD29AC7A353D2D","MG3148806C54EC51281AE4B958DDD29AC7A353D2D"
"125","MG-3148806-B62E2D6D2CA04C07BD7D6AC600D51F9B","AT","MG","3148806","B62E2D6D2CA04C07BD7D6AC600D51F9B","MG3148806B62E2D6D2CA04C07BD7D6AC600D51F9B"
"126","MG-3148806-99F8419A89D243D6889A8565478F0E82","AT","MG","3148806","99F8419A89D243D6889A8565478F0E82","MG314880699F8419A89D243D6889A8565478F0E82"
"127","MG-3148806-416ECE443A26480A98325BE54DE3A32D","AT","MG","3148806","416ECE443A26480A98325BE54DE3A32D","MG3148806416ECE443A26480A98325BE54DE3A32D"
"128","MG-3148806-A74DB970291744A59B3176DAB4A8275E","AT","MG","3148806","A74DB970291744A59B3176DAB4A8275E","MG3148806A74DB970291744A59B3176DAB4A8275E"
"129","MG-3148806-A1612F26C2E24BBCBFB4461D15A6B73C","AT","MG","3148806","A1612F26C2E24BBCBFB4461D15A6B73C","MG3148806A1612F26C2E24BBCBFB4461D15A6B73C"
"130","MG-3148806-B88DAA45FE1B4977B07C352BE0CE0255","AT","MG","3148806","B88DAA45FE1B4977B07C352BE0CE0255","MG3148806B88DAA45FE1B4977B07C352BE0CE0255"
"131","MG-3148806-D404A293801744A8A3D47C10F96EDE4C","AT","MG","3148806","D404A293801744A8A3D47C10F96EDE4C","MG3148806D404A293801744A8A3D47C10F96EDE4C"
"132","MG-3148806-91D05C4466744E0C970A3EA99B7F7090","AT","MG","3148806","91D05C4466744E0C970A3EA99B7F7090","MG314880691D05C4466744E0C970A3EA99B7F7090"
"133","MG-3148806-5F94876009BE4D03B75A3E0A6EFE5561","AT","MG","3148806","5F94876009BE4D03B75A3E0A6EFE5561","MG31488065F94876009BE4D03B75A3E0A6EFE5561"
"134","MG-3148806-01A9D2D5B0044C6AA54C39589135C3C6","AT","MG","3148806","01A9D2D5B0044C6AA54C39589135C3C6","MG314880601A9D2D5B0044C6AA54C39589135C3C6"
"135","MG-3148806-AD96D47698EB49D7A9D31BB7EDD91B02","AT","MG","3148806","AD96D47698EB49D7A9D31BB7EDD91B02","MG3148806AD96D47698EB49D7A9D31BB7EDD91B02"
"136","MG-3148806-42355C5A722E4D818588BB4F5455A367","AT","MG","3148806","42355C5A722E4D818588BB4F5455A367","MG314880642355C5A722E4D818588BB4F5455A367"
"137","MG-3148806-3CBDC55C861444F18985D39D54A22ED4","AT","MG","3148806","3CBDC55C861444F18985D39D54A22ED4","MG31488063CBDC55C861444F18985D39D54A22ED4"
"138","MG-3148806-1E103A2CE4554002BAD0849DB0E91875","AT","MG","3148806","1E103A2CE4554002BAD0849DB0E91875","MG31488061E103A2CE4554002BAD0849DB0E91875"
"139","MG-3148806-F69F81534F3D4FB8988886DFA56EF96C","AT","MG","3148806","F69F81534F3D4FB8988886DFA56EF96C","MG3148806F69F81534F3D4FB8988886DFA56EF96C"
"140","MG-3148806-FEAE53BE744B42948868D926790E26E2","AT","MG","3148806","FEAE53BE744B42948868D926790E26E2","MG3148806FEAE53BE744B42948868D926790E26E2"
"141","MG-3148806-F3F492B2703F4EB8A155E3C1D3347D82","AT","MG","3148806","F3F492B2703F4EB8A155E3C1D3347D82","MG3148806F3F492B2703F4EB8A155E3C1D3347D82"
"142","MG-3148806-FFABA5FCD71240579A3BE39D0949892B","AT","MG","3148806","FFABA5FCD71240579A3BE39D0949892B","MG3148806FFABA5FCD71240579A3BE39D0949892B"
"143","MG-3148806-E80B2126EFDC4064BC5A4574E9F33784","AT","MG","3148806","E80B2126EFDC4064BC5A4574E9F33784","MG3148806E80B2126EFDC4064BC5A4574E9F33784"
"144","MG-3148806-84281FC5D0AF400E9877D2D0C7404C1B","AT","MG","3148806","84281FC5D0AF400E9877D2D0C7404C1B","MG314880684281FC5D0AF400E9877D2D0C7404C1B"
"145","MG-3148806-EB09581C2CB84E15AB80242EC34EB468","AT","MG","3148806","EB09581C2CB84E15AB80242EC34EB468","MG3148806EB09581C2CB84E15AB80242EC34EB468"
"146","MG-3148806-3D3CA25AA2394B13A904359C6B052942","AT","MG","3148806","3D3CA25AA2394B13A904359C6B052942","MG31488063D3CA25AA2394B13A904359C6B052942"
"147","MG-3148806-58F94A6E85AB4A07BB2C8F31C462C370","AT","MG","3148806","58F94A6E85AB4A07BB2C8F31C462C370","MG314880658F94A6E85AB4A07BB2C8F31C462C370"
"148","MG-3148806-990D0C82567643448E74BA9E11A33E7A","AT","MG","3148806","990D0C82567643448E74BA9E11A33E7A","MG3148806990D0C82567643448E74BA9E11A33E7A"
"149","MG-3148806-820F77F59DA048DDB8AA47F3BBF6CA56","AT","MG","3148806","820F77F59DA048DDB8AA47F3BBF6CA56","MG3148806820F77F59DA048DDB8AA47F3BBF6CA56"
"150","MG-3148806-E43439FB2B6142648B877CD676B52550","AT","MG","3148806","E43439FB2B6142648B877CD676B52550","MG3148806E43439FB2B6142648B877CD676B52550"
"151","MG-3148806-FFCE2C1222284DA5B3B39BE453990E87","AT","MG","3148806","FFCE2C1222284DA5B3B39BE453990E87","MG3148806FFCE2C1222284DA5B3B39BE453990E87"
"152","MG-3148806-87F88031D93442FB98903E6E13CEEBA5","AT","MG","3148806","87F88031D93442FB98903E6E13CEEBA5","MG314880687F88031D93442FB98903E6E13CEEBA5"
"153","MG-3148806-7AB836F3B54B42CC8A31F1089E0CFD92","AT","MG","3148806","7AB836F3B54B42CC8A31F1089E0CFD92","MG31488067AB836F3B54B42CC8A31F1089E0CFD92"
"154","MG-3148806-B93E1695C6C64303AA50E121A2F4A82C","AT","MG","3148806","B93E1695C6C64303AA50E121A2F4A82C","MG3148806B93E1695C6C64303AA50E121A2F4A82C"
"155","MG-3148806-99C8A3FD191241CEBED0319CC4450542","AT","MG","3148806","99C8A3FD191241CEBED0319CC4450542","MG314880699C8A3FD191241CEBED0319CC4450542"
"156","MG-3148806-95300E1AC3D2488A8260C64BFF225890","AT","MG","3148806","95300E1AC3D2488A8260C64BFF225890","MG314880695300E1AC3D2488A8260C64BFF225890"
"157","MG-3148806-CF8812D41B8C4F80B77BD704B4AF2053","AT","MG","3148806","CF8812D41B8C4F80B77BD704B4AF2053","MG3148806CF8812D41B8C4F80B77BD704B4AF2053"
"158","MG-3148806-F4648DF0F5904F62B08DB6B5640D5704","AT","MG","3148806","F4648DF0F5904F62B08DB6B5640D5704","MG3148806F4648DF0F5904F62B08DB6B5640D5704"
"159","MG-3148806-E810105A254E40B696D8A8DB0F624FF7","AT","MG","3148806","E810105A254E40B696D8A8DB0F624FF7","MG3148806E810105A254E40B696D8A8DB0F624FF7"
"160","MG-3148806-728A59F6F0FB4C7DB9FB2502CF083492","AT","MG","3148806","728A59F6F0FB4C7DB9FB2502CF083492","MG3148806728A59F6F0FB4C7DB9FB2502CF083492"
"161","MG-3148806-4DA5A401738C4551BBC964BAE82EDAD7","AT","MG","3148806","4DA5A401738C4551BBC964BAE82EDAD7","MG31488064DA5A401738C4551BBC964BAE82EDAD7"
"162","MG-3148806-E6F6C5DB9B194DAAA36441FE1A0ABEE1","AT","MG","3148806","E6F6C5DB9B194DAAA36441FE1A0ABEE1","MG3148806E6F6C5DB9B194DAAA36441FE1A0ABEE1"
"163","MG-3148806-7273F28DA54D4ECFB8EF4D49DE45ACD2","AT","MG","3148806","7273F28DA54D4ECFB8EF4D49DE45ACD2","MG31488067273F28DA54D4ECFB8EF4D49DE45ACD2"
"164","MG-3148806-5F5D8AB19E074192ACD84DF3AA1E24E0","AT","MG","3148806","5F5D8AB19E074192ACD84DF3AA1E24E0","MG31488065F5D8AB19E074192ACD84DF3AA1E24E0"
"165","MG-3148806-C2489F0A723C4C948FD2994B959C048E","AT","MG","3148806","C2489F0A723C4C948FD2994B959C048E","MG3148806C2489F0A723C4C948FD2994B959C048E"
"166","MG-3148806-7AD051837A354CA593DB0CBAAB1C4CCC","AT","MG","3148806","7AD051837A354CA593DB0CBAAB1C4CCC","MG31488067AD051837A354CA593DB0CBAAB1C4CCC"
"167","MG-3148806-8CE907ED319F462B935CCB454B25ADFA","AT","MG","3148806","8CE907ED319F462B935CCB454B25ADFA","MG31488068CE907ED319F462B935CCB454B25ADFA"
"168","MG-3148806-ACE030C0800440A588364F167AEEB78C","AT","MG","3148806","ACE030C0800440A588364F167AEEB78C","MG3148806ACE030C0800440A588364F167AEEB78C"
"169","MG-3148806-A099BCC3D5774414AFA9448ACB21AAC4","AT","MG","3148806","A099BCC3D5774414AFA9448ACB21AAC4","MG3148806A099BCC3D5774414AFA9448ACB21AAC4"
"170","MG-3148806-1B893A5EFEF949D7A20BC8231A941686","AT","MG","3148806","1B893A5EFEF949D7A20BC8231A941686","MG31488061B893A5EFEF949D7A20BC8231A941686"
"171","MG-3148806-1920B434060343F6B6E85100FF9A487B","AT","MG","3148806","1920B434060343F6B6E85100FF9A487B","MG31488061920B434060343F6B6E85100FF9A487B"
"172","MG-3148806-DBCA724EFC304BDF9B36C9D577B06A97","AT","MG","3148806","DBCA724EFC304BDF9B36C9D577B06A97","MG3148806DBCA724EFC304BDF9B36C9D577B06A97"
"173","MG-3148806-53126E2B67E14387B57EC0AA78DBB493","AT","MG","3148806","53126E2B67E14387B57EC0AA78DBB493","MG314880653126E2B67E14387B57EC0AA78DBB493"
"174","MG-3148806-FD7D634EEFDD41CD8824B9FA75D9CCC6","AT","MG","3148806","FD7D634EEFDD41CD8824B9FA75D9CCC6","MG3148806FD7D634EEFDD41CD8824B9FA75D9CCC6"
"175","MG-3148806-BC6EE3AE661042D7AA03B89AF651142F","AT","MG","3148806","BC6EE3AE661042D7AA03B89AF651142F","MG3148806BC6EE3AE661042D7AA03B89AF651142F"
"176","MG-3148806-E63F5F29DF3B404BB8114ED8B619060A","AT","MG","3148806","E63F5F29DF3B404BB8114ED8B619060A","MG3148806E63F5F29DF3B404BB8114ED8B619060A"
"177","MG-3148806-E300F2B0949A4388B1D16D193D69F31C","AT","MG","3148806","E300F2B0949A4388B1D16D193D69F31C","MG3148806E300F2B0949A4388B1D16D193D69F31C"
"178","MG-3148806-E05A40EC13704ABA93D70C40797DD0EB","AT","MG","3148806","E05A40EC13704ABA93D70C40797DD0EB","MG3148806E05A40EC13704ABA93D70C40797DD0EB"
"179","MG-3148806-8B60936CEAA4486A8536B5B3EE7FFF49","AT","MG","3148806","8B60936CEAA4486A8536B5B3EE7FFF49","MG31488068B60936CEAA4486A8536B5B3EE7FFF49"
"180","MG-3148806-7F9A8911D3E94ED5BCA3292393C99E23","AT","MG","3148806","7F9A8911D3E94ED5BCA3292393C99E23","MG31488067F9A8911D3E94ED5BCA3292393C99E23"
"181","MG-3148806-ABBB06D248264CC29B4CA7B98A8AEF86","AT","MG","3148806","ABBB06D248264CC29B4CA7B98A8AEF86","MG3148806ABBB06D248264CC29B4CA7B98A8AEF86"
"182","MG-3148806-64804DF235614124B6E67F9028F88419","AT","MG","3148806","64804DF235614124B6E67F9028F88419","MG314880664804DF235614124B6E67F9028F88419"
"183","MG-3148806-4AA1EFA52289437F9B01D4A93686E30F","AT","MG","3148806","4AA1EFA52289437F9B01D4A93686E30F","MG31488064AA1EFA52289437F9B01D4A93686E30F"
"184","MG-3148806-2D640DB07B084DA1BC31F6F88CE39775","AT","MG","3148806","2D640DB07B084DA1BC31F6F88CE39775","MG31488062D640DB07B084DA1BC31F6F88CE39775"
"185","MG-3148806-8E40EF5D05344877ADB30E76880A73D6","AT","MG","3148806","8E40EF5D05344877ADB30E76880A73D6","MG31488068E40EF5D05344877ADB30E76880A73D6"
"186","MG-3148806-4FDEF45272D8439A973D0252DA4B28B8","AT","MG","3148806","4FDEF45272D8439A973D0252DA4B28B8","MG31488064FDEF45272D8439A973D0252DA4B28B8"
"187","MG-3148806-C7068032FBBF4B6D8CA281552D127CAC","AT","MG","3148806","C7068032FBBF4B6D8CA281552D127CAC","MG3148806C7068032FBBF4B6D8CA281552D127CAC"
"188","MG-3148806-225C6D7DD69B4AA19C32D5AAC004C76F","AT","MG","3148806","225C6D7DD69B4AA19C32D5AAC004C76F","MG3148806225C6D7DD69B4AA19C32D5AAC004C76F"
"189","MG-3148806-2DCDDD4AEF174F1B93D6F1C82076E331","AT","MG","3148806","2DCDDD4AEF174F1B93D6F1C82076E331","MG31488062DCDDD4AEF174F1B93D6F1C82076E331"
"190","MG-3148806-698FC34CAA554BFF8D7CD737663BD6FF","AT","MG","3148806","698FC34CAA554BFF8D7CD737663BD6FF","MG3148806698FC34CAA554BFF8D7CD737663BD6FF"
"191","MG-3148806-137B8EC928EF47AE84627132381DBF11","AT","MG","3148806","137B8EC928EF47AE84627132381DBF11","MG3148806137B8EC928EF47AE84627132381DBF11"
"192","MG-3148806-A23655C6F1F34837AC4392A97CC84436","AT","MG","3148806","A23655C6F1F34837AC4392A97CC84436","MG3148806A23655C6F1F34837AC4392A97CC84436"
"193","MG-3148806-085FCAE9BF8E4B83B4836C54436081A4","AT","MG","3148806","085FCAE9BF8E4B83B4836C54436081A4","MG3148806085FCAE9BF8E4B83B4836C54436081A4"
"194","MG-3148806-655F48DFDE66487782FBA854A9F3AA70","AT","MG","3148806","655F48DFDE66487782FBA854A9F3AA70","MG3148806655F48DFDE66487782FBA854A9F3AA70"
"195","MG-3148806-EDB86F5F0ADC49A79969C14AEA48F1CB","AT","MG","3148806","EDB86F5F0ADC49A79969C14AEA48F1CB","MG3148806EDB86F5F0ADC49A79969C14AEA48F1CB"
"196","MG-3148806-6E8435F7F9B04F5C81AC534EDDD84028","AT","MG","3148806","6E8435F7F9B04F5C81AC534EDDD84028","MG31488066E8435F7F9B04F5C81AC534EDDD84028"
"197","MG-3148806-22D05696049A46E387F33F47054D1F07","AT","MG","3148806","22D05696049A46E387F33F47054D1F07","MG314880622D05696049A46E387F33F47054D1F07"
"198","MG-3148806-21CBC487C6F64E5C87FBF43AA1C6D870","AT","MG","3148806","21CBC487C6F64E5C87FBF43AA1C6D870","MG314880621CBC487C6F64E5C87FBF43AA1C6D870"
"199","MG-3148806-C14B4DF5728947949C9606A69B8649EB","AT","MG","3148806","C14B4DF5728947949C9606A69B8649EB","MG3148806C14B4DF5728947949C9606A69B8649EB"
"200","MG-3148806-5982A8A69FE94672B855EDD68014B9F9","AT","MG","3148806","5982A8A69FE94672B855EDD68014B9F9","MG31488065982A8A69FE94672B855EDD68014B9F9"
"201","MG-3148806-B57D033443E24FE782881AF899164D75","AT","MG","3148806","B57D033443E24FE782881AF899164D75","MG3148806B57D033443E24FE782881AF899164D75"
"202","MG-3148806-E2D99FB3D14F4C5FB49C995CA72DB7AF","AT","MG","3148806","E2D99FB3D14F4C5FB49C995CA72DB7AF","MG3148806E2D99FB3D14F4C5FB49C995CA72DB7AF"
"203","MG-3148806-2DC2E69FCEE9457A9265F08B4BF8A85A","AT","MG","3148806","2DC2E69FCEE9457A9265F08B4BF8A85A","MG31488062DC2E69FCEE9457A9265F08B4BF8A85A"
"204","MG-3148806-6E0A61E8E3374A41B571FD0A617E3091","AT","MG","3148806","6E0A61E8E3374A41B571FD0A617E3091","MG31488066E0A61E8E3374A41B571FD0A617E3091"
"205","MG-3148806-DCE095E2A42140E294D69B690C558E20","AT","MG","3148806","DCE095E2A42140E294D69B690C558E20","MG3148806DCE095E2A42140E294D69B690C558E20"
"206","MG-3148806-0C7FA716F46D4A59BF4202B153D7682C","AT","MG","3148806","0C7FA716F46D4A59BF4202B153D7682C","MG31488060C7FA716F46D4A59BF4202B153D7682C"
"207","MG-3148806-41F28800A55343C49CCBD41BCDD55379","AT","MG","3148806","41F28800A55343C49CCBD41BCDD55379","MG314880641F28800A55343C49CCBD41BCDD55379"
"208","MG-3148806-4A45701F6E3B4AD4BA19B202583A7BE8","AT","MG","3148806","4A45701F6E3B4AD4BA19B202583A7BE8","MG31488064A45701F6E3B4AD4BA19B202583A7BE8"
"209","MG-3148806-39DA2B6CD1B5409C98A44A563DFE8AF2","AT","MG","3148806","39DA2B6CD1B5409C98A44A563DFE8AF2","MG314880639DA2B6CD1B5409C98A44A563DFE8AF2"
"210","MG-3148806-95D87130F15E42EF9A5B4CF15297AF95","AT","MG","3148806","95D87130F15E42EF9A5B4CF15297AF95","MG314880695D87130F15E42EF9A5B4CF15297AF95"
"211","MG-3148806-1BBC13B0A6A24C7AAD59D01B8591C961","AT","MG","3148806","1BBC13B0A6A24C7AAD59D01B8591C961","MG31488061BBC13B0A6A24C7AAD59D01B8591C961"
"212","MG-3148806-FB04D7C21CD54321B42E9677A9D5274F","AT","MG","3148806","FB04D7C21CD54321B42E9677A9D5274F","MG3148806FB04D7C21CD54321B42E9677A9D5274F"
"213","MG-3148806-A6355AC64BB246F78E3E3EFACE121DC8","AT","MG","3148806","A6355AC64BB246F78E3E3EFACE121DC8","MG3148806A6355AC64BB246F78E3E3EFACE121DC8"
"214","MG-3148806-68FE2EEFB77E41B79045FD765837ED37","AT","MG","3148806","68FE2EEFB77E41B79045FD765837ED37","MG314880668FE2EEFB77E41B79045FD765837ED37"
"215","MG-3148806-F62CC17C2EB4457A956B2CC51ABC4EBB","AT","MG","3148806","F62CC17C2EB4457A956B2CC51ABC4EBB","MG3148806F62CC17C2EB4457A956B2CC51ABC4EBB"
"216","MG-3148806-5CBB05F4B50F4DF58E69FBBF0437F0C5","AT","MG","3148806","5CBB05F4B50F4DF58E69FBBF0437F0C5","MG31488065CBB05F4B50F4DF58E69FBBF0437F0C5"
"217","MG-3148806-02DFBF4AC146441DBF0633936E3E58E4","AT","MG","3148806","02DFBF4AC146441DBF0633936E3E58E4","MG314880602DFBF4AC146441DBF0633936E3E58E4"
"218","MG-3148806-E0B3F3DE58134E4E95A646C8E041C7E0","AT","MG","3148806","E0B3F3DE58134E4E95A646C8E041C7E0","MG3148806E0B3F3DE58134E4E95A646C8E041C7E0"
"219","MG-3148806-79AA084FA7CE4D87B8FCE76E74DA2A3F","AT","MG","3148806","79AA084FA7CE4D87B8FCE76E74DA2A3F","MG314880679AA084FA7CE4D87B8FCE76E74DA2A3F"
"220","MG-3148806-E25A8745286446D38379F8AA43BDE82F","AT","MG","3148806","E25A8745286446D38379F8AA43BDE82F","MG3148806E25A8745286446D38379F8AA43BDE82F"
"221","MG-3148806-F21F9B44D6C94AACBF72F4845A033BF2","AT","MG","3148806","F21F9B44D6C94AACBF72F4845A033BF2","MG3148806F21F9B44D6C94AACBF72F4845A033BF2"
"222","MG-3148806-E23ABFC1366C41FB879F45E896F17BB1","AT","MG","3148806","E23ABFC1366C41FB879F45E896F17BB1","MG3148806E23ABFC1366C41FB879F45E896F17BB1"
"223","MG-3148806-27BBEBF6F2384722B398AECD320AA985","AT","MG","3148806","27BBEBF6F2384722B398AECD320AA985","MG314880627BBEBF6F2384722B398AECD320AA985"
"224","MG-3148806-46D634B46D02416E85B98FE6F0E40137","AT","MG","3148806","46D634B46D02416E85B98FE6F0E40137","MG314880646D634B46D02416E85B98FE6F0E40137"
"225","MG-3148806-4B8C3C0799E143E489FCA8346723AF1B","AT","MG","3148806","4B8C3C0799E143E489FCA8346723AF1B","MG31488064B8C3C0799E143E489FCA8346723AF1B"
"226","MG-3148806-05196000AC2140FF80872280600E0EF0","AT","MG","3148806","05196000AC2140FF80872280600E0EF0","MG314880605196000AC2140FF80872280600E0EF0"
"227","MG-3148806-5F37010EB3AE45FF88816BA81575D1AB","AT","MG","3148806","5F37010EB3AE45FF88816BA81575D1AB","MG31488065F37010EB3AE45FF88816BA81575D1AB"
"228","MG-3148806-BD2F72B608144C7C96E72344302E10B7","AT","MG","3148806","BD2F72B608144C7C96E72344302E10B7","MG3148806BD2F72B608144C7C96E72344302E10B7"
"229","MG-3148806-01D8A476D4C6493CA282B922B093A669","AT","MG","3148806","01D8A476D4C6493CA282B922B093A669","MG314880601D8A476D4C6493CA282B922B093A669"
"230","MG-3148806-AA9D585153DF4675867B80980109EB36","AT","MG","3148806","AA9D585153DF4675867B80980109EB36","MG3148806AA9D585153DF4675867B80980109EB36"
"231","MG-3148806-410F408B03BD4A86B7415B2AE05E61E1","AT","MG","3148806","410F408B03BD4A86B7415B2AE05E61E1","MG3148806410F408B03BD4A86B7415B2AE05E61E1"
"232","MG-3148806-94FCEC874F8B479D8329BCF3E738CA3C","AT","MG","3148806","94FCEC874F8B479D8329BCF3E738CA3C","MG314880694FCEC874F8B479D8329BCF3E738CA3C"
"233","MG-3148806-05A71FF85F654A1390566A649C6FF559","AT","MG","3148806","05A71FF85F654A1390566A649C6FF559","MG314880605A71FF85F654A1390566A649C6FF559"
"234","MG-3148806-988576B502AA476FA79C5B9D6010EDBE","AT","MG","3148806","988576B502AA476FA79C5B9D6010EDBE","MG3148806988576B502AA476FA79C5B9D6010EDBE"
"235","MG-3148806-A203D29B3CBD44CCAE4785529AF7EB5A","AT","MG","3148806","A203D29B3CBD44CCAE4785529AF7EB5A","MG3148806A203D29B3CBD44CCAE4785529AF7EB5A"
"236","MG-3148806-AD0E27B520A7413980217864337C1304","AT","MG","3148806","AD0E27B520A7413980217864337C1304","MG3148806AD0E27B520A7413980217864337C1304"
"237","MG-3148806-C29C2ED17612480A9375185421A428DB","AT","MG","3148806","C29C2ED17612480A9375185421A428DB","MG3148806C29C2ED17612480A9375185421A428DB"
"238","MG-3148806-2E56C36BF10843A68DDC55D58F53E85F","AT","MG","3148806","2E56C36BF10843A68DDC55D58F53E85F","MG31488062E56C36BF10843A68DDC55D58F53E85F"
"239","MG-3148806-6F197AB626F74D96ABF5F70BA8D152E8","AT","MG","3148806","6F197AB626F74D96ABF5F70BA8D152E8","MG31488066F197AB626F74D96ABF5F70BA8D152E8"
"240","MG-3148806-5B9F8E0C4CEC47CF9DCC126553605110","AT","MG","3148806","5B9F8E0C4CEC47CF9DCC126553605110","MG31488065B9F8E0C4CEC47CF9DCC126553605110"
"241","MG-3148806-553EADEB6A2A4E83B5C151DEB81E6D93","AT","MG","3148806","553EADEB6A2A4E83B5C151DEB81E6D93","MG3148806553EADEB6A2A4E83B5C151DEB81E6D93"
"242","MG-3148806-5C0D8E5E59C44BBB9D3190B315D4ECF4","AT","MG","3148806","5C0D8E5E59C44BBB9D3190B315D4ECF4","MG31488065C0D8E5E59C44BBB9D3190B315D4ECF4"
"243","MG-3148806-DADFC880636F4394A715526E1F9F89C2","AT","MG","3148806","DADFC880636F4394A715526E1F9F89C2","MG3148806DADFC880636F4394A715526E1F9F89C2"
"244","MG-3148806-C7C98057A3754692874685D58E4395DA","AT","MG","3148806","C7C98057A3754692874685D58E4395DA","MG3148806C7C98057A3754692874685D58E4395DA"
"245","MG-3148806-48B9C89CA0694758B573105ED464DF14","AT","MG","3148806","48B9C89CA0694758B573105ED464DF14","MG314880648B9C89CA0694758B573105ED464DF14"
"246","MG-3148806-9ED66E2A5BA14D598E7128364B1F84F2","AT","MG","3148806","9ED66E2A5BA14D598E7128364B1F84F2","MG31488069ED66E2A5BA14D598E7128364B1F84F2"
"247","MG-3148806-918C98B5C3724904A5264B4505945382","AT","MG","3148806","918C98B5C3724904A5264B4505945382","MG3148806918C98B5C3724904A5264B4505945382"
"248","MG-3148806-10AC0C5516C845B296007A9BE6F42063","AT","MG","3148806","10AC0C5516C845B296007A9BE6F42063","MG314880610AC0C5516C845B296007A9BE6F42063"
"249","MG-3148806-E7134B251F964A1EAAEB17B47E6022C2","AT","MG","3148806","E7134B251F964A1EAAEB17B47E6022C2","MG3148806E7134B251F964A1EAAEB17B47E6022C2"
"250","MG-3148806-675F002CE00D4C42B90AEC3D59CE72AB","AT","MG","3148806","675F002CE00D4C42B90AEC3D59CE72AB","MG3148806675F002CE00D4C42B90AEC3D59CE72AB"
"251","MG-3148806-83731A18988A4B72B395626B7B5FFBFD","AT","MG","3148806","83731A18988A4B72B395626B7B5FFBFD","MG314880683731A18988A4B72B395626B7B5FFBFD"
"252","MG-3148806-3BCCD10E3C814ADBBC96683715490428","AT","MG","3148806","3BCCD10E3C814ADBBC96683715490428","MG31488063BCCD10E3C814ADBBC96683715490428"
"253","MG-3148806-C9C0F0F7854F454794C4AD9D8EF5F3BC","AT","MG","3148806","C9C0F0F7854F454794C4AD9D8EF5F3BC","MG3148806C9C0F0F7854F454794C4AD9D8EF5F3BC"
"254","MG-3148806-6A40591B8786471A9D0CD03BD09FFE80","AT","MG","3148806","6A40591B8786471A9D0CD03BD09FFE80","MG31488066A40591B8786471A9D0CD03BD09FFE80"
"255","MG-3148806-C958975B05084E43A695494A40149784","AT","MG","3148806","C958975B05084E43A695494A40149784","MG3148806C958975B05084E43A695494A40149784"
"256","MG-3148806-D52E3AC33878432295F0648B05C0565B","AT","MG","3148806","D52E3AC33878432295F0648B05C0565B","MG3148806D52E3AC33878432295F0648B05C0565B"
"257","MG-3148806-B109E2AF40F2439E904B78C3E72B319D","AT","MG","3148806","B109E2AF40F2439E904B78C3E72B319D","MG3148806B109E2AF40F2439E904B78C3E72B319D"
"258","MG-3148806-3B0C06C10DEE4F2F8D5C4A2C331C37B3","AT","MG","3148806","3B0C06C10DEE4F2F8D5C4A2C331C37B3","MG31488063B0C06C10DEE4F2F8D5C4A2C331C37B3"
"259","MG-3148806-AD1ACA8A4B364C9DA80F90403BC21167","AT","MG","3148806","AD1ACA8A4B364C9DA80F90403BC21167","MG3148806AD1ACA8A4B364C9DA80F90403BC21167"
"260","MG-3148806-E413B17DD0FD4126946301F7E3034A56","AT","MG","3148806","E413B17DD0FD4126946301F7E3034A56","MG3148806E413B17DD0FD4126946301F7E3034A56"
"261","MG-3148806-BF77C2403EBC4E968664B876D091CD76","AT","MG","3148806","BF77C2403EBC4E968664B876D091CD76","MG3148806BF77C2403EBC4E968664B876D091CD76"
"262","MG-3148806-A66DB15B36C04F899072486C8E612CFA","AT","MG","3148806","A66DB15B36C04F899072486C8E612CFA","MG3148806A66DB15B36C04F899072486C8E612CFA"
"263","MG-3148806-09BB1C414C3B4313AE30D4147426FAB4","AT","MG","3148806","09BB1C414C3B4313AE30D4147426FAB4","MG314880609BB1C414C3B4313AE30D4147426FAB4"
"264","MG-3148806-C5F74433332447D98FD5FD0945FF1871","AT","MG","3148806","C5F74433332447D98FD5FD0945FF1871","MG3148806C5F74433332447D98FD5FD0945FF1871"
"265","MG-3148806-CDBF48066BFB4E8689E49D53C6AD3DCF","AT","MG","3148806","CDBF48066BFB4E8689E49D53C6AD3DCF","MG3148806CDBF48066BFB4E8689E49D53C6AD3DCF"
"266","MG-3148806-A373B20308544233922A506181419651","AT","MG","3148806","A373B20308544233922A506181419651","MG3148806A373B20308544233922A506181419651"
"267","MG-3148806-7C3DAB08FE434295B17B99EE0885FA12","AT","MG","3148806","7C3DAB08FE434295B17B99EE0885FA12","MG31488067C3DAB08FE434295B17B99EE0885FA12"
"268","MG-3148806-26220FC64D004F5085D4E9201E49BA99","AT","MG","3148806","26220FC64D004F5085D4E9201E49BA99","MG314880626220FC64D004F5085D4E9201E49BA99"
"269","MG-3148806-14551882B3814423A9658AB540B64705","AT","MG","3148806","14551882B3814423A9658AB540B64705","MG314880614551882B3814423A9658AB540B64705"
"270","MG-3148806-689FB8DFC5AD46EF9B9FBFA64823ED2B","AT","MG","3148806","689FB8DFC5AD46EF9B9FBFA64823ED2B","MG3148806689FB8DFC5AD46EF9B9FBFA64823ED2B"
"271","MG-3148806-050A4B589A3D4EE6851CED779BD43715","AT","MG","3148806","050A4B589A3D4EE6851CED779BD43715","MG3148806050A4B589A3D4EE6851CED779BD43715"
"272","MG-3148806-A58B8418F114496785B3DDF1933E0D7F","AT","MG","3148806","A58B8418F114496785B3DDF1933E0D7F","MG3148806A58B8418F114496785B3DDF1933E0D7F"
"273","MG-3148806-40D83B248CA949D88056B6AFE90A7D03","AT","MG","3148806","40D83B248CA949D88056B6AFE90A7D03","MG314880640D83B248CA949D88056B6AFE90A7D03"
"274","MG-3148806-7141853945854CCF937CC1BD62F81A0C","AT","MG","3148806","7141853945854CCF937CC1BD62F81A0C","MG31488067141853945854CCF937CC1BD62F81A0C"
"275","MG-3148806-8E50533338904BDFB9501F9C2AEB08E6","AT","MG","3148806","8E50533338904BDFB9501F9C2AEB08E6","MG31488068E50533338904BDFB9501F9C2AEB08E6"
"276","MG-3148806-6C7DB7D68A1E478F9D6AC2D4530798FC","AT","MG","3148806","6C7DB7D68A1E478F9D6AC2D4530798FC","MG31488066C7DB7D68A1E478F9D6AC2D4530798FC"
"277","MG-3148806-2594AAE7E5A544C9B23C10EAA7762EA5","AT","MG","3148806","2594AAE7E5A544C9B23C10EAA7762EA5","MG31488062594AAE7E5A544C9B23C10EAA7762EA5"
"278","MG-3148806-B1A24C77EEBB401293DA0E4330597A64","AT","MG","3148806","B1A24C77EEBB401293DA0E4330597A64","MG3148806B1A24C77EEBB401293DA0E4330597A64"
"279","MG-3148806-0D01CACBBB2B4A0A8428622DB920984C","AT","MG","3148806","0D01CACBBB2B4A0A8428622DB920984C","MG31488060D01CACBBB2B4A0A8428622DB920984C"
"280","MG-3148806-19D5FD7F14E74B64B3F37DAC89E9D49F","AT","MG","3148806","19D5FD7F14E74B64B3F37DAC89E9D49F","MG314880619D5FD7F14E74B64B3F37DAC89E9D49F"
"281","MG-3148806-69801331213E4D7CAAB72AFD8111B6BC","AT","MG","3148806","69801331213E4D7CAAB72AFD8111B6BC","MG314880669801331213E4D7CAAB72AFD8111B6BC"
"282","MG-3148806-8CDD5700DB664D41A80F0BD4889763AE","AT","MG","3148806","8CDD5700DB664D41A80F0BD4889763AE","MG31488068CDD5700DB664D41A80F0BD4889763AE"
"283","MG-3148806-9749055D337B4325BEE3C591C65DBF28","AT","MG","3148806","9749055D337B4325BEE3C591C65DBF28","MG31488069749055D337B4325BEE3C591C65DBF28"
"284","MG-3148806-59FD0AA97B234B768772FC08C12AB512","AT","MG","3148806","59FD0AA97B234B768772FC08C12AB512","MG314880659FD0AA97B234B768772FC08C12AB512"
"285","MG-3148806-75C42A2AE6ED42B6A9EA75E3EF2E53B9","AT","MG","3148806","75C42A2AE6ED42B6A9EA75E3EF2E53B9","MG314880675C42A2AE6ED42B6A9EA75E3EF2E53B9"
"286","MG-3148806-B1756DEFB51046B4ABAAC681B9447A53","AT","MG","3148806","B1756DEFB51046B4ABAAC681B9447A53","MG3148806B1756DEFB51046B4ABAAC681B9447A53"
"287","MG-3148806-1986CAA377FF4BCF8B3646D7F6973B92","AT","MG","3148806","1986CAA377FF4BCF8B3646D7F6973B92","MG31488061986CAA377FF4BCF8B3646D7F6973B92"
"288","MG-3148806-1496A86BD83E4D829A170CB33243FAAF","AT","MG","3148806","1496A86BD83E4D829A170CB33243FAAF","MG31488061496A86BD83E4D829A170CB33243FAAF"
"289","MG-3148806-76403159A9E14F2DBC58E1AC76535681","AT","MG","3148806","76403159A9E14F2DBC58E1AC76535681","MG314880676403159A9E14F2DBC58E1AC76535681"
"290","MG-3148806-C8780AAC0BFF4451ABE92547F2EAFF21","AT","MG","3148806","C8780AAC0BFF4451ABE92547F2EAFF21","MG3148806C8780AAC0BFF4451ABE92547F2EAFF21"
"291","MG-3148806-533C313B7DC44B17B5A5206180DBA40C","AT","MG","3148806","533C313B7DC44B17B5A5206180DBA40C","MG3148806533C313B7DC44B17B5A5206180DBA40C"
"292","MG-3148806-3F0E6A38075B456AB4E7CC6A841AC473","AT","MG","3148806","3F0E6A38075B456AB4E7CC6A841AC473","MG31488063F0E6A38075B456AB4E7CC6A841AC473"
"293","MG-3148806-F1CDF0FF5E084D3B901E3B5BA5A4A280","AT","MG","3148806","F1CDF0FF5E084D3B901E3B5BA5A4A280","MG3148806F1CDF0FF5E084D3B901E3B5BA5A4A280"
"294","MG-3148806-2555C226EA6E4F68AF43EA5D5053E0BB","AT","MG","3148806","2555C226EA6E4F68AF43EA5D5053E0BB","MG31488062555C226EA6E4F68AF43EA5D5053E0BB"
"295","MG-3148806-4DAC29516E0F403E9691344D2085ABAA","AT","MG","3148806","4DAC29516E0F403E9691344D2085ABAA","MG31488064DAC29516E0F403E9691344D2085ABAA"
"296","MG-3148806-2D2FE5CC0CB04CDF9FE9DF022096A84E","AT","MG","3148806","2D2FE5CC0CB04CDF9FE9DF022096A84E","MG31488062D2FE5CC0CB04CDF9FE9DF022096A84E"
"297","MG-3148806-8FFCCB3526914F6DA7EA900A9B7C0026","AT","MG","3148806","8FFCCB3526914F6DA7EA900A9B7C0026","MG31488068FFCCB3526914F6DA7EA900A9B7C0026"
"298","MG-3148806-ADFB189E1CC7420DB4EB33613FB2C168","AT","MG","3148806","ADFB189E1CC7420DB4EB33613FB2C168","MG3148806ADFB189E1CC7420DB4EB33613FB2C168"
"299","MG-3148806-540908D6D51947DBBAC02239AA19BE76","AT","MG","3148806","540908D6D51947DBBAC02239AA19BE76","MG3148806540908D6D51947DBBAC02239AA19BE76"
"300","MG-3148806-CC6EA917CBE247C1A68D6013B0AA0D7A","AT","MG","3148806","CC6EA917CBE247C1A68D6013B0AA0D7A","MG3148806CC6EA917CBE247C1A68D6013B0AA0D7A"
"301","MG-3148806-C43B82FC15B0451A8A7B39793B6B32C3","AT","MG","3148806","C43B82FC15B0451A8A7B39793B6B32C3","MG3148806C43B82FC15B0451A8A7B39793B6B32C3"
"302","MG-3148806-BC1E46B9301144FD8E47DBFCF484A133","AT","MG","3148806","BC1E46B9301144FD8E47DBFCF484A133","MG3148806BC1E46B9301144FD8E47DBFCF484A133"
"303","MG-3148806-5CF839E9672541BCA7E0DA3A1E21F260","AT","MG","3148806","5CF839E9672541BCA7E0DA3A1E21F260","MG31488065CF839E9672541BCA7E0DA3A1E21F260"
"304","MG-3148806-7A1625899AB047AEB28E37EC0BCEF4E3","AT","MG","3148806","7A1625899AB047AEB28E37EC0BCEF4E3","MG31488067A1625899AB047AEB28E37EC0BCEF4E3"
"305","MG-3148806-AD9A72207CA144A7A44573E3F6A0091A","AT","MG","3148806","AD9A72207CA144A7A44573E3F6A0091A","MG3148806AD9A72207CA144A7A44573E3F6A0091A"
"306","MG-3148806-BFBA3F57DA834B069AD518BE0B2FDA1A","AT","MG","3148806","BFBA3F57DA834B069AD518BE0B2FDA1A","MG3148806BFBA3F57DA834B069AD518BE0B2FDA1A"
"307","MG-3148806-7812311B831F407FB9C7C7FA1446D1AE","AT","MG","3148806","7812311B831F407FB9C7C7FA1446D1AE","MG31488067812311B831F407FB9C7C7FA1446D1AE"
"308","MG-3148806-A4B3620CEB3D40108AA56B38B1909CF2","AT","MG","3148806","A4B3620CEB3D40108AA56B38B1909CF2","MG3148806A4B3620CEB3D40108AA56B38B1909CF2"
"309","MG-3148806-E94E2EBCB1244245B6091EA1E9EAD006","AT","MG","3148806","E94E2EBCB1244245B6091EA1E9EAD006","MG3148806E94E2EBCB1244245B6091EA1E9EAD006"
"310","MG-3148806-BA0BDA963B094DAA8B624A452C1A11AD","AT","MG","3148806","BA0BDA963B094DAA8B624A452C1A11AD","MG3148806BA0BDA963B094DAA8B624A452C1A11AD"
"311","MG-3148806-4FE6F27B68D44515809DC6F6EECC7C2F","AT","MG","3148806","4FE6F27B68D44515809DC6F6EECC7C2F","MG31488064FE6F27B68D44515809DC6F6EECC7C2F"
"312","MG-3148806-B01F5043C6BB498D9DBCDD025B342ABF","AT","MG","3148806","B01F5043C6BB498D9DBCDD025B342ABF","MG3148806B01F5043C6BB498D9DBCDD025B342ABF"
"313","MG-3148806-E378DE6F0B99419EB8EE6D770FFF91B4","AT","MG","3148806","E378DE6F0B99419EB8EE6D770FFF91B4","MG3148806E378DE6F0B99419EB8EE6D770FFF91B4"
"314","MG-3148806-0D7922FA4A3B412B81EC061A3812DFDB","AT","MG","3148806","0D7922FA4A3B412B81EC061A3812DFDB","MG31488060D7922FA4A3B412B81EC061A3812DFDB"
"315","MG-3148806-F82CAE75935C4EC1BF4F59A9A8EB221C","AT","MG","3148806","F82CAE75935C4EC1BF4F59A9A8EB221C","MG3148806F82CAE75935C4EC1BF4F59A9A8EB221C"
"316","MG-3148806-85DE8F6EEFA342A39DD6A90EBF3FB8FF","AT","MG","3148806","85DE8F6EEFA342A39DD6A90EBF3FB8FF","MG314880685DE8F6EEFA342A39DD6A90EBF3FB8FF"
"317","MG-3148806-8DCD3A8D674D47BE9A48A500809739EB","AT","MG","3148806","8DCD3A8D674D47BE9A48A500809739EB","MG31488068DCD3A8D674D47BE9A48A500809739EB"
"318","MG-3148806-F9794981FAFF43DA8579DD3AE2DD857A","AT","MG","3148806","F9794981FAFF43DA8579DD3AE2DD857A","MG3148806F9794981FAFF43DA8579DD3AE2DD857A"
"319","MG-3148806-42DA6AC5948842B2A24BC39FE80FC7D1","AT","MG","3148806","42DA6AC5948842B2A24BC39FE80FC7D1","MG314880642DA6AC5948842B2A24BC39FE80FC7D1"
"320","MG-3148806-F255826FF06E436AA4AC4739EF9A3925","AT","MG","3148806","F255826FF06E436AA4AC4739EF9A3925","MG3148806F255826FF06E436AA4AC4739EF9A3925"
"321","MG-3148806-54AC6F674B734681B82FF55178307DFF","AT","MG","3148806","54AC6F674B734681B82FF55178307DFF","MG314880654AC6F674B734681B82FF55178307DFF"
"322","MG-3148806-13FE35327C2C4B939044BFA052288196","AT","MG","3148806","13FE35327C2C4B939044BFA052288196","MG314880613FE35327C2C4B939044BFA052288196"
"323","MG-3148806-1172126623ED4A23A42DC43AC2E03284","AT","MG","3148806","1172126623ED4A23A42DC43AC2E03284","MG31488061172126623ED4A23A42DC43AC2E03284"
"324","MG-3148806-53F6D7D914E1419185DF066D464C2F7A","AT","MG","3148806","53F6D7D914E1419185DF066D464C2F7A","MG314880653F6D7D914E1419185DF066D464C2F7A"
"325","MG-3148806-6C0BCAACD83045FC854E680A6E89702D","AT","MG","3148806","6C0BCAACD83045FC854E680A6E89702D","MG31488066C0BCAACD83045FC854E680A6E89702D"
"326","MG-3148806-713B876F504D46A1AF63116AFCC0E828","AT","MG","3148806","713B876F504D46A1AF63116AFCC0E828","MG3148806713B876F504D46A1AF63116AFCC0E828"
"327","MG-3148806-79C4632A383047AD9A04AD462C7C2043","AT","MG","3148806","79C4632A383047AD9A04AD462C7C2043","MG314880679C4632A383047AD9A04AD462C7C2043"
"328","MG-3148806-6E7895D9612A4B46B2274D52D8118F31","AT","MG","3148806","6E7895D9612A4B46B2274D52D8118F31","MG31488066E7895D9612A4B46B2274D52D8118F31"
"329","MG-3148806-BCAF323AEF01474A8A8E023E3B83ABAC","AT","MG","3148806","BCAF323AEF01474A8A8E023E3B83ABAC","MG3148806BCAF323AEF01474A8A8E023E3B83ABAC"
"330","MG-3148806-C18915C5C7F345E3883467442DD359BE","AT","MG","3148806","C18915C5C7F345E3883467442DD359BE","MG3148806C18915C5C7F345E3883467442DD359BE"
"331","MG-3148806-590F997D341B45E294C7E15C96222AFF","AT","MG","3148806","590F997D341B45E294C7E15C96222AFF","MG3148806590F997D341B45E294C7E15C96222AFF"
"332","MG-3148806-81EACAF2A9E44BECA963B4185FA20CEE","AT","MG","3148806","81EACAF2A9E44BECA963B4185FA20CEE","MG314880681EACAF2A9E44BECA963B4185FA20CEE"
"333","MG-3148806-DC3C7C0FED1845489F6136E252DEAB13","AT","MG","3148806","DC3C7C0FED1845489F6136E252DEAB13","MG3148806DC3C7C0FED1845489F6136E252DEAB13"
"334","MG-3148806-913CC6E0CED746B58C3C9BF48CC9D06D","AT","MG","3148806","913CC6E0CED746B58C3C9BF48CC9D06D","MG3148806913CC6E0CED746B58C3C9BF48CC9D06D"
"335","MG-3148806-AFF3A3369825417D949E7E92396E8F4C","AT","MG","3148806","AFF3A3369825417D949E7E92396E8F4C","MG3148806AFF3A3369825417D949E7E92396E8F4C"
"336","MG-3148806-FF7C1C95E1F34A34B46D4E684611EAAD","AT","MG","3148806","FF7C1C95E1F34A34B46D4E684611EAAD","MG3148806FF7C1C95E1F34A34B46D4E684611EAAD"
"337","MG-3148806-FE8026A8A90B4020A1C4F122F38BA45C","AT","MG","3148806","FE8026A8A90B4020A1C4F122F38BA45C","MG3148806FE8026A8A90B4020A1C4F122F38BA45C"
"338","MG-3148806-24A00153E3434A94A8F609CA9CC9372C","AT","MG","3148806","24A00153E3434A94A8F609CA9CC9372C","MG314880624A00153E3434A94A8F609CA9CC9372C"
"339","MG-3148806-AAA46C79B5094982A790C6719D669824","AT","MG","3148806","AAA46C79B5094982A790C6719D669824","MG3148806AAA46C79B5094982A790C6719D669824"
"340","MG-3148806-D4361CD2A85E4807A0123CB345608F75","AT","MG","3148806","D4361CD2A85E4807A0123CB345608F75","MG3148806D4361CD2A85E4807A0123CB345608F75"
"341","MG-3148806-48FC2366F49149F89729F36AF931ED74","AT","MG","3148806","48FC2366F49149F89729F36AF931ED74","MG314880648FC2366F49149F89729F36AF931ED74"
"342","MG-3148806-848068070FC34A229C40E5C774DA7733","AT","MG","3148806","848068070FC34A229C40E5C774DA7733","MG3148806848068070FC34A229C40E5C774DA7733"
"343","MG-3148806-636B76F522CD423A804D161BCD978395","AT","MG","3148806","636B76F522CD423A804D161BCD978395","MG3148806636B76F522CD423A804D161BCD978395"
"344","MG-3148806-84E60C6266A74710BFAFB0F6AD3668D0","AT","MG","3148806","84E60C6266A74710BFAFB0F6AD3668D0","MG314880684E60C6266A74710BFAFB0F6AD3668D0"
"345","MG-3148806-F9BE7D8946DB4A3A864B7518BFB3F194","AT","MG","3148806","F9BE7D8946DB4A3A864B7518BFB3F194","MG3148806F9BE7D8946DB4A3A864B7518BFB3F194"
"346","MG-3148806-523AFD659E9E4AB7A6BB23EABF5D7327","AT","MG","3148806","523AFD659E9E4AB7A6BB23EABF5D7327","MG3148806523AFD659E9E4AB7A6BB23EABF5D7327"
"347","MG-3148806-5802B878526D46BA893F58C979067AA7","AT","MG","3148806","5802B878526D46BA893F58C979067AA7","MG31488065802B878526D46BA893F58C979067AA7"
"348","MG-3148806-ADE9C2582E9E4622937803BE28618EC9","AT","MG","3148806","ADE9C2582E9E4622937803BE28618EC9","MG3148806ADE9C2582E9E4622937803BE28618EC9"
"349","MG-3148806-8F2E973FFDDA4703B6A1697199DFC4B6","AT","MG","3148806","8F2E973FFDDA4703B6A1697199DFC4B6","MG31488068F2E973FFDDA4703B6A1697199DFC4B6"
"350","MG-3148806-E9C5FBC3E78F4B178080861AF76A7634","AT","MG","3148806","E9C5FBC3E78F4B178080861AF76A7634","MG3148806E9C5FBC3E78F4B178080861AF76A7634"
"351","MG-3148806-64DE878411594480A1B02819E0EB17DD","AT","MG","3148806","64DE878411594480A1B02819E0EB17DD","MG314880664DE878411594480A1B02819E0EB17DD"
"352","MG-3148806-70E2BC56B52E443894C8A2D6D7F70738","AT","MG","3148806","70E2BC56B52E443894C8A2D6D7F70738","MG314880670E2BC56B52E443894C8A2D6D7F70738"
"353","MG-3148806-267B8F3DFA60401E80015A0FD703D9B0","AT","MG","3148806","267B8F3DFA60401E80015A0FD703D9B0","MG3148806267B8F3DFA60401E80015A0FD703D9B0"
"354","MG-3148806-7252420123094050B62736C9FEF7ECF6","AT","MG","3148806","7252420123094050B62736C9FEF7ECF6","MG31488067252420123094050B62736C9FEF7ECF6"
"355","MG-3148806-150B48A9D9264791BBC26CDC422B8FF9","AT","MG","3148806","150B48A9D9264791BBC26CDC422B8FF9","MG3148806150B48A9D9264791BBC26CDC422B8FF9"
"356","MG-3148806-66CC9891D62A42C89E0470F62FCBDE29","AT","MG","3148806","66CC9891D62A42C89E0470F62FCBDE29","MG314880666CC9891D62A42C89E0470F62FCBDE29"
"357","MG-3148806-D906691CA99C45A98328A7FCF524D7AF","AT","MG","3148806","D906691CA99C45A98328A7FCF524D7AF","MG3148806D906691CA99C45A98328A7FCF524D7AF"
"358","MG-3148806-92A2926D13A84ABE8671DBB10E3791C4","AT","MG","3148806","92A2926D13A84ABE8671DBB10E3791C4","MG314880692A2926D13A84ABE8671DBB10E3791C4"
"359","MG-3148806-70E4C9A59AFA446FA5F1898038BD3DC4","AT","MG","3148806","70E4C9A59AFA446FA5F1898038BD3DC4","MG314880670E4C9A59AFA446FA5F1898038BD3DC4"
"360","MG-3148806-3D1A038B64A149E5BFBD22369F380035","AT","MG","3148806","3D1A038B64A149E5BFBD22369F380035","MG31488063D1A038B64A149E5BFBD22369F380035"
"361","MG-3148806-AAF50C467F894882AA389EE697E612A9","AT","MG","3148806","AAF50C467F894882AA389EE697E612A9","MG3148806AAF50C467F894882AA389EE697E612A9"
"362","MG-3148806-96016267ECD84E5B842BCAC58B0622F7","AT","MG","3148806","96016267ECD84E5B842BCAC58B0622F7","MG314880696016267ECD84E5B842BCAC58B0622F7"
"363","MG-3148806-84108476E1354D4F84A553B74FAC045A","AT","MG","3148806","84108476E1354D4F84A553B74FAC045A","MG314880684108476E1354D4F84A553B74FAC045A"
"364","MG-3148806-D9ED3F0C07384461BA7E683D44834F0E","AT","MG","3148806","D9ED3F0C07384461BA7E683D44834F0E","MG3148806D9ED3F0C07384461BA7E683D44834F0E"
"365","MG-3148806-5011594AC9E7491D836D3B01E06E0BBB","AT","MG","3148806","5011594AC9E7491D836D3B01E06E0BBB","MG31488065011594AC9E7491D836D3B01E06E0BBB"
"366","MG-3148806-4D8141C260E945E29A40FB6A16CFCF00","AT","MG","3148806","4D8141C260E945E29A40FB6A16CFCF00","MG31488064D8141C260E945E29A40FB6A16CFCF00"
"367","MG-3148806-AFC7491033174A69BA5977D70909B1C4","AT","MG","3148806","AFC7491033174A69BA5977D70909B1C4","MG3148806AFC7491033174A69BA5977D70909B1C4"
"368","MG-3148806-02B02247B92D4945890B86FEA494F118","AT","MG","3148806","02B02247B92D4945890B86FEA494F118","MG314880602B02247B92D4945890B86FEA494F118"
"369","MG-3148806-DF84B9B477FA404B94ABC867299759CF","AT","MG","3148806","DF84B9B477FA404B94ABC867299759CF","MG3148806DF84B9B477FA404B94ABC867299759CF"
"370","MG-3148806-E2CE971F4DEF410488FB9CD00BD8B0CC","AT","MG","3148806","E2CE971F4DEF410488FB9CD00BD8B0CC","MG3148806E2CE971F4DEF410488FB9CD00BD8B0CC"
"371","MG-3148806-BAB14239402B4519BA762DF1A9E4B1AD","AT","MG","3148806","BAB14239402B4519BA762DF1A9E4B1AD","MG3148806BAB14239402B4519BA762DF1A9E4B1AD"
"372","MG-3148806-1D45D8162BF64738B071F2AAA44E91E2","AT","MG","3148806","1D45D8162BF64738B071F2AAA44E91E2","MG31488061D45D8162BF64738B071F2AAA44E91E2"
"373","MG-3148806-A53DC1CB70104A908A37D978B10B5149","AT","MG","3148806","A53DC1CB70104A908A37D978B10B5149","MG3148806A53DC1CB70104A908A37D978B10B5149"
"374","MG-3148806-9CC5862B765E4ECBBDBCA67D62289C2A","AT","MG","3148806","9CC5862B765E4ECBBDBCA67D62289C2A","MG31488069CC5862B765E4ECBBDBCA67D62289C2A"
"375","MG-3148806-FF44A1F0825348789AB7FF02B546FE13","AT","MG","3148806","FF44A1F0825348789AB7FF02B546FE13","MG3148806FF44A1F0825348789AB7FF02B546FE13"
"376","MG-3148806-C4FA4E2C0DA64D438D601E18F4ABB523","AT","MG","3148806","C4FA4E2C0DA64D438D601E18F4ABB523","MG3148806C4FA4E2C0DA64D438D601E18F4ABB523"
"377","MG-3148806-48C10F8779E74B719A0B1F93E14022A1","AT","MG","3148806","48C10F8779E74B719A0B1F93E14022A1","MG314880648C10F8779E74B719A0B1F93E14022A1"
"378","MG-3148806-D71EB5BC0E9C42D6858789F4D3127E67","AT","MG","3148806","D71EB5BC0E9C42D6858789F4D3127E67","MG3148806D71EB5BC0E9C42D6858789F4D3127E67"
"379","MG-3148806-A1BADDEDB62D47C7BEA9760EF2453D34","AT","MG","3148806","A1BADDEDB62D47C7BEA9760EF2453D34","MG3148806A1BADDEDB62D47C7BEA9760EF2453D34"
"380","MG-3148806-D591102C8B4C455D9B94912A5AF0B2EB","AT","MG","3148806","D591102C8B4C455D9B94912A5AF0B2EB","MG3148806D591102C8B4C455D9B94912A5AF0B2EB"
"381","MG-3148806-45FF836996724AA88A42D1BF87076709","AT","MG","3148806","45FF836996724AA88A42D1BF87076709","MG314880645FF836996724AA88A42D1BF87076709"
"382","MG-3148806-89184084C64143F8A09DD1F3FEB46B30","AT","MG","3148806","89184084C64143F8A09DD1F3FEB46B30","MG314880689184084C64143F8A09DD1F3FEB46B30"
"383","MG-3148806-B8B4C3029C28403BB75532FCA6239614","AT","MG","3148806","B8B4C3029C28403BB75532FCA6239614","MG3148806B8B4C3029C28403BB75532FCA6239614"
"384","MG-3148806-89BFB3AE8EFE4FD4A08A3F2F0D2B4990","AT","MG","3148806","89BFB3AE8EFE4FD4A08A3F2F0D2B4990","MG314880689BFB3AE8EFE4FD4A08A3F2F0D2B4990"
"385","MG-3148806-643FFE4EC4674634A2A96F1E6D52849B","AT","MG","3148806","643FFE4EC4674634A2A96F1E6D52849B","MG3148806643FFE4EC4674634A2A96F1E6D52849B"
"386","MG-3148806-F4206F1FACC74CFF873915EC0BF6E8F2","AT","MG","3148806","F4206F1FACC74CFF873915EC0BF6E8F2","MG3148806F4206F1FACC74CFF873915EC0BF6E8F2"
"387","MG-3148806-619AF759539144AF80C96910C77B3BA5","AT","MG","3148806","619AF759539144AF80C96910C77B3BA5","MG3148806619AF759539144AF80C96910C77B3BA5"
"388","MG-3148806-1EC1D791E6B44A0FA03DADBB82E6704C","AT","MG","3148806","1EC1D791E6B44A0FA03DADBB82E6704C","MG31488061EC1D791E6B44A0FA03DADBB82E6704C"
"389","MG-3148806-FD73F7CFDC6943869EB651304BFA3B41","AT","MG","3148806","FD73F7CFDC6943869EB651304BFA3B41","MG3148806FD73F7CFDC6943869EB651304BFA3B41"
"390","MG-3148806-284527EC028749C8B07352E2DE072D76","AT","MG","3148806","284527EC028749C8B07352E2DE072D76","MG3148806284527EC028749C8B07352E2DE072D76"
"391","MG-3148806-47540CB9AF3941B1919D799B4CA3A73F","AT","MG","3148806","47540CB9AF3941B1919D799B4CA3A73F","MG314880647540CB9AF3941B1919D799B4CA3A73F"
"392","MG-3148806-9CDE72F1BB774EA0A85948A85C1A9F21","AT","MG","3148806","9CDE72F1BB774EA0A85948A85C1A9F21","MG31488069CDE72F1BB774EA0A85948A85C1A9F21"
"393","MG-3148806-7D19500DCF7D488697D3DEA22387FE24","AT","MG","3148806","7D19500DCF7D488697D3DEA22387FE24","MG31488067D19500DCF7D488697D3DEA22387FE24"
"394","MG-3148806-0B9CACDDC1E64B96BACED4EA58683D8E","AT","MG","3148806","0B9CACDDC1E64B96BACED4EA58683D8E","MG31488060B9CACDDC1E64B96BACED4EA58683D8E"
"395","MG-3148806-077C3614A5074A05A91284A01CD5B960","AT","MG","3148806","077C3614A5074A05A91284A01CD5B960","MG3148806077C3614A5074A05A91284A01CD5B960"
"396","MG-3148806-F2820CD1A0FA471F9DB4EFB12C31CF51","AT","MG","3148806","F2820CD1A0FA471F9DB4EFB12C31CF51","MG3148806F2820CD1A0FA471F9DB4EFB12C31CF51"
"397","MG-3148806-8A3C0E584C9445659D96BDE54A0067BC","AT","MG","3148806","8A3C0E584C9445659D96BDE54A0067BC","MG31488068A3C0E584C9445659D96BDE54A0067BC"
"398","MG-3148806-BAE1177E70C34664A835A51E0BD19C76","AT","MG","3148806","BAE1177E70C34664A835A51E0BD19C76","MG3148806BAE1177E70C34664A835A51E0BD19C76"
"399","MG-3148806-3E2635E98FCF4E1F95449E3CAAB557A4","AT","MG","3148806","3E2635E98FCF4E1F95449E3CAAB557A4","MG31488063E2635E98FCF4E1F95449E3CAAB557A4"
"400","MG-3148806-3C5C684939F541A6ADD1415B9AEBF4B0","AT","MG","3148806","3C5C684939F541A6ADD1415B9AEBF4B0","MG31488063C5C684939F541A6ADD1415B9AEBF4B0"
"401","MG-3148806-5BAB3B712ED04690B2F35DE125CA3749","AT","MG","3148806","5BAB3B712ED04690B2F35DE125CA3749","MG31488065BAB3B712ED04690B2F35DE125CA3749"
"402","MG-3148806-4B63A5411DF94201B15A59799E586701","AT","MG","3148806","4B63A5411DF94201B15A59799E586701","MG31488064B63A5411DF94201B15A59799E586701"
"403","MG-3148806-10FE6EF4644C4EDFB084A8D5744DB460","AT","MG","3148806","10FE6EF4644C4EDFB084A8D5744DB460","MG314880610FE6EF4644C4EDFB084A8D5744DB460"
"404","MG-3148806-B3FE048B9CF84A0A9CD28D40F6AE367C","AT","MG","3148806","B3FE048B9CF84A0A9CD28D40F6AE367C","MG3148806B3FE048B9CF84A0A9CD28D40F6AE367C"
"405","MG-3148806-3E37E9C122874A079E10A2F67E730F6B","AT","MG","3148806","3E37E9C122874A079E10A2F67E730F6B","MG31488063E37E9C122874A079E10A2F67E730F6B"
"406","MG-3148806-83E4889082814C2BBD4C1FE41B6B9EF6","AT","MG","3148806","83E4889082814C2BBD4C1FE41B6B9EF6","MG314880683E4889082814C2BBD4C1FE41B6B9EF6"
"407","MG-3148806-2313E099F56540FD9771F6DBEDF6E2F1","AT","MG","3148806","2313E099F56540FD9771F6DBEDF6E2F1","MG31488062313E099F56540FD9771F6DBEDF6E2F1"
"408","MG-3148806-2C1C731612864C70B0B81B289D8A3446","AT","MG","3148806","2C1C731612864C70B0B81B289D8A3446","MG31488062C1C731612864C70B0B81B289D8A3446"
"409","MG-3148806-8383D1A72F8E40089AAD1E8237EFC67A","AT","MG","3148806","8383D1A72F8E40089AAD1E8237EFC67A","MG31488068383D1A72F8E40089AAD1E8237EFC67A"
"410","MG-3148806-C8ED1EBB976A48C28DA22F4E17CC9D80","AT","MG","3148806","C8ED1EBB976A48C28DA22F4E17CC9D80","MG3148806C8ED1EBB976A48C28DA22F4E17CC9D80"
"411","MG-3148806-BD09B6D8284A49CE8ECF21C2D1632FBC","AT","MG","3148806","BD09B6D8284A49CE8ECF21C2D1632FBC","MG3148806BD09B6D8284A49CE8ECF21C2D1632FBC"
"412","MG-3148806-51A1545678BF421EB7733096EFB5DA34","AT","MG","3148806","51A1545678BF421EB7733096EFB5DA34","MG314880651A1545678BF421EB7733096EFB5DA34"
"413","MG-3148806-1085EE2204A54C499272F23516328165","AT","MG","3148806","1085EE2204A54C499272F23516328165","MG31488061085EE2204A54C499272F23516328165"
"414","MG-3148806-A390DC89DBD54AA8842E5541D6727A86","AT","MG","3148806","A390DC89DBD54AA8842E5541D6727A86","MG3148806A390DC89DBD54AA8842E5541D6727A86"
"415","MG-3148806-1BC4065059AA45C88B4E508F504C7CB9","AT","MG","3148806","1BC4065059AA45C88B4E508F504C7CB9","MG31488061BC4065059AA45C88B4E508F504C7CB9"
"416","MG-3148806-23CE587A3FFB461C8BE234B23C2078B5","AT","MG","3148806","23CE587A3FFB461C8BE234B23C2078B5","MG314880623CE587A3FFB461C8BE234B23C2078B5"
"417","MG-3148806-0B48601574D7482EA85B7257B628AAEC","AT","MG","3148806","0B48601574D7482EA85B7257B628AAEC","MG31488060B48601574D7482EA85B7257B628AAEC"
"418","MG-3148806-E2DF2A40A70449DEBFEAB734AC83B64B","AT","MG","3148806","E2DF2A40A70449DEBFEAB734AC83B64B","MG3148806E2DF2A40A70449DEBFEAB734AC83B64B"
"419","MG-3148806-BD72AA4D9B8144B3AE7C591A86913871","AT","MG","3148806","BD72AA4D9B8144B3AE7C591A86913871","MG3148806BD72AA4D9B8144B3AE7C591A86913871"
"420","MG-3148806-CBE3CD2903DC491E9F32A798DEA629D1","AT","MG","3148806","CBE3CD2903DC491E9F32A798DEA629D1","MG3148806CBE3CD2903DC491E9F32A798DEA629D1"
"421","MG-3148806-2F1DB40017284EF18A7316B5EDE21D01","AT","MG","3148806","2F1DB40017284EF18A7316B5EDE21D01","MG31488062F1DB40017284EF18A7316B5EDE21D01"
"422","MG-3148806-11ADC4E921614B19A64BE17650A264F0","AT","MG","3148806","11ADC4E921614B19A64BE17650A264F0","MG314880611ADC4E921614B19A64BE17650A264F0"
"423","MG-3148806-6388E3E977704C5F86C1A6EBFAD3E4C1","AT","MG","3148806","6388E3E977704C5F86C1A6EBFAD3E4C1","MG31488066388E3E977704C5F86C1A6EBFAD3E4C1"
"424","MG-3148806-62BAD364822E4EC7BC9FF35F2633D2CD","AT","MG","3148806","62BAD364822E4EC7BC9FF35F2633D2CD","MG314880662BAD364822E4EC7BC9FF35F2633D2CD"
"425","MG-3148806-0AB6B6A294944FA98F98AC64DD8CB5D9","AT","MG","3148806","0AB6B6A294944FA98F98AC64DD8CB5D9","MG31488060AB6B6A294944FA98F98AC64DD8CB5D9"
"426","MG-3148806-3E9C1F6548CA41E6B0AD850D90DAF4A3","AT","MG","3148806","3E9C1F6548CA41E6B0AD850D90DAF4A3","MG31488063E9C1F6548CA41E6B0AD850D90DAF4A3"
"427","MG-3148806-5D6B655E756D4BD3BB27001721788169","AT","MG","3148806","5D6B655E756D4BD3BB27001721788169","MG31488065D6B655E756D4BD3BB27001721788169"
"428","MG-3148806-60D8D2685A734855A45243D6348535F6","AT","MG","3148806","60D8D2685A734855A45243D6348535F6","MG314880660D8D2685A734855A45243D6348535F6"
"429","MG-3148806-D09DF7E419884796B231687094205939","AT","MG","3148806","D09DF7E419884796B231687094205939","MG3148806D09DF7E419884796B231687094205939"
"430","MG-3148806-BAFE744EBC854D2395196E30403BB517","AT","MG","3148806","BAFE744EBC854D2395196E30403BB517","MG3148806BAFE744EBC854D2395196E30403BB517"
"431","MG-3148806-6F24145DA9F44D14B221E7F12CD17CB1","AT","MG","3148806","6F24145DA9F44D14B221E7F12CD17CB1","MG31488066F24145DA9F44D14B221E7F12CD17CB1"
"432","MG-3148806-FE30FE7FE5BA43DA83E41919CE73965E","AT","MG","3148806","FE30FE7FE5BA43DA83E41919CE73965E","MG3148806FE30FE7FE5BA43DA83E41919CE73965E"
"433","MG-3148806-D3D9296BEBB843648BF1E7F74CB7BD86","AT","MG","3148806","D3D9296BEBB843648BF1E7F74CB7BD86","MG3148806D3D9296BEBB843648BF1E7F74CB7BD86"
"434","MG-3148806-19C413B354F743DD82B286CB5D500CA6","AT","MG","3148806","19C413B354F743DD82B286CB5D500CA6","MG314880619C413B354F743DD82B286CB5D500CA6"
"435","MG-3148806-604B202D83DD41AE9EB4CDFF8613A993","AT","MG","3148806","604B202D83DD41AE9EB4CDFF8613A993","MG3148806604B202D83DD41AE9EB4CDFF8613A993"
"436","MG-3148806-8B3AEB6135D743C59A424C60213CEF14","AT","MG","3148806","8B3AEB6135D743C59A424C60213CEF14","MG31488068B3AEB6135D743C59A424C60213CEF14"
"437","MG-3148806-D6CA36AA834C4EFAB603BA81580393E2","AT","MG","3148806","D6CA36AA834C4EFAB603BA81580393E2","MG3148806D6CA36AA834C4EFAB603BA81580393E2"
"438","MG-3148806-2F807E90A9944A3C9075D08102185043","AT","MG","3148806","2F807E90A9944A3C9075D08102185043","MG31488062F807E90A9944A3C9075D08102185043"
"439","MG-3148806-2A88C6775AB9406CA8D649AB5E8C1795","AT","MG","3148806","2A88C6775AB9406CA8D649AB5E8C1795","MG31488062A88C6775AB9406CA8D649AB5E8C1795"
"440","MG-3148806-C43B62D046AA40A1914C1FC9B5F33E22","AT","MG","3148806","C43B62D046AA40A1914C1FC9B5F33E22","MG3148806C43B62D046AA40A1914C1FC9B5F33E22"
"441","MG-3148806-E1B6D73DC91A4672AA0F3F52FE42BAAC","AT","MG","3148806","E1B6D73DC91A4672AA0F3F52FE42BAAC","MG3148806E1B6D73DC91A4672AA0F3F52FE42BAAC"
"442","MG-3148806-E42B6811BBD14B7A95D87C3BBD3D426A","AT","MG","3148806","E42B6811BBD14B7A95D87C3BBD3D426A","MG3148806E42B6811BBD14B7A95D87C3BBD3D426A"
"443","MG-3148806-2AD0763C65534940830865AE74F237F3","AT","MG","3148806","2AD0763C65534940830865AE74F237F3","MG31488062AD0763C65534940830865AE74F237F3"
"444","MG-3148806-D0FC9AA2B3474E188F449F87AE2ED519","AT","MG","3148806","D0FC9AA2B3474E188F449F87AE2ED519","MG3148806D0FC9AA2B3474E188F449F87AE2ED519"
"445","MG-3148806-848CE827A6FA4A7F8BB0050C7D5FD223","AT","MG","3148806","848CE827A6FA4A7F8BB0050C7D5FD223","MG3148806848CE827A6FA4A7F8BB0050C7D5FD223"
"446","MG-3148806-C6FC7CCDF54343189B1B28D2DEF85EC1","AT","MG","3148806","C6FC7CCDF54343189B1B28D2DEF85EC1","MG3148806C6FC7CCDF54343189B1B28D2DEF85EC1"
"447","MG-3148806-925B5A4791CB4BCFAEB06AE4006279C1","AT","MG","3148806","925B5A4791CB4BCFAEB06AE4006279C1","MG3148806925B5A4791CB4BCFAEB06AE4006279C1"
"448","MG-3148806-DE9F0792C569496E9BF9E81E7998B3E0","AT","MG","3148806","DE9F0792C569496E9BF9E81E7998B3E0","MG3148806DE9F0792C569496E9BF9E81E7998B3E0"
"449","MG-3148806-92B6458FCDEB4C97A38EEEFD1A40BB49","AT","MG","3148806","92B6458FCDEB4C97A38EEEFD1A40BB49","MG314880692B6458FCDEB4C97A38EEEFD1A40BB49"
"450","MG-3148806-63397D3C19F9432283412181D98033CF","AT","MG","3148806","63397D3C19F9432283412181D98033CF","MG314880663397D3C19F9432283412181D98033CF"
"451","MG-3148806-3DFB847921584FEEABB6D022FEF278D9","AT","MG","3148806","3DFB847921584FEEABB6D022FEF278D9","MG31488063DFB847921584FEEABB6D022FEF278D9"
"452","MG-3148806-41FFD46A5C2043F7BD65F69996E0DF09","AT","MG","3148806","41FFD46A5C2043F7BD65F69996E0DF09","MG314880641FFD46A5C2043F7BD65F69996E0DF09"
"453","MG-3148806-8435733CF82C4388A5E9D97C178BED5E","AT","MG","3148806","8435733CF82C4388A5E9D97C178BED5E","MG31488068435733CF82C4388A5E9D97C178BED5E"
"454","MG-3148806-56D0538CA94A4799A8D8597B20D6E27A","AT","MG","3148806","56D0538CA94A4799A8D8597B20D6E27A","MG314880656D0538CA94A4799A8D8597B20D6E27A"
"455","MG-3148806-45902FC5A4904AD29BF370F18135F5D2","AT","MG","3148806","45902FC5A4904AD29BF370F18135F5D2","MG314880645902FC5A4904AD29BF370F18135F5D2"
"456","MG-3148806-F1DD57C7E57B40C3905A152C905ABF1C","AT","MG","3148806","F1DD57C7E57B40C3905A152C905ABF1C","MG3148806F1DD57C7E57B40C3905A152C905ABF1C"
"457","MG-3148806-0417B11352A040EC8C879986F5E4C1F8","AT","MG","3148806","0417B11352A040EC8C879986F5E4C1F8","MG31488060417B11352A040EC8C879986F5E4C1F8"
"458","MG-3148806-1B5958860C36426E926035149D22A5A2","AT","MG","3148806","1B5958860C36426E926035149D22A5A2","MG31488061B5958860C36426E926035149D22A5A2"
"459","MG-3148806-8524933FBEC64D1F8122C5502C711347","AT","MG","3148806","8524933FBEC64D1F8122C5502C711347","MG31488068524933FBEC64D1F8122C5502C711347"
"460","MG-3148806-E64D0D8804534F9B9BA4B654D2ADB875","AT","MG","3148806","E64D0D8804534F9B9BA4B654D2ADB875","MG3148806E64D0D8804534F9B9BA4B654D2ADB875"
"461","MG-3148806-16DD02CC4E704E3D89F64F1F5383D777","AT","MG","3148806","16DD02CC4E704E3D89F64F1F5383D777","MG314880616DD02CC4E704E3D89F64F1F5383D777"
"462","MG-3148806-7BCE87801AD84C2CB090A4F0EC72DD64","AT","MG","3148806","7BCE87801AD84C2CB090A4F0EC72DD64","MG31488067BCE87801AD84C2CB090A4F0EC72DD64"
"463","MG-3148806-B2129052EF724B249130418162C803DB","AT","MG","3148806","B2129052EF724B249130418162C803DB","MG3148806B2129052EF724B249130418162C803DB"
"464","MG-3148806-FF42EDDF7FF3446F90D72EF3C70FC375","AT","MG","3148806","FF42EDDF7FF3446F90D72EF3C70FC375","MG3148806FF42EDDF7FF3446F90D72EF3C70FC375"
"465","MG-3148806-6E19AF849A814F9DBF3EC3C4187FF84E","AT","MG","3148806","6E19AF849A814F9DBF3EC3C4187FF84E","MG31488066E19AF849A814F9DBF3EC3C4187FF84E"
"466","MG-3148806-CC2C7C80FD41440CA2A4A7697263C279","AT","MG","3148806","CC2C7C80FD41440CA2A4A7697263C279","MG3148806CC2C7C80FD41440CA2A4A7697263C279"
"467","MG-3148806-8A88C7EB9E234DBA9F65C07A09379663","AT","MG","3148806","8A88C7EB9E234DBA9F65C07A09379663","MG31488068A88C7EB9E234DBA9F65C07A09379663"
"468","MG-3148806-616BB5C2C50B47A0928375B150C8CC44","AT","MG","3148806","616BB5C2C50B47A0928375B150C8CC44","MG3148806616BB5C2C50B47A0928375B150C8CC44"
"469","MG-3148806-21769D589E024439A12173F276699266","AT","MG","3148806","21769D589E024439A12173F276699266","MG314880621769D589E024439A12173F276699266"
"470","MG-3148806-497954CC08E04A17966DEE0EC4CA6B3B","AT","MG","3148806","497954CC08E04A17966DEE0EC4CA6B3B","MG3148806497954CC08E04A17966DEE0EC4CA6B3B"
"471","MG-3148806-FE7C151747F34CFAB659357AE59C1F1D","AT","MG","3148806","FE7C151747F34CFAB659357AE59C1F1D","MG3148806FE7C151747F34CFAB659357AE59C1F1D"
"472","MG-3148806-E7606609346E443488BA3FF5A48D88B2","AT","MG","3148806","E7606609346E443488BA3FF5A48D88B2","MG3148806E7606609346E443488BA3FF5A48D88B2"
"473","MG-3148806-ADA6537534F64258BF180D6E9FCD817B","AT","MG","3148806","ADA6537534F64258BF180D6E9FCD817B","MG3148806ADA6537534F64258BF180D6E9FCD817B"
"474","MG-3148806-D97091F79CDD4B269C6541C109F88270","AT","MG","3148806","D97091F79CDD4B269C6541C109F88270","MG3148806D97091F79CDD4B269C6541C109F88270"
"475","MG-3148806-D40F253DA60641C6A1B54EDEAA3AB50D","AT","MG","3148806","D40F253DA60641C6A1B54EDEAA3AB50D","MG3148806D40F253DA60641C6A1B54EDEAA3AB50D"
"476","MG-3148806-329B8F3A6F1C4CCF892D9E0C23E612ED","AT","MG","3148806","329B8F3A6F1C4CCF892D9E0C23E612ED","MG3148806329B8F3A6F1C4CCF892D9E0C23E612ED"
"477","MG-3148806-B2F698DA157149D9B1C1AF35BCCD09D8","AT","MG","3148806","B2F698DA157149D9B1C1AF35BCCD09D8","MG3148806B2F698DA157149D9B1C1AF35BCCD09D8"
"478","MG-3148806-5E236F168E6C44468CBFA85ED91E3C96","AT","MG","3148806","5E236F168E6C44468CBFA85ED91E3C96","MG31488065E236F168E6C44468CBFA85ED91E3C96"
"479","MG-3148806-FA105C3C8595482D9AF0837C1A3527FC","AT","MG","3148806","FA105C3C8595482D9AF0837C1A3527FC","MG3148806FA105C3C8595482D9AF0837C1A3527FC"
"480","MG-3148806-4A9401F3AFC24D91A5EEF0293DBE2661","AT","MG","3148806","4A9401F3AFC24D91A5EEF0293DBE2661","MG31488064A9401F3AFC24D91A5EEF0293DBE2661"
"481","MG-3148806-2A8F1212FBA548A58C6B13490FDB4636","AT","MG","3148806","2A8F1212FBA548A58C6B13490FDB4636","MG31488062A8F1212FBA548A58C6B13490FDB4636"
"482","MG-3148806-B00BBF45AEA548B2AB21765C2670AF41","AT","MG","3148806","B00BBF45AEA548B2AB21765C2670AF41","MG3148806B00BBF45AEA548B2AB21765C2670AF41"
"483","MG-3148806-7A12D8FB46734F46BB878F4CDC9D3DE7","AT","MG","3148806","7A12D8FB46734F46BB878F4CDC9D3DE7","MG31488067A12D8FB46734F46BB878F4CDC9D3DE7"
"484","MG-3148806-1A58E85960AF49F99627F940C777E377","AT","MG","3148806","1A58E85960AF49F99627F940C777E377","MG31488061A58E85960AF49F99627F940C777E377"
"485","MG-3148806-C3A7EB5679144AC5A2AA7FF823535282","AT","MG","3148806","C3A7EB5679144AC5A2AA7FF823535282","MG3148806C3A7EB5679144AC5A2AA7FF823535282"
"486","MG-3148806-362BB98F1366413498A1313C41AFF59F","AT","MG","3148806","362BB98F1366413498A1313C41AFF59F","MG3148806362BB98F1366413498A1313C41AFF59F"
"487","MG-3148806-3C9106817C474563A32DB954FF65BF02","AT","MG","3148806","3C9106817C474563A32DB954FF65BF02","MG31488063C9106817C474563A32DB954FF65BF02"
"488","MG-3148806-956E874674C4428285617219EA527FD8","AT","MG","3148806","956E874674C4428285617219EA527FD8","MG3148806956E874674C4428285617219EA527FD8"
"489","MG-3148806-F70B4A89717E4F6583DFF3AD812DAFC5","AT","MG","3148806","F70B4A89717E4F6583DFF3AD812DAFC5","MG3148806F70B4A89717E4F6583DFF3AD812DAFC5"
"490","MG-3148806-9540B51DD8A94452988143367F449C62","AT","MG","3148806","9540B51DD8A94452988143367F449C62","MG31488069540B51DD8A94452988143367F449C62"
