"","fcar","situacao","uf","munic","code","NUMREGCAR"
"1","RJ-3304409-75BF90F668BE4FECA72FF1EF77BF5027","AT","RJ","3304409","75BF90F668BE4FECA72FF1EF77BF5027","RJ330440975BF90F668BE4FECA72FF1EF77BF5027"
"2","RJ-3304409-4E1869E676C34A05B41EACBC9F068F80","AT","RJ","3304409","4E1869E676C34A05B41EACBC9F068F80","RJ33044094E1869E676C34A05B41EACBC9F068F80"
"3","RJ-3304409-CD64275E42A44F3D90B8AAC4A130A082","AT","RJ","3304409","CD64275E42A44F3D90B8AAC4A130A082","RJ3304409CD64275E42A44F3D90B8AAC4A130A082"
"4","RJ-3304409-E815AFF69D9243D8896288304AC4A47B","AT","RJ","3304409","E815AFF69D9243D8896288304AC4A47B","RJ3304409E815AFF69D9243D8896288304AC4A47B"
"5","RJ-3304409-11A227C6D027467DB1035CFC96C1F82C","AT","RJ","3304409","11A227C6D027467DB1035CFC96C1F82C","RJ330440911A227C6D027467DB1035CFC96C1F82C"
"6","RJ-3304409-ABA0AECEE7D94696A6FE57A33B28A8F8","AT","RJ","3304409","ABA0AECEE7D94696A6FE57A33B28A8F8","RJ3304409ABA0AECEE7D94696A6FE57A33B28A8F8"
"7","RJ-3304409-5F6DBFD0E17843FBB995FD151DA2823E","AT","RJ","3304409","5F6DBFD0E17843FBB995FD151DA2823E","RJ33044095F6DBFD0E17843FBB995FD151DA2823E"
"8","RJ-3304409-2050841045CD47E6959A9E0F252CE974","AT","RJ","3304409","2050841045CD47E6959A9E0F252CE974","RJ33044092050841045CD47E6959A9E0F252CE974"
"9","RJ-3304409-8CCC496C2DB94C92B7B844204DF2BA1D","AT","RJ","3304409","8CCC496C2DB94C92B7B844204DF2BA1D","RJ33044098CCC496C2DB94C92B7B844204DF2BA1D"
"10","RJ-3304409-5E608DA209E349BF95EE4861A8E8B798","AT","RJ","3304409","5E608DA209E349BF95EE4861A8E8B798","RJ33044095E608DA209E349BF95EE4861A8E8B798"
"11","RJ-3304409-94A10C137ADF4D65A683040CE753B711","AT","RJ","3304409","94A10C137ADF4D65A683040CE753B711","RJ330440994A10C137ADF4D65A683040CE753B711"
"12","RJ-3304409-0014FDE554E248D7953FB0D7A9DF54E7","AT","RJ","3304409","0014FDE554E248D7953FB0D7A9DF54E7","RJ33044090014FDE554E248D7953FB0D7A9DF54E7"
"13","RJ-3304409-39A7A2DBF109460CB0D27C27ADCB33EC","AT","RJ","3304409","39A7A2DBF109460CB0D27C27ADCB33EC","RJ330440939A7A2DBF109460CB0D27C27ADCB33EC"
"14","RJ-3304409-380A92F1BEBC4C81B1D34D45B5D935F7","AT","RJ","3304409","380A92F1BEBC4C81B1D34D45B5D935F7","RJ3304409380A92F1BEBC4C81B1D34D45B5D935F7"
"15","RJ-3304409-0A727D1722DC47AB9F47735150ECC8ED","AT","RJ","3304409","0A727D1722DC47AB9F47735150ECC8ED","RJ33044090A727D1722DC47AB9F47735150ECC8ED"
"16","RJ-3304409-C6F21EB3FB8645C69AD1FB3F0BD71A26","AT","RJ","3304409","C6F21EB3FB8645C69AD1FB3F0BD71A26","RJ3304409C6F21EB3FB8645C69AD1FB3F0BD71A26"
"17","RJ-3304409-C34DAE8C9C9E48EF81E4BB1630D5E6F2","AT","RJ","3304409","C34DAE8C9C9E48EF81E4BB1630D5E6F2","RJ3304409C34DAE8C9C9E48EF81E4BB1630D5E6F2"
"18","RJ-3304409-89318DBF79C642E5AF60639928B8D979","AT","RJ","3304409","89318DBF79C642E5AF60639928B8D979","RJ330440989318DBF79C642E5AF60639928B8D979"
"19","RJ-3304409-B3B935FF5117488C84204258A610E7D5","AT","RJ","3304409","B3B935FF5117488C84204258A610E7D5","RJ3304409B3B935FF5117488C84204258A610E7D5"
"20","RJ-3304409-212B419179ED4C98B1D2B4D271D9E323","AT","RJ","3304409","212B419179ED4C98B1D2B4D271D9E323","RJ3304409212B419179ED4C98B1D2B4D271D9E323"
"21","RJ-3304409-A0D562E5A0E24EB6B20039F0CAF0AEBE","AT","RJ","3304409","A0D562E5A0E24EB6B20039F0CAF0AEBE","RJ3304409A0D562E5A0E24EB6B20039F0CAF0AEBE"
"22","RJ-3304409-1F41A8EF793D4EC59B8BC9BD014714B9","AT","RJ","3304409","1F41A8EF793D4EC59B8BC9BD014714B9","RJ33044091F41A8EF793D4EC59B8BC9BD014714B9"
"23","RJ-3304409-4C21F3DF6C11458BA7B41DEA62D26511","AT","RJ","3304409","4C21F3DF6C11458BA7B41DEA62D26511","RJ33044094C21F3DF6C11458BA7B41DEA62D26511"
"24","RJ-3304409-440AA5A8A4D748A086286BD2A1C718F0","AT","RJ","3304409","440AA5A8A4D748A086286BD2A1C718F0","RJ3304409440AA5A8A4D748A086286BD2A1C718F0"
"25","RJ-3304409-46C4369ECF214AB9AF7959AAF2DFBA2E","AT","RJ","3304409","46C4369ECF214AB9AF7959AAF2DFBA2E","RJ330440946C4369ECF214AB9AF7959AAF2DFBA2E"
"26","RJ-3304409-A1BB5262F8DC40CAA8613CD787AB463D","AT","RJ","3304409","A1BB5262F8DC40CAA8613CD787AB463D","RJ3304409A1BB5262F8DC40CAA8613CD787AB463D"
"27","RJ-3304409-3C146A28CFBF4CC3ABDD386DD1F7AD3B","AT","RJ","3304409","3C146A28CFBF4CC3ABDD386DD1F7AD3B","RJ33044093C146A28CFBF4CC3ABDD386DD1F7AD3B"
"28","RJ-3304409-C71AD7FB105442589C8009D077D24998","AT","RJ","3304409","C71AD7FB105442589C8009D077D24998","RJ3304409C71AD7FB105442589C8009D077D24998"
"29","RJ-3304409-B9452CFE05E747CA84B191CDCDE287F4","AT","RJ","3304409","B9452CFE05E747CA84B191CDCDE287F4","RJ3304409B9452CFE05E747CA84B191CDCDE287F4"
"30","RJ-3304409-5B6A0F67762C402DBC3E10A7C1399F75","AT","RJ","3304409","5B6A0F67762C402DBC3E10A7C1399F75","RJ33044095B6A0F67762C402DBC3E10A7C1399F75"
"31","RJ-3304409-B98B6859A6454B159871C87D4811F6B7","AT","RJ","3304409","B98B6859A6454B159871C87D4811F6B7","RJ3304409B98B6859A6454B159871C87D4811F6B7"
"32","RJ-3304409-BA9DB02B22CC4E6F95C7B27298E3A42A","AT","RJ","3304409","BA9DB02B22CC4E6F95C7B27298E3A42A","RJ3304409BA9DB02B22CC4E6F95C7B27298E3A42A"
"33","RJ-3304409-04541EEEF9CA486AAA50913F95DC149F","AT","RJ","3304409","04541EEEF9CA486AAA50913F95DC149F","RJ330440904541EEEF9CA486AAA50913F95DC149F"
"34","RJ-3304409-544741069B6D439F934CB430AE987DF7","AT","RJ","3304409","544741069B6D439F934CB430AE987DF7","RJ3304409544741069B6D439F934CB430AE987DF7"
"35","RJ-3304409-6E79AF1AEAD74252937BD8489DA11977","AT","RJ","3304409","6E79AF1AEAD74252937BD8489DA11977","RJ33044096E79AF1AEAD74252937BD8489DA11977"
"36","RJ-3304409-0541A4CE082441568CB80C56B13F377B","AT","RJ","3304409","0541A4CE082441568CB80C56B13F377B","RJ33044090541A4CE082441568CB80C56B13F377B"
"37","RJ-3304409-EEB2B1A9184A4A138006F4E727B89B45","AT","RJ","3304409","EEB2B1A9184A4A138006F4E727B89B45","RJ3304409EEB2B1A9184A4A138006F4E727B89B45"
"38","RJ-3304409-ABE1790153864266B6296CB45101F9E1","AT","RJ","3304409","ABE1790153864266B6296CB45101F9E1","RJ3304409ABE1790153864266B6296CB45101F9E1"
"39","RJ-3304409-FAD8545990AE4C0AB15ABE2B8FD2DCD2","AT","RJ","3304409","FAD8545990AE4C0AB15ABE2B8FD2DCD2","RJ3304409FAD8545990AE4C0AB15ABE2B8FD2DCD2"
"40","RJ-3304409-A484C2AF9CFD41059534C6340EE5C1A6","AT","RJ","3304409","A484C2AF9CFD41059534C6340EE5C1A6","RJ3304409A484C2AF9CFD41059534C6340EE5C1A6"
"41","RJ-3304409-A7A43A09879E4CDCAC1BB94B1E93AE1A","AT","RJ","3304409","A7A43A09879E4CDCAC1BB94B1E93AE1A","RJ3304409A7A43A09879E4CDCAC1BB94B1E93AE1A"
"42","RJ-3304409-4E210CD779044A96B129D015059450F3","AT","RJ","3304409","4E210CD779044A96B129D015059450F3","RJ33044094E210CD779044A96B129D015059450F3"
"43","RJ-3304409-810606B8FC8A4C128CABEF945243EEBC","AT","RJ","3304409","810606B8FC8A4C128CABEF945243EEBC","RJ3304409810606B8FC8A4C128CABEF945243EEBC"
"44","RJ-3304409-EEE9FE09BFB048C380BA1EC9FE191362","AT","RJ","3304409","EEE9FE09BFB048C380BA1EC9FE191362","RJ3304409EEE9FE09BFB048C380BA1EC9FE191362"
"45","RJ-3304409-470BAAAA5BB7421FAD5356685CAE67F1","AT","RJ","3304409","470BAAAA5BB7421FAD5356685CAE67F1","RJ3304409470BAAAA5BB7421FAD5356685CAE67F1"
"46","RJ-3304409-F741F08B7CAD4CEA9F581362CA78A7C0","AT","RJ","3304409","F741F08B7CAD4CEA9F581362CA78A7C0","RJ3304409F741F08B7CAD4CEA9F581362CA78A7C0"
"47","RJ-3304409-5670BAAAEA5E4DC2BA64AF9C5B00B020","AT","RJ","3304409","5670BAAAEA5E4DC2BA64AF9C5B00B020","RJ33044095670BAAAEA5E4DC2BA64AF9C5B00B020"
"48","RJ-3304409-A0E8D633183F4969A791F9D89ED19E0B","AT","RJ","3304409","A0E8D633183F4969A791F9D89ED19E0B","RJ3304409A0E8D633183F4969A791F9D89ED19E0B"
"49","RJ-3304409-6AEE055C5C6B4B35B74DC2EDA9C34173","AT","RJ","3304409","6AEE055C5C6B4B35B74DC2EDA9C34173","RJ33044096AEE055C5C6B4B35B74DC2EDA9C34173"
"50","RJ-3304409-6624025131734390AB4F50E8B5516CD5","AT","RJ","3304409","6624025131734390AB4F50E8B5516CD5","RJ33044096624025131734390AB4F50E8B5516CD5"
"51","RJ-3304409-3FC8ECFD2EE74BFB91A2196787E6BC32","AT","RJ","3304409","3FC8ECFD2EE74BFB91A2196787E6BC32","RJ33044093FC8ECFD2EE74BFB91A2196787E6BC32"
"52","RJ-3304409-19761C45F21D4D8BB534B6424CDCBB90","AT","RJ","3304409","19761C45F21D4D8BB534B6424CDCBB90","RJ330440919761C45F21D4D8BB534B6424CDCBB90"
"53","RJ-3304409-9B2E8179095F49138DD51D23EF0DB3BB","AT","RJ","3304409","9B2E8179095F49138DD51D23EF0DB3BB","RJ33044099B2E8179095F49138DD51D23EF0DB3BB"
"54","RJ-3304409-A75656133E63464CA5A918CF8A2DA24E","AT","RJ","3304409","A75656133E63464CA5A918CF8A2DA24E","RJ3304409A75656133E63464CA5A918CF8A2DA24E"
"55","RJ-3304409-08469CB773B24A48A4473CFE7287F746","AT","RJ","3304409","08469CB773B24A48A4473CFE7287F746","RJ330440908469CB773B24A48A4473CFE7287F746"
"56","RJ-3304409-F066B86DA0F94A24BEA75E2E318F5CE8","AT","RJ","3304409","F066B86DA0F94A24BEA75E2E318F5CE8","RJ3304409F066B86DA0F94A24BEA75E2E318F5CE8"
"57","RJ-3304409-62493BD4D0004D52B33CEB676EB385B3","AT","RJ","3304409","62493BD4D0004D52B33CEB676EB385B3","RJ330440962493BD4D0004D52B33CEB676EB385B3"
"58","RJ-3304409-92F86AE239164B63B233923EA052335B","AT","RJ","3304409","92F86AE239164B63B233923EA052335B","RJ330440992F86AE239164B63B233923EA052335B"
"59","RJ-3304409-622509C5B2304AFFAFF5F0671C6DAE21","AT","RJ","3304409","622509C5B2304AFFAFF5F0671C6DAE21","RJ3304409622509C5B2304AFFAFF5F0671C6DAE21"
"60","RJ-3304409-330B541D0D994AFCAD918FF647002DC1","AT","RJ","3304409","330B541D0D994AFCAD918FF647002DC1","RJ3304409330B541D0D994AFCAD918FF647002DC1"
"61","RJ-3304409-CE4AD2537ED54534839CA810203E28CE","AT","RJ","3304409","CE4AD2537ED54534839CA810203E28CE","RJ3304409CE4AD2537ED54534839CA810203E28CE"
"62","RJ-3304409-212BC32F58C54630828D5E4E94CFD088","AT","RJ","3304409","212BC32F58C54630828D5E4E94CFD088","RJ3304409212BC32F58C54630828D5E4E94CFD088"
"63","RJ-3304409-A698EDB1FE7B404699C5BE1DC601F877","AT","RJ","3304409","A698EDB1FE7B404699C5BE1DC601F877","RJ3304409A698EDB1FE7B404699C5BE1DC601F877"
"64","RJ-3304409-C6E170B6D92449D8992110DE5A790A87","AT","RJ","3304409","C6E170B6D92449D8992110DE5A790A87","RJ3304409C6E170B6D92449D8992110DE5A790A87"
"65","RJ-3304409-8D2EDC52C10E4612864A874F913564F6","AT","RJ","3304409","8D2EDC52C10E4612864A874F913564F6","RJ33044098D2EDC52C10E4612864A874F913564F6"
"66","RJ-3304409-128DADC7A4D0414AAC871F2F0F1C2137","AT","RJ","3304409","128DADC7A4D0414AAC871F2F0F1C2137","RJ3304409128DADC7A4D0414AAC871F2F0F1C2137"
"67","RJ-3304409-906FE0E7A0D745A39837CF0A23162A82","AT","RJ","3304409","906FE0E7A0D745A39837CF0A23162A82","RJ3304409906FE0E7A0D745A39837CF0A23162A82"
"68","RJ-3304409-9D1CE8DB683C463F8744675E7A6C88B4","AT","RJ","3304409","9D1CE8DB683C463F8744675E7A6C88B4","RJ33044099D1CE8DB683C463F8744675E7A6C88B4"
"69","RJ-3304409-B1500B992C9749E281D70FFDEA795CBF","AT","RJ","3304409","B1500B992C9749E281D70FFDEA795CBF","RJ3304409B1500B992C9749E281D70FFDEA795CBF"
"70","RJ-3304409-FD286A44D1EA45A28B6D203FB9B8CBB0","AT","RJ","3304409","FD286A44D1EA45A28B6D203FB9B8CBB0","RJ3304409FD286A44D1EA45A28B6D203FB9B8CBB0"
"71","RJ-3304409-9084CE80DE544AECB2F945662AA7CC20","AT","RJ","3304409","9084CE80DE544AECB2F945662AA7CC20","RJ33044099084CE80DE544AECB2F945662AA7CC20"
"72","RJ-3304409-7AAF485AC0AF449993EBE3C334AA142C","AT","RJ","3304409","7AAF485AC0AF449993EBE3C334AA142C","RJ33044097AAF485AC0AF449993EBE3C334AA142C"
"73","RJ-3304409-1CB40A6BFC0840F498608F5E92F9444D","PE","RJ","3304409","1CB40A6BFC0840F498608F5E92F9444D","RJ33044091CB40A6BFC0840F498608F5E92F9444D"
"74","RJ-3304409-58BE37D9989B4706BD0305E9B9D13B72","AT","RJ","3304409","58BE37D9989B4706BD0305E9B9D13B72","RJ330440958BE37D9989B4706BD0305E9B9D13B72"
"75","RJ-3304409-BF39A6B6C9F74748B060A0B5D701681C","AT","RJ","3304409","BF39A6B6C9F74748B060A0B5D701681C","RJ3304409BF39A6B6C9F74748B060A0B5D701681C"
"76","RJ-3304409-1630E7A74B4E42ED9548ADB7F9DC1F8A","AT","RJ","3304409","1630E7A74B4E42ED9548ADB7F9DC1F8A","RJ33044091630E7A74B4E42ED9548ADB7F9DC1F8A"
"77","RJ-3304409-16F6463FDD3245249B42F62D5DB03D05","AT","RJ","3304409","16F6463FDD3245249B42F62D5DB03D05","RJ330440916F6463FDD3245249B42F62D5DB03D05"
"78","RJ-3304409-51B53DA295524011B782B5D72DC5846F","AT","RJ","3304409","51B53DA295524011B782B5D72DC5846F","RJ330440951B53DA295524011B782B5D72DC5846F"
"79","RJ-3304409-1E8743CCD48343BA8C5AD6699686422B","AT","RJ","3304409","1E8743CCD48343BA8C5AD6699686422B","RJ33044091E8743CCD48343BA8C5AD6699686422B"
"80","RJ-3304409-760FC071D8D5471A95FCEB6D26FF795E","AT","RJ","3304409","760FC071D8D5471A95FCEB6D26FF795E","RJ3304409760FC071D8D5471A95FCEB6D26FF795E"
"81","RJ-3304409-78F289223A9249B7809BF73982AB3707","AT","RJ","3304409","78F289223A9249B7809BF73982AB3707","RJ330440978F289223A9249B7809BF73982AB3707"
"82","RJ-3304409-823D28EADCF84261AA4D2633FD3D821D","AT","RJ","3304409","823D28EADCF84261AA4D2633FD3D821D","RJ3304409823D28EADCF84261AA4D2633FD3D821D"
"83","RJ-3304409-637337DB7BA549C59ABAF2565B34A9E2","AT","RJ","3304409","637337DB7BA549C59ABAF2565B34A9E2","RJ3304409637337DB7BA549C59ABAF2565B34A9E2"
"84","RJ-3304409-6F9F181896AB4FE0A871CAEE7FAFFFDB","AT","RJ","3304409","6F9F181896AB4FE0A871CAEE7FAFFFDB","RJ33044096F9F181896AB4FE0A871CAEE7FAFFFDB"
"85","RJ-3304409-F134B3031C474F1DA340B081EF4803ED","AT","RJ","3304409","F134B3031C474F1DA340B081EF4803ED","RJ3304409F134B3031C474F1DA340B081EF4803ED"
"86","RJ-3304409-DF2D7E22A521423E904DC2124EE8DC1F","AT","RJ","3304409","DF2D7E22A521423E904DC2124EE8DC1F","RJ3304409DF2D7E22A521423E904DC2124EE8DC1F"
"87","RJ-3304409-EC1D6347B3A04CF69FFDB5D3889BE061","AT","RJ","3304409","EC1D6347B3A04CF69FFDB5D3889BE061","RJ3304409EC1D6347B3A04CF69FFDB5D3889BE061"
"88","RJ-3304409-0C44EC8BA8D74628B2D1C93020573DE6","AT","RJ","3304409","0C44EC8BA8D74628B2D1C93020573DE6","RJ33044090C44EC8BA8D74628B2D1C93020573DE6"
"89","RJ-3304409-5075FBCCE45D451FA4B0B904B6CF310E","AT","RJ","3304409","5075FBCCE45D451FA4B0B904B6CF310E","RJ33044095075FBCCE45D451FA4B0B904B6CF310E"
"90","RJ-3304409-904C26914472461FA7625FBA65BF154E","AT","RJ","3304409","904C26914472461FA7625FBA65BF154E","RJ3304409904C26914472461FA7625FBA65BF154E"
"91","RJ-3304409-E39C6258AD4E4AEE9F4E0776DD7A065C","AT","RJ","3304409","E39C6258AD4E4AEE9F4E0776DD7A065C","RJ3304409E39C6258AD4E4AEE9F4E0776DD7A065C"
"92","RJ-3304409-3C45FD32C8664BEAAFAF72AD08A2F330","AT","RJ","3304409","3C45FD32C8664BEAAFAF72AD08A2F330","RJ33044093C45FD32C8664BEAAFAF72AD08A2F330"
"93","RJ-3304409-F3093E03392E46B590D4BCCB5A396574","AT","RJ","3304409","F3093E03392E46B590D4BCCB5A396574","RJ3304409F3093E03392E46B590D4BCCB5A396574"
"94","RJ-3304409-815769347EF34F7D9B0921C38F2C9074","AT","RJ","3304409","815769347EF34F7D9B0921C38F2C9074","RJ3304409815769347EF34F7D9B0921C38F2C9074"
"95","RJ-3304409-5ADED1148022409FB68E2FAE270ED06A","AT","RJ","3304409","5ADED1148022409FB68E2FAE270ED06A","RJ33044095ADED1148022409FB68E2FAE270ED06A"
"96","RJ-3304409-3CBE295B55B641A795D6513B90875F92","AT","RJ","3304409","3CBE295B55B641A795D6513B90875F92","RJ33044093CBE295B55B641A795D6513B90875F92"
"97","RJ-3304409-67BDC2B7F1CD45FD82EB33BB400561A9","AT","RJ","3304409","67BDC2B7F1CD45FD82EB33BB400561A9","RJ330440967BDC2B7F1CD45FD82EB33BB400561A9"
"98","RJ-3304409-43028079E5614CFC974BAE9D644CA888","AT","RJ","3304409","43028079E5614CFC974BAE9D644CA888","RJ330440943028079E5614CFC974BAE9D644CA888"
"99","RJ-3304409-023D523362084FA5BFAEEC11AD3C6439","AT","RJ","3304409","023D523362084FA5BFAEEC11AD3C6439","RJ3304409023D523362084FA5BFAEEC11AD3C6439"
"100","RJ-3304409-D4E3DEF8E10F4F7BBE29D2CEE932D69E","AT","RJ","3304409","D4E3DEF8E10F4F7BBE29D2CEE932D69E","RJ3304409D4E3DEF8E10F4F7BBE29D2CEE932D69E"
"101","RJ-3304409-CC53E4761B1F416EBC26E99C9F2793CC","AT","RJ","3304409","CC53E4761B1F416EBC26E99C9F2793CC","RJ3304409CC53E4761B1F416EBC26E99C9F2793CC"
"102","RJ-3304409-A689F2D92E9342B78F24ED86C808CCD6","AT","RJ","3304409","A689F2D92E9342B78F24ED86C808CCD6","RJ3304409A689F2D92E9342B78F24ED86C808CCD6"
"103","RJ-3304409-7ABAD3F621CA44308A45CC7BD15B84D1","AT","RJ","3304409","7ABAD3F621CA44308A45CC7BD15B84D1","RJ33044097ABAD3F621CA44308A45CC7BD15B84D1"
"104","RJ-3304409-3308F65D111E47CFA6001AA5207D20F1","AT","RJ","3304409","3308F65D111E47CFA6001AA5207D20F1","RJ33044093308F65D111E47CFA6001AA5207D20F1"
"105","RJ-3304409-7ADADAF9D64A4A7A8EAB7C809EA4C334","AT","RJ","3304409","7ADADAF9D64A4A7A8EAB7C809EA4C334","RJ33044097ADADAF9D64A4A7A8EAB7C809EA4C334"
"106","RJ-3304409-374BF16BE9E34FE4902188E4390B74E4","AT","RJ","3304409","374BF16BE9E34FE4902188E4390B74E4","RJ3304409374BF16BE9E34FE4902188E4390B74E4"
"107","RJ-3304409-8CC64187729E40368243FDC8E805E017","AT","RJ","3304409","8CC64187729E40368243FDC8E805E017","RJ33044098CC64187729E40368243FDC8E805E017"
"108","RJ-3304409-A5C9B252213346E4995E9AF1AA27D726","AT","RJ","3304409","A5C9B252213346E4995E9AF1AA27D726","RJ3304409A5C9B252213346E4995E9AF1AA27D726"
"109","RJ-3304409-12ADBCB0C508412AA17FBD7D3FAF91AF","AT","RJ","3304409","12ADBCB0C508412AA17FBD7D3FAF91AF","RJ330440912ADBCB0C508412AA17FBD7D3FAF91AF"
"110","RJ-3304409-9B4F852C2C374F0782C71390AED98E7F","AT","RJ","3304409","9B4F852C2C374F0782C71390AED98E7F","RJ33044099B4F852C2C374F0782C71390AED98E7F"
"111","RJ-3304409-36C032AAECDB4EF5BEA1BB0A9FBED873","AT","RJ","3304409","36C032AAECDB4EF5BEA1BB0A9FBED873","RJ330440936C032AAECDB4EF5BEA1BB0A9FBED873"
"112","RJ-3304409-8D00080DF0F14D558ABC4DE128D1ED67","AT","RJ","3304409","8D00080DF0F14D558ABC4DE128D1ED67","RJ33044098D00080DF0F14D558ABC4DE128D1ED67"
"113","RJ-3304409-6891A4261B7B4085ADC9ED4110BAF9C3","AT","RJ","3304409","6891A4261B7B4085ADC9ED4110BAF9C3","RJ33044096891A4261B7B4085ADC9ED4110BAF9C3"
"114","RJ-3304409-442DE91F2EE6453AA0AC8715D24C79D2","AT","RJ","3304409","442DE91F2EE6453AA0AC8715D24C79D2","RJ3304409442DE91F2EE6453AA0AC8715D24C79D2"
"115","RJ-3304409-9F79FBA2233F4875BE590AD179B0E01E","AT","RJ","3304409","9F79FBA2233F4875BE590AD179B0E01E","RJ33044099F79FBA2233F4875BE590AD179B0E01E"
"116","RJ-3304409-7515AD91035F4710A27F5BF43CA794DA","AT","RJ","3304409","7515AD91035F4710A27F5BF43CA794DA","RJ33044097515AD91035F4710A27F5BF43CA794DA"
"117","RJ-3304409-69DA57D417DA44E69BB6476E108CFC06","AT","RJ","3304409","69DA57D417DA44E69BB6476E108CFC06","RJ330440969DA57D417DA44E69BB6476E108CFC06"
"118","RJ-3304409-53C918EAD69E4E89A8A378FF5847F29F","AT","RJ","3304409","53C918EAD69E4E89A8A378FF5847F29F","RJ330440953C918EAD69E4E89A8A378FF5847F29F"
"119","RJ-3304409-DACCC2FB59414C3894D706E7DAEF3E9D","AT","RJ","3304409","DACCC2FB59414C3894D706E7DAEF3E9D","RJ3304409DACCC2FB59414C3894D706E7DAEF3E9D"
"120","RJ-3304409-5A96C682B968468082C0ED7E88BC7554","AT","RJ","3304409","5A96C682B968468082C0ED7E88BC7554","RJ33044095A96C682B968468082C0ED7E88BC7554"
"121","RJ-3304409-96AF57E82B7346FEA1B609C3A2386A97","AT","RJ","3304409","96AF57E82B7346FEA1B609C3A2386A97","RJ330440996AF57E82B7346FEA1B609C3A2386A97"
"122","RJ-3304409-C7A1584F8A8142C385E7788ED669F35E","AT","RJ","3304409","C7A1584F8A8142C385E7788ED669F35E","RJ3304409C7A1584F8A8142C385E7788ED669F35E"
"123","RJ-3304409-9976B6B0725C4E16ADB0131036E267E5","AT","RJ","3304409","9976B6B0725C4E16ADB0131036E267E5","RJ33044099976B6B0725C4E16ADB0131036E267E5"
"124","RJ-3304409-F5A789A8DA7C443282FD40687380B261","AT","RJ","3304409","F5A789A8DA7C443282FD40687380B261","RJ3304409F5A789A8DA7C443282FD40687380B261"
"125","RJ-3304409-17DBDFBC1A2A41CA9814B5F91AAA808B","AT","RJ","3304409","17DBDFBC1A2A41CA9814B5F91AAA808B","RJ330440917DBDFBC1A2A41CA9814B5F91AAA808B"
"126","RJ-3304409-77F22EDED35E467F86D75488C6719095","AT","RJ","3304409","77F22EDED35E467F86D75488C6719095","RJ330440977F22EDED35E467F86D75488C6719095"
"127","RJ-3304409-1A98176602F143FF9B9609CC854146C4","AT","RJ","3304409","1A98176602F143FF9B9609CC854146C4","RJ33044091A98176602F143FF9B9609CC854146C4"
"128","RJ-3304409-9CD728229F244B5997C8FE1947A64257","AT","RJ","3304409","9CD728229F244B5997C8FE1947A64257","RJ33044099CD728229F244B5997C8FE1947A64257"
"129","RJ-3304409-049C372F73224B85AE8EF31B28C26BB2","AT","RJ","3304409","049C372F73224B85AE8EF31B28C26BB2","RJ3304409049C372F73224B85AE8EF31B28C26BB2"
"130","RJ-3304409-8F21A5EB9B8847F999FAF63CDF995792","AT","RJ","3304409","8F21A5EB9B8847F999FAF63CDF995792","RJ33044098F21A5EB9B8847F999FAF63CDF995792"
"131","RJ-3304409-B9B3BB5605C2456A91B0C08C1EBF1F99","AT","RJ","3304409","B9B3BB5605C2456A91B0C08C1EBF1F99","RJ3304409B9B3BB5605C2456A91B0C08C1EBF1F99"
"132","RJ-3304409-DB55BCABFE9D47B98EE82706FB70687D","AT","RJ","3304409","DB55BCABFE9D47B98EE82706FB70687D","RJ3304409DB55BCABFE9D47B98EE82706FB70687D"
"133","RJ-3304409-24FEF0FA4BCF430F871B7E3205C3C103","AT","RJ","3304409","24FEF0FA4BCF430F871B7E3205C3C103","RJ330440924FEF0FA4BCF430F871B7E3205C3C103"
"134","RJ-3304409-A694125FE3C9447EBB04CA7397968298","AT","RJ","3304409","A694125FE3C9447EBB04CA7397968298","RJ3304409A694125FE3C9447EBB04CA7397968298"
"135","RJ-3304409-AD398B421EC142198F96BA2288D8BD3B","AT","RJ","3304409","AD398B421EC142198F96BA2288D8BD3B","RJ3304409AD398B421EC142198F96BA2288D8BD3B"
"136","RJ-3304409-82410C8A99FA41E2BE01EF6022AECEA2","AT","RJ","3304409","82410C8A99FA41E2BE01EF6022AECEA2","RJ330440982410C8A99FA41E2BE01EF6022AECEA2"
"137","RJ-3304409-F27CA930AC05453882F5402376F2A30D","AT","RJ","3304409","F27CA930AC05453882F5402376F2A30D","RJ3304409F27CA930AC05453882F5402376F2A30D"
"138","RJ-3304409-C55FFDCE2867483EA83F2C9E7F670F1C","AT","RJ","3304409","C55FFDCE2867483EA83F2C9E7F670F1C","RJ3304409C55FFDCE2867483EA83F2C9E7F670F1C"
"139","RJ-3304409-813EB7793B5A45238DD7FEF680BEC6EC","AT","RJ","3304409","813EB7793B5A45238DD7FEF680BEC6EC","RJ3304409813EB7793B5A45238DD7FEF680BEC6EC"
"140","RJ-3304409-45778125C08C4CFD9CB7272902F24528","AT","RJ","3304409","45778125C08C4CFD9CB7272902F24528","RJ330440945778125C08C4CFD9CB7272902F24528"
"141","RJ-3304409-DBBC70FCCAB74B60A7BDD9800AB7A326","AT","RJ","3304409","DBBC70FCCAB74B60A7BDD9800AB7A326","RJ3304409DBBC70FCCAB74B60A7BDD9800AB7A326"
"142","RJ-3304409-18BA4972D11043A0BF41195A8C23DE55","AT","RJ","3304409","18BA4972D11043A0BF41195A8C23DE55","RJ330440918BA4972D11043A0BF41195A8C23DE55"
"143","RJ-3304409-FDF70C8A461C45219D07FD4B051D5D51","AT","RJ","3304409","FDF70C8A461C45219D07FD4B051D5D51","RJ3304409FDF70C8A461C45219D07FD4B051D5D51"
"144","RJ-3304409-36FBBFAF56D94BEEBDD0E2676E2E020E","AT","RJ","3304409","36FBBFAF56D94BEEBDD0E2676E2E020E","RJ330440936FBBFAF56D94BEEBDD0E2676E2E020E"
"145","RJ-3304409-063C9B3FF63F46FDABB048124A11B2BB","AT","RJ","3304409","063C9B3FF63F46FDABB048124A11B2BB","RJ3304409063C9B3FF63F46FDABB048124A11B2BB"
"146","RJ-3304409-7313631B0BD04EC7B6BDEBE1363E2E8E","AT","RJ","3304409","7313631B0BD04EC7B6BDEBE1363E2E8E","RJ33044097313631B0BD04EC7B6BDEBE1363E2E8E"
"147","RJ-3304409-1AD098B46EB44FF4A6058590CCCC7711","AT","RJ","3304409","1AD098B46EB44FF4A6058590CCCC7711","RJ33044091AD098B46EB44FF4A6058590CCCC7711"
"148","RJ-3304409-BA107E95C701439693B5B5C23834EF02","AT","RJ","3304409","BA107E95C701439693B5B5C23834EF02","RJ3304409BA107E95C701439693B5B5C23834EF02"
"149","RJ-3304409-2F9414A59A0E4FFAB2ED432EFFE2C1B6","AT","RJ","3304409","2F9414A59A0E4FFAB2ED432EFFE2C1B6","RJ33044092F9414A59A0E4FFAB2ED432EFFE2C1B6"
"150","RJ-3304409-011AE8D98DB346A7990C127350AE6861","AT","RJ","3304409","011AE8D98DB346A7990C127350AE6861","RJ3304409011AE8D98DB346A7990C127350AE6861"
"151","RJ-3304409-00BFD3CC6D0649299C405D07C0812B94","AT","RJ","3304409","00BFD3CC6D0649299C405D07C0812B94","RJ330440900BFD3CC6D0649299C405D07C0812B94"
"152","RJ-3304409-89571522A87B4C1092B024998A1056A0","AT","RJ","3304409","89571522A87B4C1092B024998A1056A0","RJ330440989571522A87B4C1092B024998A1056A0"
"153","RJ-3304409-19A931A65E5B44E98A11F18D97025300","AT","RJ","3304409","19A931A65E5B44E98A11F18D97025300","RJ330440919A931A65E5B44E98A11F18D97025300"
"154","RJ-3304409-226435BF96EB47B3BFC407439B217104","AT","RJ","3304409","226435BF96EB47B3BFC407439B217104","RJ3304409226435BF96EB47B3BFC407439B217104"
"155","RJ-3304409-41024675B62649B7A4F252A6E173F27E","AT","RJ","3304409","41024675B62649B7A4F252A6E173F27E","RJ330440941024675B62649B7A4F252A6E173F27E"
"156","RJ-3304409-A46C15E6230D407CAC98119859559314","AT","RJ","3304409","A46C15E6230D407CAC98119859559314","RJ3304409A46C15E6230D407CAC98119859559314"
"157","RJ-3304409-8CC884757BEF40E29B2AC485AECA372F","AT","RJ","3304409","8CC884757BEF40E29B2AC485AECA372F","RJ33044098CC884757BEF40E29B2AC485AECA372F"
"158","RJ-3304409-2D63BEB61E12456EBA268713E74810BA","AT","RJ","3304409","2D63BEB61E12456EBA268713E74810BA","RJ33044092D63BEB61E12456EBA268713E74810BA"
"159","RJ-3304409-5195C6624C824E4280009DCF98102308","AT","RJ","3304409","5195C6624C824E4280009DCF98102308","RJ33044095195C6624C824E4280009DCF98102308"
"160","RJ-3304409-CE3A75380E81400FB7E28F424EDA2C1C","AT","RJ","3304409","CE3A75380E81400FB7E28F424EDA2C1C","RJ3304409CE3A75380E81400FB7E28F424EDA2C1C"
"161","RJ-3304409-F5AF29EE0F204D05B6F2BAD08D092182","AT","RJ","3304409","F5AF29EE0F204D05B6F2BAD08D092182","RJ3304409F5AF29EE0F204D05B6F2BAD08D092182"
"162","RJ-3304409-40C3D37FA8C94B3495F59AB3D080C29C","AT","RJ","3304409","40C3D37FA8C94B3495F59AB3D080C29C","RJ330440940C3D37FA8C94B3495F59AB3D080C29C"
"163","RJ-3304409-385D284C93B140C08B5531EDE64BFF19","AT","RJ","3304409","385D284C93B140C08B5531EDE64BFF19","RJ3304409385D284C93B140C08B5531EDE64BFF19"
"164","RJ-3304409-8FA31C1A1392476CA9222F0F5F9C24FE","AT","RJ","3304409","8FA31C1A1392476CA9222F0F5F9C24FE","RJ33044098FA31C1A1392476CA9222F0F5F9C24FE"
"165","RJ-3304409-FA2BC67A80BC43AC8DB8D4CF5872C87D","AT","RJ","3304409","FA2BC67A80BC43AC8DB8D4CF5872C87D","RJ3304409FA2BC67A80BC43AC8DB8D4CF5872C87D"
"166","RJ-3304409-2527C2BDDA134E3B9249F9E15C5934B0","AT","RJ","3304409","2527C2BDDA134E3B9249F9E15C5934B0","RJ33044092527C2BDDA134E3B9249F9E15C5934B0"
"167","RJ-3304409-AE3C6C6DD81C41BA97696164A0424E9B","AT","RJ","3304409","AE3C6C6DD81C41BA97696164A0424E9B","RJ3304409AE3C6C6DD81C41BA97696164A0424E9B"
"168","RJ-3304409-837F71C747544CB8BB29EFE192C27848","AT","RJ","3304409","837F71C747544CB8BB29EFE192C27848","RJ3304409837F71C747544CB8BB29EFE192C27848"
"169","RJ-3304409-C68E932BB8F84DD8AC82F1EB6A9C2787","AT","RJ","3304409","C68E932BB8F84DD8AC82F1EB6A9C2787","RJ3304409C68E932BB8F84DD8AC82F1EB6A9C2787"
"170","RJ-3304409-818A30F17C50444DB3DBA904BDD89142","AT","RJ","3304409","818A30F17C50444DB3DBA904BDD89142","RJ3304409818A30F17C50444DB3DBA904BDD89142"
"171","RJ-3304409-C62E47532AD14A0CA329A6A0A69D8DFF","AT","RJ","3304409","C62E47532AD14A0CA329A6A0A69D8DFF","RJ3304409C62E47532AD14A0CA329A6A0A69D8DFF"
"172","RJ-3304409-0A6199E26DB443CDB665A54AFA0CF756","AT","RJ","3304409","0A6199E26DB443CDB665A54AFA0CF756","RJ33044090A6199E26DB443CDB665A54AFA0CF756"
"173","RJ-3304409-4F637A6C0059437186B2CAA04DA73C8C","AT","RJ","3304409","4F637A6C0059437186B2CAA04DA73C8C","RJ33044094F637A6C0059437186B2CAA04DA73C8C"
"174","RJ-3304409-D29590B7F496453790D7B5D34C37D9A7","AT","RJ","3304409","D29590B7F496453790D7B5D34C37D9A7","RJ3304409D29590B7F496453790D7B5D34C37D9A7"
"175","RJ-3304409-3FE59894B7A24D228CBCE745101A0ED0","AT","RJ","3304409","3FE59894B7A24D228CBCE745101A0ED0","RJ33044093FE59894B7A24D228CBCE745101A0ED0"
"176","RJ-3304409-164C9555CA534AF7A27B0271CA3D41D9","AT","RJ","3304409","164C9555CA534AF7A27B0271CA3D41D9","RJ3304409164C9555CA534AF7A27B0271CA3D41D9"
"177","RJ-3304409-776EA66BC32F43B19644B7D1B787B296","AT","RJ","3304409","776EA66BC32F43B19644B7D1B787B296","RJ3304409776EA66BC32F43B19644B7D1B787B296"
"178","RJ-3304409-E2EAA7F4D6464915ABB0923A6262C026","AT","RJ","3304409","E2EAA7F4D6464915ABB0923A6262C026","RJ3304409E2EAA7F4D6464915ABB0923A6262C026"
"179","RJ-3304409-396D66530DFB4AFBAD116AF04E4F2D6F","AT","RJ","3304409","396D66530DFB4AFBAD116AF04E4F2D6F","RJ3304409396D66530DFB4AFBAD116AF04E4F2D6F"
"180","RJ-3304409-0398A6BB00AC4F86B95A14702F183E68","AT","RJ","3304409","0398A6BB00AC4F86B95A14702F183E68","RJ33044090398A6BB00AC4F86B95A14702F183E68"
"181","RJ-3304409-8A2F2BF4BC654060B59A5AFF2BF02342","AT","RJ","3304409","8A2F2BF4BC654060B59A5AFF2BF02342","RJ33044098A2F2BF4BC654060B59A5AFF2BF02342"
"182","RJ-3304409-C90DC20DF8CC4C0F8425F018D33BDEF3","AT","RJ","3304409","C90DC20DF8CC4C0F8425F018D33BDEF3","RJ3304409C90DC20DF8CC4C0F8425F018D33BDEF3"
"183","RJ-3304409-F00098C51BC44D62A6909557A08E27EB","AT","RJ","3304409","F00098C51BC44D62A6909557A08E27EB","RJ3304409F00098C51BC44D62A6909557A08E27EB"
"184","RJ-3304409-0905B41282B24386909FA741CE7704FA","AT","RJ","3304409","0905B41282B24386909FA741CE7704FA","RJ33044090905B41282B24386909FA741CE7704FA"
"185","RJ-3304409-A6D3768F84684121BF3C7FCFB7823769","AT","RJ","3304409","A6D3768F84684121BF3C7FCFB7823769","RJ3304409A6D3768F84684121BF3C7FCFB7823769"
"186","RJ-3304409-CA6F558A19DB41F58CAD289FABA34715","AT","RJ","3304409","CA6F558A19DB41F58CAD289FABA34715","RJ3304409CA6F558A19DB41F58CAD289FABA34715"
"187","RJ-3304409-FDB6D940759F45EA9B2520CB57CC8087","AT","RJ","3304409","FDB6D940759F45EA9B2520CB57CC8087","RJ3304409FDB6D940759F45EA9B2520CB57CC8087"
"188","RJ-3304409-C738CEB88A5244C8953887A0C8E08D0E","AT","RJ","3304409","C738CEB88A5244C8953887A0C8E08D0E","RJ3304409C738CEB88A5244C8953887A0C8E08D0E"
"189","RJ-3304409-2856AD47AB6E4AFBB7BC35AA64445D8E","AT","RJ","3304409","2856AD47AB6E4AFBB7BC35AA64445D8E","RJ33044092856AD47AB6E4AFBB7BC35AA64445D8E"
"190","RJ-3304409-2C92FA54FA34477595CB83D8DDB58120","AT","RJ","3304409","2C92FA54FA34477595CB83D8DDB58120","RJ33044092C92FA54FA34477595CB83D8DDB58120"
"191","RJ-3304409-D46CF415594F4AB6A96BB682B5AAC175","AT","RJ","3304409","D46CF415594F4AB6A96BB682B5AAC175","RJ3304409D46CF415594F4AB6A96BB682B5AAC175"
"192","RJ-3304409-72A0C22B7E0043218688060D6D86438A","AT","RJ","3304409","72A0C22B7E0043218688060D6D86438A","RJ330440972A0C22B7E0043218688060D6D86438A"
"193","RJ-3304409-B260DFE5D9544A47B5E3DC93972DD200","AT","RJ","3304409","B260DFE5D9544A47B5E3DC93972DD200","RJ3304409B260DFE5D9544A47B5E3DC93972DD200"
"194","RJ-3304409-F68CD6737BAD4EEA830792ECE9253556","AT","RJ","3304409","F68CD6737BAD4EEA830792ECE9253556","RJ3304409F68CD6737BAD4EEA830792ECE9253556"
"195","RJ-3304409-FAAB47FCCB7944A7ABCDED8A969A25BF","AT","RJ","3304409","FAAB47FCCB7944A7ABCDED8A969A25BF","RJ3304409FAAB47FCCB7944A7ABCDED8A969A25BF"
"196","RJ-3304409-6A37F1473BB44BC0A4C7CE4E424616EE","AT","RJ","3304409","6A37F1473BB44BC0A4C7CE4E424616EE","RJ33044096A37F1473BB44BC0A4C7CE4E424616EE"
"197","RJ-3304409-792D1C1F2C9041F4B53903A86A27F7BC","AT","RJ","3304409","792D1C1F2C9041F4B53903A86A27F7BC","RJ3304409792D1C1F2C9041F4B53903A86A27F7BC"
"198","RJ-3304409-F48CDC93ABB34AFF8F5348AE9D20FD7E","AT","RJ","3304409","F48CDC93ABB34AFF8F5348AE9D20FD7E","RJ3304409F48CDC93ABB34AFF8F5348AE9D20FD7E"
"199","RJ-3304409-1E37B2DE0F6D4BC5B647675300804B66","AT","RJ","3304409","1E37B2DE0F6D4BC5B647675300804B66","RJ33044091E37B2DE0F6D4BC5B647675300804B66"
"200","RJ-3304409-388DB8E0E74A4869BD9AB0D245039B0F","AT","RJ","3304409","388DB8E0E74A4869BD9AB0D245039B0F","RJ3304409388DB8E0E74A4869BD9AB0D245039B0F"
"201","RJ-3304409-BA6F4EFF8E7E4596B75BFA715AD40A10","AT","RJ","3304409","BA6F4EFF8E7E4596B75BFA715AD40A10","RJ3304409BA6F4EFF8E7E4596B75BFA715AD40A10"
"202","RJ-3304409-5C829110C75E4ECFBA17CDA137BC7455","AT","RJ","3304409","5C829110C75E4ECFBA17CDA137BC7455","RJ33044095C829110C75E4ECFBA17CDA137BC7455"
"203","RJ-3304409-3687AD05A03E41FD8A863A3CB98C1CDA","CA","RJ","3304409","3687AD05A03E41FD8A863A3CB98C1CDA","RJ33044093687AD05A03E41FD8A863A3CB98C1CDA"
"204","RJ-3304409-1B7FC458C5294BB1AC1ED78B5EB08678","AT","RJ","3304409","1B7FC458C5294BB1AC1ED78B5EB08678","RJ33044091B7FC458C5294BB1AC1ED78B5EB08678"
"205","RJ-3304409-19BC76C756E84E0A8BAAC49764B57FB9","AT","RJ","3304409","19BC76C756E84E0A8BAAC49764B57FB9","RJ330440919BC76C756E84E0A8BAAC49764B57FB9"
"206","RJ-3304409-1563083877884B09AA98D76A5173AE9A","CA","RJ","3304409","1563083877884B09AA98D76A5173AE9A","RJ33044091563083877884B09AA98D76A5173AE9A"
"207","RJ-3304409-4438B2EE10DE4258A2187202665878A3","CA","RJ","3304409","4438B2EE10DE4258A2187202665878A3","RJ33044094438B2EE10DE4258A2187202665878A3"
"208","RJ-3304409-BA48996760784358A74964B377A1B214","AT","RJ","3304409","BA48996760784358A74964B377A1B214","RJ3304409BA48996760784358A74964B377A1B214"
"209","RJ-3304409-607A3E62BC7147F1852642FCC8CB5A74","AT","RJ","3304409","607A3E62BC7147F1852642FCC8CB5A74","RJ3304409607A3E62BC7147F1852642FCC8CB5A74"
"210","RJ-3304409-3123E3F44E9740DEA15332B9C203F813","CA","RJ","3304409","3123E3F44E9740DEA15332B9C203F813","RJ33044093123E3F44E9740DEA15332B9C203F813"
"211","RJ-3304409-30AAC29784CA4EF298B9D70E86B52C99","AT","RJ","3304409","30AAC29784CA4EF298B9D70E86B52C99","RJ330440930AAC29784CA4EF298B9D70E86B52C99"
"212","RJ-3304409-03DFB9E3DEDE4AE9A6A8BC98446E96D7","AT","RJ","3304409","03DFB9E3DEDE4AE9A6A8BC98446E96D7","RJ330440903DFB9E3DEDE4AE9A6A8BC98446E96D7"
"213","RJ-3304409-BC8CCACBF8A24CE2A0FEE55297364D67","AT","RJ","3304409","BC8CCACBF8A24CE2A0FEE55297364D67","RJ3304409BC8CCACBF8A24CE2A0FEE55297364D67"
"214","RJ-3304409-A1D30F7CD2EB4E9CA04765D44FC25A4E","AT","RJ","3304409","A1D30F7CD2EB4E9CA04765D44FC25A4E","RJ3304409A1D30F7CD2EB4E9CA04765D44FC25A4E"
"215","RJ-3304409-7F61ED248BF641A9A7983FFD412F3099","AT","RJ","3304409","7F61ED248BF641A9A7983FFD412F3099","RJ33044097F61ED248BF641A9A7983FFD412F3099"
"216","RJ-3304409-335FF0A38326433EB14CF468C5266EC6","AT","RJ","3304409","335FF0A38326433EB14CF468C5266EC6","RJ3304409335FF0A38326433EB14CF468C5266EC6"
"217","RJ-3304409-147A6B4C3B654A4892906BE580FE51D2","AT","RJ","3304409","147A6B4C3B654A4892906BE580FE51D2","RJ3304409147A6B4C3B654A4892906BE580FE51D2"
"218","RJ-3304409-47F8B23FA543485EA5A929B4EDF8ECC0","AT","RJ","3304409","47F8B23FA543485EA5A929B4EDF8ECC0","RJ330440947F8B23FA543485EA5A929B4EDF8ECC0"
"219","RJ-3304409-BE79E29EEB3B4C1F828EC06089342218","AT","RJ","3304409","BE79E29EEB3B4C1F828EC06089342218","RJ3304409BE79E29EEB3B4C1F828EC06089342218"
"220","RJ-3304409-D79149D923FE4622B9470987F771E205","AT","RJ","3304409","D79149D923FE4622B9470987F771E205","RJ3304409D79149D923FE4622B9470987F771E205"
"221","RJ-3304409-CB8A21A055EF4908A77B7EB791F37B4F","AT","RJ","3304409","CB8A21A055EF4908A77B7EB791F37B4F","RJ3304409CB8A21A055EF4908A77B7EB791F37B4F"
"222","RJ-3304409-5F9E6A1644AC402A8B4A7A31AE9FF000","AT","RJ","3304409","5F9E6A1644AC402A8B4A7A31AE9FF000","RJ33044095F9E6A1644AC402A8B4A7A31AE9FF000"
"223","RJ-3304409-E7918AB2CA5B469880A2D922C212AE3D","AT","RJ","3304409","E7918AB2CA5B469880A2D922C212AE3D","RJ3304409E7918AB2CA5B469880A2D922C212AE3D"
"224","RJ-3304409-A90FD0BCBFC44F7296D97266BE859540","AT","RJ","3304409","A90FD0BCBFC44F7296D97266BE859540","RJ3304409A90FD0BCBFC44F7296D97266BE859540"
"225","RJ-3304409-A53CA3E4EF1A48D0A5A1D0F186DD0B95","AT","RJ","3304409","A53CA3E4EF1A48D0A5A1D0F186DD0B95","RJ3304409A53CA3E4EF1A48D0A5A1D0F186DD0B95"
"226","RJ-3304409-14022BA72BDF448FB7E49EF67AFE2205","AT","RJ","3304409","14022BA72BDF448FB7E49EF67AFE2205","RJ330440914022BA72BDF448FB7E49EF67AFE2205"
"227","RJ-3304409-684F2FA88CEE4B8FBC45D549B161E23D","AT","RJ","3304409","684F2FA88CEE4B8FBC45D549B161E23D","RJ3304409684F2FA88CEE4B8FBC45D549B161E23D"
"228","RJ-3304409-93AE8B9C266C4EC286CAA0CFE2EDA2E9","AT","RJ","3304409","93AE8B9C266C4EC286CAA0CFE2EDA2E9","RJ330440993AE8B9C266C4EC286CAA0CFE2EDA2E9"
"229","RJ-3304409-610A30FF16DF4595BFBDA11189C49795","AT","RJ","3304409","610A30FF16DF4595BFBDA11189C49795","RJ3304409610A30FF16DF4595BFBDA11189C49795"
"230","RJ-3304409-6D367B7B17D942E0A19C7AA8A3CE28C8","AT","RJ","3304409","6D367B7B17D942E0A19C7AA8A3CE28C8","RJ33044096D367B7B17D942E0A19C7AA8A3CE28C8"
"231","RJ-3304409-2A93AE910AC44BC8ACF8915E84C48BB5","AT","RJ","3304409","2A93AE910AC44BC8ACF8915E84C48BB5","RJ33044092A93AE910AC44BC8ACF8915E84C48BB5"
"232","RJ-3304409-D80AB209FB5D42B1B634532A158E01A9","AT","RJ","3304409","D80AB209FB5D42B1B634532A158E01A9","RJ3304409D80AB209FB5D42B1B634532A158E01A9"
"233","RJ-3304409-50572023C8314648A43CE6D845BE5950","AT","RJ","3304409","50572023C8314648A43CE6D845BE5950","RJ330440950572023C8314648A43CE6D845BE5950"
"234","RJ-3304409-3E719783F40D4C7295A99EF8D9C978AA","AT","RJ","3304409","3E719783F40D4C7295A99EF8D9C978AA","RJ33044093E719783F40D4C7295A99EF8D9C978AA"
"235","RJ-3304409-EC2D79EEF40A421AAD5B00781C6674D3","AT","RJ","3304409","EC2D79EEF40A421AAD5B00781C6674D3","RJ3304409EC2D79EEF40A421AAD5B00781C6674D3"
"236","RJ-3304409-3FF2C812F9D849089B78081A19525694","AT","RJ","3304409","3FF2C812F9D849089B78081A19525694","RJ33044093FF2C812F9D849089B78081A19525694"
"237","RJ-3304409-4FB12DF8A1D146A8A759DAE6CF2650F3","AT","RJ","3304409","4FB12DF8A1D146A8A759DAE6CF2650F3","RJ33044094FB12DF8A1D146A8A759DAE6CF2650F3"
"238","RJ-3304409-F0073F67C50D4C8C8A82A5F51AFA809A","AT","RJ","3304409","F0073F67C50D4C8C8A82A5F51AFA809A","RJ3304409F0073F67C50D4C8C8A82A5F51AFA809A"
"239","RJ-3304409-FD102A91F795467394FE5DECC9377DBC","AT","RJ","3304409","FD102A91F795467394FE5DECC9377DBC","RJ3304409FD102A91F795467394FE5DECC9377DBC"
"240","RJ-3304409-93561DE36FE941B4ABD3FC9A61570A90","AT","RJ","3304409","93561DE36FE941B4ABD3FC9A61570A90","RJ330440993561DE36FE941B4ABD3FC9A61570A90"
"241","RJ-3304409-4E3C8751164D4C32B530B446CDE509B5","AT","RJ","3304409","4E3C8751164D4C32B530B446CDE509B5","RJ33044094E3C8751164D4C32B530B446CDE509B5"
"242","RJ-3304409-397390E74B9F41F3A7AA7CD310348C2C","AT","RJ","3304409","397390E74B9F41F3A7AA7CD310348C2C","RJ3304409397390E74B9F41F3A7AA7CD310348C2C"
"243","RJ-3304409-9F49DBB4449D4C9A901D9534603F4BEB","AT","RJ","3304409","9F49DBB4449D4C9A901D9534603F4BEB","RJ33044099F49DBB4449D4C9A901D9534603F4BEB"
"244","RJ-3304409-87CCA654A4A844B6BEAA69025F498A74","AT","RJ","3304409","87CCA654A4A844B6BEAA69025F498A74","RJ330440987CCA654A4A844B6BEAA69025F498A74"
"245","RJ-3304409-C224359DB98841E28A582D21F62EB6FB","AT","RJ","3304409","C224359DB98841E28A582D21F62EB6FB","RJ3304409C224359DB98841E28A582D21F62EB6FB"
"246","RJ-3304409-B68837D1734A4666A2801DAA6FFC9FC2","AT","RJ","3304409","B68837D1734A4666A2801DAA6FFC9FC2","RJ3304409B68837D1734A4666A2801DAA6FFC9FC2"
"247","RJ-3304409-608BDA6863C84A3399F27E740AE9AE80","AT","RJ","3304409","608BDA6863C84A3399F27E740AE9AE80","RJ3304409608BDA6863C84A3399F27E740AE9AE80"
"248","RJ-3304409-711FC6CFD5C449ACAC9DE8DA8EA78539","AT","RJ","3304409","711FC6CFD5C449ACAC9DE8DA8EA78539","RJ3304409711FC6CFD5C449ACAC9DE8DA8EA78539"
"249","RJ-3304409-C9B2F509CEFB42D29F074C176820A701","AT","RJ","3304409","C9B2F509CEFB42D29F074C176820A701","RJ3304409C9B2F509CEFB42D29F074C176820A701"
"250","RJ-3304409-4FE31328DB6F47D5960A497533A34BAF","AT","RJ","3304409","4FE31328DB6F47D5960A497533A34BAF","RJ33044094FE31328DB6F47D5960A497533A34BAF"
"251","RJ-3304409-475E78B97AC54470AC1E3CA5F1ED3C24","AT","RJ","3304409","475E78B97AC54470AC1E3CA5F1ED3C24","RJ3304409475E78B97AC54470AC1E3CA5F1ED3C24"
"252","RJ-3304409-946B54CAC6E0412EB33AE8F0D46824CA","AT","RJ","3304409","946B54CAC6E0412EB33AE8F0D46824CA","RJ3304409946B54CAC6E0412EB33AE8F0D46824CA"
"253","RJ-3304409-2227C787186A471E80AECC19CF49B6FE","AT","RJ","3304409","2227C787186A471E80AECC19CF49B6FE","RJ33044092227C787186A471E80AECC19CF49B6FE"
"254","RJ-3304409-88F76692BF3B4DD193E4ED99F6C22F67","AT","RJ","3304409","88F76692BF3B4DD193E4ED99F6C22F67","RJ330440988F76692BF3B4DD193E4ED99F6C22F67"
"255","RJ-3304409-EE8E6921BFAC4E1DA78E176D6E69B8EA","AT","RJ","3304409","EE8E6921BFAC4E1DA78E176D6E69B8EA","RJ3304409EE8E6921BFAC4E1DA78E176D6E69B8EA"
"256","RJ-3304409-EDCC90325BF3439584F16164AD8A349C","AT","RJ","3304409","EDCC90325BF3439584F16164AD8A349C","RJ3304409EDCC90325BF3439584F16164AD8A349C"
"257","RJ-3304409-40F220200EAC4DC0BBAEA7B3DB08A6F2","AT","RJ","3304409","40F220200EAC4DC0BBAEA7B3DB08A6F2","RJ330440940F220200EAC4DC0BBAEA7B3DB08A6F2"
"258","RJ-3304409-C78B6CA715FD47509287BDAD522485C3","AT","RJ","3304409","C78B6CA715FD47509287BDAD522485C3","RJ3304409C78B6CA715FD47509287BDAD522485C3"
"259","RJ-3304409-1F909867077745A78B07F206C270AA16","AT","RJ","3304409","1F909867077745A78B07F206C270AA16","RJ33044091F909867077745A78B07F206C270AA16"
"260","RJ-3304409-6E516C3550E2423ABA16435A6D8CA2ED","AT","RJ","3304409","6E516C3550E2423ABA16435A6D8CA2ED","RJ33044096E516C3550E2423ABA16435A6D8CA2ED"
"261","RJ-3304409-7C610D2920C340BAB7B14CD66C307830","AT","RJ","3304409","7C610D2920C340BAB7B14CD66C307830","RJ33044097C610D2920C340BAB7B14CD66C307830"
"262","RJ-3304409-2F22EE8AEEA44EEBAFBE303C87777787","AT","RJ","3304409","2F22EE8AEEA44EEBAFBE303C87777787","RJ33044092F22EE8AEEA44EEBAFBE303C87777787"
"263","RJ-3304409-7A032D1C30FE437ABCB69621DADF42CA","AT","RJ","3304409","7A032D1C30FE437ABCB69621DADF42CA","RJ33044097A032D1C30FE437ABCB69621DADF42CA"
"264","RJ-3304409-1C3F65DCFB2A43AC8FAE3378AFCFC0E3","AT","RJ","3304409","1C3F65DCFB2A43AC8FAE3378AFCFC0E3","RJ33044091C3F65DCFB2A43AC8FAE3378AFCFC0E3"
"265","RJ-3304409-EBB7185BC093414ABD02F21B41B92174","AT","RJ","3304409","EBB7185BC093414ABD02F21B41B92174","RJ3304409EBB7185BC093414ABD02F21B41B92174"
"266","RJ-3304409-2B4B4915EA9E4410BFBA8A07250FF772","AT","RJ","3304409","2B4B4915EA9E4410BFBA8A07250FF772","RJ33044092B4B4915EA9E4410BFBA8A07250FF772"
"267","RJ-3304409-406674E60B5E430B9D5939CAB7C9138A","AT","RJ","3304409","406674E60B5E430B9D5939CAB7C9138A","RJ3304409406674E60B5E430B9D5939CAB7C9138A"
"268","RJ-3304409-A17D507D57394852A56F7107A9D18904","AT","RJ","3304409","A17D507D57394852A56F7107A9D18904","RJ3304409A17D507D57394852A56F7107A9D18904"
"269","RJ-3304409-BDFE4E7F50854487840203573F609B9A","AT","RJ","3304409","BDFE4E7F50854487840203573F609B9A","RJ3304409BDFE4E7F50854487840203573F609B9A"
"270","RJ-3304409-6845CCAA92564D2AB6418F243AA26BA9","AT","RJ","3304409","6845CCAA92564D2AB6418F243AA26BA9","RJ33044096845CCAA92564D2AB6418F243AA26BA9"
"271","RJ-3304409-628F4AD750564A8889EC62B46952E107","AT","RJ","3304409","628F4AD750564A8889EC62B46952E107","RJ3304409628F4AD750564A8889EC62B46952E107"
"272","RJ-3304409-5A81645F47244F32B07B1349A6B19B5B","AT","RJ","3304409","5A81645F47244F32B07B1349A6B19B5B","RJ33044095A81645F47244F32B07B1349A6B19B5B"
"273","RJ-3304409-BC08F49024A74C9EB0E23A2A123B8A31","AT","RJ","3304409","BC08F49024A74C9EB0E23A2A123B8A31","RJ3304409BC08F49024A74C9EB0E23A2A123B8A31"
"274","RJ-3304409-33EAD6AFCD0A450DB1B2E1F7DAE21236","AT","RJ","3304409","33EAD6AFCD0A450DB1B2E1F7DAE21236","RJ330440933EAD6AFCD0A450DB1B2E1F7DAE21236"
"275","RJ-3304409-8D78765EC6C14E23B18BFC77C5D02FAC","PE","RJ","3304409","8D78765EC6C14E23B18BFC77C5D02FAC","RJ33044098D78765EC6C14E23B18BFC77C5D02FAC"
"276","RJ-3304409-68C6272A84CF439D9F83ADCE0C610A9A","AT","RJ","3304409","68C6272A84CF439D9F83ADCE0C610A9A","RJ330440968C6272A84CF439D9F83ADCE0C610A9A"
"277","RJ-3304409-354E1D74417F4AC88CA97B9504A7F4C2","AT","RJ","3304409","354E1D74417F4AC88CA97B9504A7F4C2","RJ3304409354E1D74417F4AC88CA97B9504A7F4C2"
"278","RJ-3304409-A6B95F909278460FB975557034D99C99","AT","RJ","3304409","A6B95F909278460FB975557034D99C99","RJ3304409A6B95F909278460FB975557034D99C99"
"279","RJ-3304409-E126F5BF172E4583A6A68CFB9A348F53","AT","RJ","3304409","E126F5BF172E4583A6A68CFB9A348F53","RJ3304409E126F5BF172E4583A6A68CFB9A348F53"
"280","RJ-3304409-47799EB4097841EBB20579335EA34D3F","AT","RJ","3304409","47799EB4097841EBB20579335EA34D3F","RJ330440947799EB4097841EBB20579335EA34D3F"
"281","RJ-3304409-6E06FA0E55074E1A957EB80720439A88","AT","RJ","3304409","6E06FA0E55074E1A957EB80720439A88","RJ33044096E06FA0E55074E1A957EB80720439A88"
"282","RJ-3304409-83199A2E0A0E4A459FDBD13CCA3C41A7","AT","RJ","3304409","83199A2E0A0E4A459FDBD13CCA3C41A7","RJ330440983199A2E0A0E4A459FDBD13CCA3C41A7"
"283","RJ-3304409-CE5638A2C41D4CA1A7032BEBAD68429D","AT","RJ","3304409","CE5638A2C41D4CA1A7032BEBAD68429D","RJ3304409CE5638A2C41D4CA1A7032BEBAD68429D"
"284","RJ-3304409-FB74125383DC4E48AAF70B18401C05EE","AT","RJ","3304409","FB74125383DC4E48AAF70B18401C05EE","RJ3304409FB74125383DC4E48AAF70B18401C05EE"
"285","RJ-3304409-53E20C13537249E0AE139D447E52CE59","AT","RJ","3304409","53E20C13537249E0AE139D447E52CE59","RJ330440953E20C13537249E0AE139D447E52CE59"
"286","RJ-3304409-993DA2EF1E7B4403B866F20D8D632404","AT","RJ","3304409","993DA2EF1E7B4403B866F20D8D632404","RJ3304409993DA2EF1E7B4403B866F20D8D632404"
"287","RJ-3304409-28EF141C84B9474193F1A8D5866C820D","AT","RJ","3304409","28EF141C84B9474193F1A8D5866C820D","RJ330440928EF141C84B9474193F1A8D5866C820D"
"288","RJ-3304409-E3EF94A0CBCD427483C1FEF9A1041CB5","AT","RJ","3304409","E3EF94A0CBCD427483C1FEF9A1041CB5","RJ3304409E3EF94A0CBCD427483C1FEF9A1041CB5"
"289","RJ-3304409-844DC319D367446EA93C94E1F9FE9665","AT","RJ","3304409","844DC319D367446EA93C94E1F9FE9665","RJ3304409844DC319D367446EA93C94E1F9FE9665"
"290","RJ-3304409-9BFF9BC32E7F4951B8B190AB122DB54F","AT","RJ","3304409","9BFF9BC32E7F4951B8B190AB122DB54F","RJ33044099BFF9BC32E7F4951B8B190AB122DB54F"
"291","RJ-3304409-89B23A871CD249D1B0103B88102AAD71","AT","RJ","3304409","89B23A871CD249D1B0103B88102AAD71","RJ330440989B23A871CD249D1B0103B88102AAD71"
"292","RJ-3304409-61FFA3D29D0A434FA59C189C4A584FD5","AT","RJ","3304409","61FFA3D29D0A434FA59C189C4A584FD5","RJ330440961FFA3D29D0A434FA59C189C4A584FD5"
"293","RJ-3304409-6E935DF686A549B18EB86E64D98E12E9","AT","RJ","3304409","6E935DF686A549B18EB86E64D98E12E9","RJ33044096E935DF686A549B18EB86E64D98E12E9"
"294","RJ-3304409-11B600D252674EA0A1D1C8C672E94B8D","AT","RJ","3304409","11B600D252674EA0A1D1C8C672E94B8D","RJ330440911B600D252674EA0A1D1C8C672E94B8D"
"295","RJ-3304409-C1507CA962A946B4B6914247D820FE6F","AT","RJ","3304409","C1507CA962A946B4B6914247D820FE6F","RJ3304409C1507CA962A946B4B6914247D820FE6F"
"296","RJ-3304409-6AE5591B5A434031B0C6A0827EA3F219","AT","RJ","3304409","6AE5591B5A434031B0C6A0827EA3F219","RJ33044096AE5591B5A434031B0C6A0827EA3F219"
"297","RJ-3304409-7B230171B30D4EB182F6E7AEEF89D68B","AT","RJ","3304409","7B230171B30D4EB182F6E7AEEF89D68B","RJ33044097B230171B30D4EB182F6E7AEEF89D68B"
"298","RJ-3304409-72D112BF12F845E0B7C37BDB55E9FDD6","AT","RJ","3304409","72D112BF12F845E0B7C37BDB55E9FDD6","RJ330440972D112BF12F845E0B7C37BDB55E9FDD6"
"299","RJ-3304409-9DA424C7CDE94C1EAB223ECA289F4883","AT","RJ","3304409","9DA424C7CDE94C1EAB223ECA289F4883","RJ33044099DA424C7CDE94C1EAB223ECA289F4883"
"300","RJ-3304409-9AD33EB14F9D45F4AFD39579B09E2090","AT","RJ","3304409","9AD33EB14F9D45F4AFD39579B09E2090","RJ33044099AD33EB14F9D45F4AFD39579B09E2090"
"301","RJ-3304409-DC71F6D15D484C72A5540A89AC953BA2","AT","RJ","3304409","DC71F6D15D484C72A5540A89AC953BA2","RJ3304409DC71F6D15D484C72A5540A89AC953BA2"
"302","RJ-3304409-53BB58E55414439B8BFEEF18F817CFAC","AT","RJ","3304409","53BB58E55414439B8BFEEF18F817CFAC","RJ330440953BB58E55414439B8BFEEF18F817CFAC"
"303","RJ-3304409-6BA51A24031A437098808DF5BAA19DF7","AT","RJ","3304409","6BA51A24031A437098808DF5BAA19DF7","RJ33044096BA51A24031A437098808DF5BAA19DF7"
"304","RJ-3304409-0472453E0C4746A49C4DD26ECA0827DE","AT","RJ","3304409","0472453E0C4746A49C4DD26ECA0827DE","RJ33044090472453E0C4746A49C4DD26ECA0827DE"
"305","RJ-3304409-1F807AE5AAFE4F30BA1975DB27E8EFC2","AT","RJ","3304409","1F807AE5AAFE4F30BA1975DB27E8EFC2","RJ33044091F807AE5AAFE4F30BA1975DB27E8EFC2"
"306","RJ-3304409-9D8A91E539524300AC440A10430EF994","AT","RJ","3304409","9D8A91E539524300AC440A10430EF994","RJ33044099D8A91E539524300AC440A10430EF994"
"307","RJ-3304409-BFA83E33BB1D4C528C0332A5F1A0F132","AT","RJ","3304409","BFA83E33BB1D4C528C0332A5F1A0F132","RJ3304409BFA83E33BB1D4C528C0332A5F1A0F132"
"308","RJ-3304409-C3DD654202D14BCEA8802AA4F6CEFEB9","AT","RJ","3304409","C3DD654202D14BCEA8802AA4F6CEFEB9","RJ3304409C3DD654202D14BCEA8802AA4F6CEFEB9"
"309","RJ-3304409-49C94DB3394C4395BA7782D42B6FD565","AT","RJ","3304409","49C94DB3394C4395BA7782D42B6FD565","RJ330440949C94DB3394C4395BA7782D42B6FD565"
"310","RJ-3304409-E55424F2BB4B4318BD6BC3D4B5F3854C","AT","RJ","3304409","E55424F2BB4B4318BD6BC3D4B5F3854C","RJ3304409E55424F2BB4B4318BD6BC3D4B5F3854C"
"311","RJ-3304409-18C02E2A14D5405A9F5C3B1450FA552A","AT","RJ","3304409","18C02E2A14D5405A9F5C3B1450FA552A","RJ330440918C02E2A14D5405A9F5C3B1450FA552A"
"312","RJ-3304409-21615B3260964DA8961264AFC04F6174","AT","RJ","3304409","21615B3260964DA8961264AFC04F6174","RJ330440921615B3260964DA8961264AFC04F6174"
"313","RJ-3304409-6A1B72E590FA436D94525FBCE000D94E","AT","RJ","3304409","6A1B72E590FA436D94525FBCE000D94E","RJ33044096A1B72E590FA436D94525FBCE000D94E"
"314","RJ-3304409-636313EF58D64A618082D4F960D95959","AT","RJ","3304409","636313EF58D64A618082D4F960D95959","RJ3304409636313EF58D64A618082D4F960D95959"
"315","RJ-3304409-252BB933BCAF48BAAD657B487DF8C788","AT","RJ","3304409","252BB933BCAF48BAAD657B487DF8C788","RJ3304409252BB933BCAF48BAAD657B487DF8C788"
"316","RJ-3304409-B36E06E2D92D4456B17E10E51F2E5B1C","AT","RJ","3304409","B36E06E2D92D4456B17E10E51F2E5B1C","RJ3304409B36E06E2D92D4456B17E10E51F2E5B1C"
"317","RJ-3304409-389126435C8E4C4C9D0FA69B550A270A","AT","RJ","3304409","389126435C8E4C4C9D0FA69B550A270A","RJ3304409389126435C8E4C4C9D0FA69B550A270A"
"318","RJ-3304409-845DBB6450D04ED78561CBF6F3DD1F7E","AT","RJ","3304409","845DBB6450D04ED78561CBF6F3DD1F7E","RJ3304409845DBB6450D04ED78561CBF6F3DD1F7E"
"319","RJ-3304409-64B0C9E99CB240F58917E51CA77C5502","AT","RJ","3304409","64B0C9E99CB240F58917E51CA77C5502","RJ330440964B0C9E99CB240F58917E51CA77C5502"
"320","RJ-3304409-DBAB06B9777F44918867662BE0430F91","AT","RJ","3304409","DBAB06B9777F44918867662BE0430F91","RJ3304409DBAB06B9777F44918867662BE0430F91"
"321","RJ-3304409-2262DC4EBDFB4612A1C79D9907E01A8D","AT","RJ","3304409","2262DC4EBDFB4612A1C79D9907E01A8D","RJ33044092262DC4EBDFB4612A1C79D9907E01A8D"
"322","RJ-3304409-C3B2E60F12A34412B80F894F4AE0D57C","AT","RJ","3304409","C3B2E60F12A34412B80F894F4AE0D57C","RJ3304409C3B2E60F12A34412B80F894F4AE0D57C"
"323","RJ-3304409-AE2E662055A646BBBB88B1115222E687","AT","RJ","3304409","AE2E662055A646BBBB88B1115222E687","RJ3304409AE2E662055A646BBBB88B1115222E687"
"324","RJ-3304409-4B66C026D8BB41D39087CA9A7A39033E","AT","RJ","3304409","4B66C026D8BB41D39087CA9A7A39033E","RJ33044094B66C026D8BB41D39087CA9A7A39033E"
"325","RJ-3304409-DA4BF4180D5740DB950350751E4B731C","AT","RJ","3304409","DA4BF4180D5740DB950350751E4B731C","RJ3304409DA4BF4180D5740DB950350751E4B731C"
"326","RJ-3304409-7D0D736A466847F1988C14F2A16ED227","AT","RJ","3304409","7D0D736A466847F1988C14F2A16ED227","RJ33044097D0D736A466847F1988C14F2A16ED227"
"327","RJ-3304409-31531247415943EE81F8050EAC487EFF","PE","RJ","3304409","31531247415943EE81F8050EAC487EFF","RJ330440931531247415943EE81F8050EAC487EFF"
"328","RJ-3304409-2B8F80F2D38A40BAB7049B4B61A97423","AT","RJ","3304409","2B8F80F2D38A40BAB7049B4B61A97423","RJ33044092B8F80F2D38A40BAB7049B4B61A97423"
"329","RJ-3304409-10F8D1D874AB493A88FAF908000C1E98","AT","RJ","3304409","10F8D1D874AB493A88FAF908000C1E98","RJ330440910F8D1D874AB493A88FAF908000C1E98"
"330","RJ-3304409-779FB6F3A524408B8FC358E2B0056E87","AT","RJ","3304409","779FB6F3A524408B8FC358E2B0056E87","RJ3304409779FB6F3A524408B8FC358E2B0056E87"
"331","RJ-3304409-7D0B50A699114B1FBF11078C150DA8C9","AT","RJ","3304409","7D0B50A699114B1FBF11078C150DA8C9","RJ33044097D0B50A699114B1FBF11078C150DA8C9"
"332","RJ-3304409-46AFD9E5B946461CBFDC85853D433CCB","AT","RJ","3304409","46AFD9E5B946461CBFDC85853D433CCB","RJ330440946AFD9E5B946461CBFDC85853D433CCB"
"333","RJ-3304409-DAC6F7DC624049C5BAD93A209DFD87CA","AT","RJ","3304409","DAC6F7DC624049C5BAD93A209DFD87CA","RJ3304409DAC6F7DC624049C5BAD93A209DFD87CA"
"334","RJ-3304409-00AC237137D44296AA7B0B6A479B61BE","AT","RJ","3304409","00AC237137D44296AA7B0B6A479B61BE","RJ330440900AC237137D44296AA7B0B6A479B61BE"
"335","RJ-3304409-BC4D9FC999004AFC881A6A65D493FDB3","AT","RJ","3304409","BC4D9FC999004AFC881A6A65D493FDB3","RJ3304409BC4D9FC999004AFC881A6A65D493FDB3"
"336","RJ-3304409-6A0DA01AFE64420E9C90791EEC0B0DC8","AT","RJ","3304409","6A0DA01AFE64420E9C90791EEC0B0DC8","RJ33044096A0DA01AFE64420E9C90791EEC0B0DC8"
"337","RJ-3304409-02466DE5D5C04C1492AA1B9F145116C3","AT","RJ","3304409","02466DE5D5C04C1492AA1B9F145116C3","RJ330440902466DE5D5C04C1492AA1B9F145116C3"
"338","RJ-3304409-D48707ACFB324A2F9D44650EA14A0D87","AT","RJ","3304409","D48707ACFB324A2F9D44650EA14A0D87","RJ3304409D48707ACFB324A2F9D44650EA14A0D87"
"339","RJ-3304409-26A921901F344E078D3A9D8526D462B8","AT","RJ","3304409","26A921901F344E078D3A9D8526D462B8","RJ330440926A921901F344E078D3A9D8526D462B8"
"340","RJ-3304409-55B50F5691FA433793B54F6B5CF93EC9","AT","RJ","3304409","55B50F5691FA433793B54F6B5CF93EC9","RJ330440955B50F5691FA433793B54F6B5CF93EC9"
"341","RJ-3304409-978944849BE64CBAAECB5296C5F55A45","AT","RJ","3304409","978944849BE64CBAAECB5296C5F55A45","RJ3304409978944849BE64CBAAECB5296C5F55A45"
"342","RJ-3304409-9DA97E9C3BE04D5F9756EEBB7EEC954A","AT","RJ","3304409","9DA97E9C3BE04D5F9756EEBB7EEC954A","RJ33044099DA97E9C3BE04D5F9756EEBB7EEC954A"
"343","RJ-3304409-2183AF44261B4F38926706BAF89A5E67","AT","RJ","3304409","2183AF44261B4F38926706BAF89A5E67","RJ33044092183AF44261B4F38926706BAF89A5E67"
"344","RJ-3304409-C8425FD68CE8418CA578A02E05C6272B","AT","RJ","3304409","C8425FD68CE8418CA578A02E05C6272B","RJ3304409C8425FD68CE8418CA578A02E05C6272B"
"345","RJ-3304409-EE342CE2DFD545FA977E8CE5BB8A2CAC","AT","RJ","3304409","EE342CE2DFD545FA977E8CE5BB8A2CAC","RJ3304409EE342CE2DFD545FA977E8CE5BB8A2CAC"
"346","RJ-3304409-B3D0DB0857DA48D7AC97FF51D1D8A4B8","AT","RJ","3304409","B3D0DB0857DA48D7AC97FF51D1D8A4B8","RJ3304409B3D0DB0857DA48D7AC97FF51D1D8A4B8"
"347","RJ-3304409-034493B0C8F34942ABBA1AFF0CBBAF85","AT","RJ","3304409","034493B0C8F34942ABBA1AFF0CBBAF85","RJ3304409034493B0C8F34942ABBA1AFF0CBBAF85"
"348","RJ-3304409-44721388414C4D5489702DDEA62021B7","AT","RJ","3304409","44721388414C4D5489702DDEA62021B7","RJ330440944721388414C4D5489702DDEA62021B7"
"349","RJ-3304409-48A5D811EF1E488BBDDC7E207C36238F","AT","RJ","3304409","48A5D811EF1E488BBDDC7E207C36238F","RJ330440948A5D811EF1E488BBDDC7E207C36238F"
"350","RJ-3304409-6C4C01AC13D042CC829EA743063698A3","AT","RJ","3304409","6C4C01AC13D042CC829EA743063698A3","RJ33044096C4C01AC13D042CC829EA743063698A3"
"351","RJ-3304409-FC62E6C5F9134A09B4CC31C5EAEAF09A","AT","RJ","3304409","FC62E6C5F9134A09B4CC31C5EAEAF09A","RJ3304409FC62E6C5F9134A09B4CC31C5EAEAF09A"
"352","RJ-3304409-B7ED0841D0624ABEA2827A6EA6AC6D49","AT","RJ","3304409","B7ED0841D0624ABEA2827A6EA6AC6D49","RJ3304409B7ED0841D0624ABEA2827A6EA6AC6D49"
"353","RJ-3304409-FC10DAD5A08346DB9E60317DF56A165B","AT","RJ","3304409","FC10DAD5A08346DB9E60317DF56A165B","RJ3304409FC10DAD5A08346DB9E60317DF56A165B"
"354","RJ-3304409-C76830B3DB8B47F9A075EA6E226BE6ED","AT","RJ","3304409","C76830B3DB8B47F9A075EA6E226BE6ED","RJ3304409C76830B3DB8B47F9A075EA6E226BE6ED"
"355","RJ-3304409-AF45FDE09EE1418BB16AD1715A1C1E4B","AT","RJ","3304409","AF45FDE09EE1418BB16AD1715A1C1E4B","RJ3304409AF45FDE09EE1418BB16AD1715A1C1E4B"
"356","RJ-3304409-583B5E63046845F3BA0D866E3A90E115","AT","RJ","3304409","583B5E63046845F3BA0D866E3A90E115","RJ3304409583B5E63046845F3BA0D866E3A90E115"
"357","RJ-3304409-4E159B21C0674850B08D4B63A935C415","AT","RJ","3304409","4E159B21C0674850B08D4B63A935C415","RJ33044094E159B21C0674850B08D4B63A935C415"
"358","RJ-3304409-51ED5439350C4CDFBE53511A4DBA756F","AT","RJ","3304409","51ED5439350C4CDFBE53511A4DBA756F","RJ330440951ED5439350C4CDFBE53511A4DBA756F"
"359","RJ-3304409-940297E59B084073A076D18E58C1C1DF","AT","RJ","3304409","940297E59B084073A076D18E58C1C1DF","RJ3304409940297E59B084073A076D18E58C1C1DF"
"360","RJ-3304409-711480F670364DC89BB2BA6C063A4A3C","AT","RJ","3304409","711480F670364DC89BB2BA6C063A4A3C","RJ3304409711480F670364DC89BB2BA6C063A4A3C"
"361","RJ-3304409-F66A8E7CBA52441BB1A0EF09BF97B50C","AT","RJ","3304409","F66A8E7CBA52441BB1A0EF09BF97B50C","RJ3304409F66A8E7CBA52441BB1A0EF09BF97B50C"
"362","RJ-3304409-54FB39A8CB4C44628B97EAA6545D5451","AT","RJ","3304409","54FB39A8CB4C44628B97EAA6545D5451","RJ330440954FB39A8CB4C44628B97EAA6545D5451"
"363","RJ-3304409-254DB7540289437C8E7A759F70A2DAAF","AT","RJ","3304409","254DB7540289437C8E7A759F70A2DAAF","RJ3304409254DB7540289437C8E7A759F70A2DAAF"
"364","RJ-3304409-76743FF7AE3746939450E5F990A31DFA","AT","RJ","3304409","76743FF7AE3746939450E5F990A31DFA","RJ330440976743FF7AE3746939450E5F990A31DFA"
"365","RJ-3304409-C85C2F831C694E819746068AE58FF87B","AT","RJ","3304409","C85C2F831C694E819746068AE58FF87B","RJ3304409C85C2F831C694E819746068AE58FF87B"
"366","RJ-3304409-2E80B30ED9934046BB56561F8AC245AE","AT","RJ","3304409","2E80B30ED9934046BB56561F8AC245AE","RJ33044092E80B30ED9934046BB56561F8AC245AE"
"367","RJ-3304409-3E0122D0F2E24C26B7DC65E1E4A920C9","AT","RJ","3304409","3E0122D0F2E24C26B7DC65E1E4A920C9","RJ33044093E0122D0F2E24C26B7DC65E1E4A920C9"
"368","RJ-3304409-54B92F4C6BDB40FAAD5CF72799667C15","AT","RJ","3304409","54B92F4C6BDB40FAAD5CF72799667C15","RJ330440954B92F4C6BDB40FAAD5CF72799667C15"
"369","RJ-3304409-B5BFF5F644F649C89A93031EE0128240","AT","RJ","3304409","B5BFF5F644F649C89A93031EE0128240","RJ3304409B5BFF5F644F649C89A93031EE0128240"
"370","RJ-3304409-0131907897314E6688BEE953D1B80791","AT","RJ","3304409","0131907897314E6688BEE953D1B80791","RJ33044090131907897314E6688BEE953D1B80791"
"371","RJ-3304409-8DD7FF8F902449E7B35BF812FB7BA856","AT","RJ","3304409","8DD7FF8F902449E7B35BF812FB7BA856","RJ33044098DD7FF8F902449E7B35BF812FB7BA856"
"372","RJ-3304409-24322811268F4FEF9D2394E1BCA35713","AT","RJ","3304409","24322811268F4FEF9D2394E1BCA35713","RJ330440924322811268F4FEF9D2394E1BCA35713"
"373","RJ-3304409-B38963CF75344E3290225CD01F19E220","AT","RJ","3304409","B38963CF75344E3290225CD01F19E220","RJ3304409B38963CF75344E3290225CD01F19E220"
"374","RJ-3304409-9B961FD2600D4D3A9896FA38EE55FA03","AT","RJ","3304409","9B961FD2600D4D3A9896FA38EE55FA03","RJ33044099B961FD2600D4D3A9896FA38EE55FA03"
"375","RJ-3304409-B9A6338D770241F9952C3AD538FFBBA3","AT","RJ","3304409","B9A6338D770241F9952C3AD538FFBBA3","RJ3304409B9A6338D770241F9952C3AD538FFBBA3"
"376","RJ-3304409-D4B360789398460EBEDAAF41CF37F3F5","AT","RJ","3304409","D4B360789398460EBEDAAF41CF37F3F5","RJ3304409D4B360789398460EBEDAAF41CF37F3F5"
"377","RJ-3304409-74FF549A62344559BC6EED7B5A126806","AT","RJ","3304409","74FF549A62344559BC6EED7B5A126806","RJ330440974FF549A62344559BC6EED7B5A126806"
"378","RJ-3304409-24B0E06FE7E248D68B5CC8061E405161","AT","RJ","3304409","24B0E06FE7E248D68B5CC8061E405161","RJ330440924B0E06FE7E248D68B5CC8061E405161"
"379","RJ-3304409-4AE78BB6910A452FA3A3EFC61B44BDB6","AT","RJ","3304409","4AE78BB6910A452FA3A3EFC61B44BDB6","RJ33044094AE78BB6910A452FA3A3EFC61B44BDB6"
"380","RJ-3304409-F4FF17FAF83F4F0BBE6BD12C857C2902","AT","RJ","3304409","F4FF17FAF83F4F0BBE6BD12C857C2902","RJ3304409F4FF17FAF83F4F0BBE6BD12C857C2902"
"381","RJ-3304409-A8009174EF4841AA8A12F1A41AF29358","AT","RJ","3304409","A8009174EF4841AA8A12F1A41AF29358","RJ3304409A8009174EF4841AA8A12F1A41AF29358"
"382","RJ-3304409-C77D6A1590EC43A98E5432768BCC098A","AT","RJ","3304409","C77D6A1590EC43A98E5432768BCC098A","RJ3304409C77D6A1590EC43A98E5432768BCC098A"
"383","RJ-3304409-904D440BCAD24C4EA5149A55B4BB14D8","AT","RJ","3304409","904D440BCAD24C4EA5149A55B4BB14D8","RJ3304409904D440BCAD24C4EA5149A55B4BB14D8"
"384","RJ-3304409-17CD58340E2E4DA8995E9E04866D0190","AT","RJ","3304409","17CD58340E2E4DA8995E9E04866D0190","RJ330440917CD58340E2E4DA8995E9E04866D0190"
"385","RJ-3304409-BF3BEF59FFED464F9AF686D7B3F70D62","AT","RJ","3304409","BF3BEF59FFED464F9AF686D7B3F70D62","RJ3304409BF3BEF59FFED464F9AF686D7B3F70D62"
"386","RJ-3304409-DC6087CDD4EB4AEBA1C87A01A632E483","AT","RJ","3304409","DC6087CDD4EB4AEBA1C87A01A632E483","RJ3304409DC6087CDD4EB4AEBA1C87A01A632E483"
"387","RJ-3304409-BE35C49761C2476D9BF8A1D783642865","AT","RJ","3304409","BE35C49761C2476D9BF8A1D783642865","RJ3304409BE35C49761C2476D9BF8A1D783642865"
"388","RJ-3304409-2D7A1B1700CA41C38DDB6B7E3A11346E","AT","RJ","3304409","2D7A1B1700CA41C38DDB6B7E3A11346E","RJ33044092D7A1B1700CA41C38DDB6B7E3A11346E"
"389","RJ-3304409-111FF4DEF09D4FB5B7A83879B94DCFFB","AT","RJ","3304409","111FF4DEF09D4FB5B7A83879B94DCFFB","RJ3304409111FF4DEF09D4FB5B7A83879B94DCFFB"
"390","RJ-3304409-710F9888585C4617BFAA10EA6BE034AC","AT","RJ","3304409","710F9888585C4617BFAA10EA6BE034AC","RJ3304409710F9888585C4617BFAA10EA6BE034AC"
"391","RJ-3304409-50C4D66096214B9ABF9AD24A4178F4B7","AT","RJ","3304409","50C4D66096214B9ABF9AD24A4178F4B7","RJ330440950C4D66096214B9ABF9AD24A4178F4B7"
"392","RJ-3304409-7D9CF96ADB21461C9030DB082A72D587","AT","RJ","3304409","7D9CF96ADB21461C9030DB082A72D587","RJ33044097D9CF96ADB21461C9030DB082A72D587"
"393","RJ-3304409-E23410F0E92044FD943E97F9512D7AAE","AT","RJ","3304409","E23410F0E92044FD943E97F9512D7AAE","RJ3304409E23410F0E92044FD943E97F9512D7AAE"
"394","RJ-3304409-1F13ADB0E2884D7E864DB0114E585238","AT","RJ","3304409","1F13ADB0E2884D7E864DB0114E585238","RJ33044091F13ADB0E2884D7E864DB0114E585238"
"395","RJ-3304409-D44729E9F5D746B68F92288D17FC121F","AT","RJ","3304409","D44729E9F5D746B68F92288D17FC121F","RJ3304409D44729E9F5D746B68F92288D17FC121F"
"396","RJ-3304409-CADA991EA19040B9806DB01420FE3243","AT","RJ","3304409","CADA991EA19040B9806DB01420FE3243","RJ3304409CADA991EA19040B9806DB01420FE3243"
"397","RJ-3304409-D9199937F9D04E1EABA376E4BA71F32F","AT","RJ","3304409","D9199937F9D04E1EABA376E4BA71F32F","RJ3304409D9199937F9D04E1EABA376E4BA71F32F"
"398","RJ-3304409-279F0EC3372448F3BEC859571CC60EFB","AT","RJ","3304409","279F0EC3372448F3BEC859571CC60EFB","RJ3304409279F0EC3372448F3BEC859571CC60EFB"
"399","RJ-3304409-041896E599514099B0495DE5EF5DA5C7","AT","RJ","3304409","041896E599514099B0495DE5EF5DA5C7","RJ3304409041896E599514099B0495DE5EF5DA5C7"
"400","RJ-3304409-44CE0AE3B07C4ABE809D324EFCF20422","AT","RJ","3304409","44CE0AE3B07C4ABE809D324EFCF20422","RJ330440944CE0AE3B07C4ABE809D324EFCF20422"
"401","RJ-3304409-D728E4EE36E64B179FED1FA41A9857AE","AT","RJ","3304409","D728E4EE36E64B179FED1FA41A9857AE","RJ3304409D728E4EE36E64B179FED1FA41A9857AE"
"402","RJ-3304409-82C472621C3E46CCA8D0794CC4E8206F","AT","RJ","3304409","82C472621C3E46CCA8D0794CC4E8206F","RJ330440982C472621C3E46CCA8D0794CC4E8206F"
"403","RJ-3304409-1D1B6A5519E54C7086F9796FB9CC0DF8","AT","RJ","3304409","1D1B6A5519E54C7086F9796FB9CC0DF8","RJ33044091D1B6A5519E54C7086F9796FB9CC0DF8"
"404","RJ-3304409-C6228F56384D4258BF5DAD8DB572C123","AT","RJ","3304409","C6228F56384D4258BF5DAD8DB572C123","RJ3304409C6228F56384D4258BF5DAD8DB572C123"
"405","RJ-3304409-850CB8BD25434715B67D71157A46FABB","AT","RJ","3304409","850CB8BD25434715B67D71157A46FABB","RJ3304409850CB8BD25434715B67D71157A46FABB"
"406","RJ-3304409-B6E189BD58CC4DC5AA52EC78FA8AAD3F","AT","RJ","3304409","B6E189BD58CC4DC5AA52EC78FA8AAD3F","RJ3304409B6E189BD58CC4DC5AA52EC78FA8AAD3F"
"407","RJ-3304409-8B5E4BA7DF5B453EA9563B1A663E85A8","AT","RJ","3304409","8B5E4BA7DF5B453EA9563B1A663E85A8","RJ33044098B5E4BA7DF5B453EA9563B1A663E85A8"
"408","RJ-3304409-2CD6B9D174904FBFA03E23330ED0E3AE","AT","RJ","3304409","2CD6B9D174904FBFA03E23330ED0E3AE","RJ33044092CD6B9D174904FBFA03E23330ED0E3AE"
"409","RJ-3304409-76DCDAFE7EC144AA9CE898403275CD44","AT","RJ","3304409","76DCDAFE7EC144AA9CE898403275CD44","RJ330440976DCDAFE7EC144AA9CE898403275CD44"
"410","RJ-3304409-3CB03784764546B19FCE4D1B852BDECC","AT","RJ","3304409","3CB03784764546B19FCE4D1B852BDECC","RJ33044093CB03784764546B19FCE4D1B852BDECC"
"411","RJ-3304409-A7E25785DF7B4C0499AE459E6A8BF58D","AT","RJ","3304409","A7E25785DF7B4C0499AE459E6A8BF58D","RJ3304409A7E25785DF7B4C0499AE459E6A8BF58D"
"412","RJ-3304409-CD7270E9C8A24D258A0DFE6DCA4855C0","AT","RJ","3304409","CD7270E9C8A24D258A0DFE6DCA4855C0","RJ3304409CD7270E9C8A24D258A0DFE6DCA4855C0"
"413","RJ-3304409-543BF97C40C04AB18819D8917C643266","AT","RJ","3304409","543BF97C40C04AB18819D8917C643266","RJ3304409543BF97C40C04AB18819D8917C643266"
"414","RJ-3304409-E5918FA47D8543D2A5C5FC527686B9E6","AT","RJ","3304409","E5918FA47D8543D2A5C5FC527686B9E6","RJ3304409E5918FA47D8543D2A5C5FC527686B9E6"
"415","RJ-3304409-34CB39CF4AD14235B66ADF67A0EB13EA","AT","RJ","3304409","34CB39CF4AD14235B66ADF67A0EB13EA","RJ330440934CB39CF4AD14235B66ADF67A0EB13EA"
"416","RJ-3304409-8A6B71CFD90F48028E82AAA706BDF2AD","AT","RJ","3304409","8A6B71CFD90F48028E82AAA706BDF2AD","RJ33044098A6B71CFD90F48028E82AAA706BDF2AD"
"417","RJ-3304409-A95FBF709F8D4DB28D7647A592D7692D","AT","RJ","3304409","A95FBF709F8D4DB28D7647A592D7692D","RJ3304409A95FBF709F8D4DB28D7647A592D7692D"
"418","RJ-3304409-7102CC089EF54A3BA526AC82F9591824","AT","RJ","3304409","7102CC089EF54A3BA526AC82F9591824","RJ33044097102CC089EF54A3BA526AC82F9591824"
"419","RJ-3304409-A44D6F3552B14F608D210FB49F69BC65","AT","RJ","3304409","A44D6F3552B14F608D210FB49F69BC65","RJ3304409A44D6F3552B14F608D210FB49F69BC65"
"420","RJ-3304409-64E31703FD9E45C28C38E2303410B3EF","AT","RJ","3304409","64E31703FD9E45C28C38E2303410B3EF","RJ330440964E31703FD9E45C28C38E2303410B3EF"
"421","RJ-3304409-00E4ECA9D22C4B559011059F17DC86FB","AT","RJ","3304409","00E4ECA9D22C4B559011059F17DC86FB","RJ330440900E4ECA9D22C4B559011059F17DC86FB"
"422","RJ-3304409-6E42803A34334123B99BEFB7506A01E6","AT","RJ","3304409","6E42803A34334123B99BEFB7506A01E6","RJ33044096E42803A34334123B99BEFB7506A01E6"
"423","RJ-3304409-7B96E4D97F6B4666B19395CC0FB17F09","AT","RJ","3304409","7B96E4D97F6B4666B19395CC0FB17F09","RJ33044097B96E4D97F6B4666B19395CC0FB17F09"
"424","RJ-3304409-E7D229912F9642DAB005B1B667D5D251","AT","RJ","3304409","E7D229912F9642DAB005B1B667D5D251","RJ3304409E7D229912F9642DAB005B1B667D5D251"
"425","RJ-3304409-90FD61A3F15A4F61A48F5386678841F7","AT","RJ","3304409","90FD61A3F15A4F61A48F5386678841F7","RJ330440990FD61A3F15A4F61A48F5386678841F7"
"426","RJ-3304409-2C5895FCE46D4B34940CDAA5641F871E","AT","RJ","3304409","2C5895FCE46D4B34940CDAA5641F871E","RJ33044092C5895FCE46D4B34940CDAA5641F871E"
"427","RJ-3304409-E2D1004A2DE54BF280FC598D303B4567","AT","RJ","3304409","E2D1004A2DE54BF280FC598D303B4567","RJ3304409E2D1004A2DE54BF280FC598D303B4567"
"428","RJ-3304409-BBA572610D434C50BD3763855AC50143","AT","RJ","3304409","BBA572610D434C50BD3763855AC50143","RJ3304409BBA572610D434C50BD3763855AC50143"
"429","RJ-3304409-556326010256463FA77787B836477CFC","AT","RJ","3304409","556326010256463FA77787B836477CFC","RJ3304409556326010256463FA77787B836477CFC"
"430","RJ-3304409-22FE8685A747422EA0848E3B3C1E803D","AT","RJ","3304409","22FE8685A747422EA0848E3B3C1E803D","RJ330440922FE8685A747422EA0848E3B3C1E803D"
"431","RJ-3304409-33C44FEB707E4F319AE1561753AB8B2E","AT","RJ","3304409","33C44FEB707E4F319AE1561753AB8B2E","RJ330440933C44FEB707E4F319AE1561753AB8B2E"
"432","RJ-3304409-8834D8CDFCF542928DA16B11A969C864","AT","RJ","3304409","8834D8CDFCF542928DA16B11A969C864","RJ33044098834D8CDFCF542928DA16B11A969C864"
"433","RJ-3304409-1A5F636BC82943B8881AD4974A60BAA5","AT","RJ","3304409","1A5F636BC82943B8881AD4974A60BAA5","RJ33044091A5F636BC82943B8881AD4974A60BAA5"
"434","RJ-3304409-2E4E96339A884BCFB77AF56F1234A013","AT","RJ","3304409","2E4E96339A884BCFB77AF56F1234A013","RJ33044092E4E96339A884BCFB77AF56F1234A013"
"435","RJ-3304409-D046C388E7C54D7C96EF1ACE24673046","AT","RJ","3304409","D046C388E7C54D7C96EF1ACE24673046","RJ3304409D046C388E7C54D7C96EF1ACE24673046"
"436","RJ-3304409-9A275BFDAE01426282597228FFEF32BD","AT","RJ","3304409","9A275BFDAE01426282597228FFEF32BD","RJ33044099A275BFDAE01426282597228FFEF32BD"
"437","RJ-3304409-A3B4F7E2B9DA468399FD303ABF16CB0E","AT","RJ","3304409","A3B4F7E2B9DA468399FD303ABF16CB0E","RJ3304409A3B4F7E2B9DA468399FD303ABF16CB0E"
"438","RJ-3304409-784F3938B3E74A09823FCC9A7E74FBA7","AT","RJ","3304409","784F3938B3E74A09823FCC9A7E74FBA7","RJ3304409784F3938B3E74A09823FCC9A7E74FBA7"
"439","RJ-3304409-D47D2C32B52E4D818B68CBE8A3B4253F","AT","RJ","3304409","D47D2C32B52E4D818B68CBE8A3B4253F","RJ3304409D47D2C32B52E4D818B68CBE8A3B4253F"
"440","RJ-3304409-0E2A3C7C10C14716AD37D34E5375E37A","AT","RJ","3304409","0E2A3C7C10C14716AD37D34E5375E37A","RJ33044090E2A3C7C10C14716AD37D34E5375E37A"
"441","RJ-3304409-D3570904E66D424D9CF1F2D8C670C8CC","AT","RJ","3304409","D3570904E66D424D9CF1F2D8C670C8CC","RJ3304409D3570904E66D424D9CF1F2D8C670C8CC"
"442","RJ-3304409-C2BFBF41387947FB9B279AB9A411AC86","AT","RJ","3304409","C2BFBF41387947FB9B279AB9A411AC86","RJ3304409C2BFBF41387947FB9B279AB9A411AC86"
"443","RJ-3304409-80E8B7C6BA1E4449AF4A603DF87D4B70","AT","RJ","3304409","80E8B7C6BA1E4449AF4A603DF87D4B70","RJ330440980E8B7C6BA1E4449AF4A603DF87D4B70"
"444","RJ-3304409-FF7261B5F4EB4ADBB4AB3D032B2BE1DC","AT","RJ","3304409","FF7261B5F4EB4ADBB4AB3D032B2BE1DC","RJ3304409FF7261B5F4EB4ADBB4AB3D032B2BE1DC"
"445","RJ-3304409-2AC2F229AC964ABFB718DC68BD4087C1","AT","RJ","3304409","2AC2F229AC964ABFB718DC68BD4087C1","RJ33044092AC2F229AC964ABFB718DC68BD4087C1"
"446","RJ-3304409-716965AC8FE846679C56A14E56C0CA7C","AT","RJ","3304409","716965AC8FE846679C56A14E56C0CA7C","RJ3304409716965AC8FE846679C56A14E56C0CA7C"
"447","RJ-3304409-758DC8BD194846CDABE11B527DF86AEE","AT","RJ","3304409","758DC8BD194846CDABE11B527DF86AEE","RJ3304409758DC8BD194846CDABE11B527DF86AEE"
"448","RJ-3304409-74C3E3C9CBB94A3DB745ADE8B2F2C4F7","AT","RJ","3304409","74C3E3C9CBB94A3DB745ADE8B2F2C4F7","RJ330440974C3E3C9CBB94A3DB745ADE8B2F2C4F7"
"449","RJ-3304409-DEB0C341C29D48AA9EF2064F8BBEFFC4","AT","RJ","3304409","DEB0C341C29D48AA9EF2064F8BBEFFC4","RJ3304409DEB0C341C29D48AA9EF2064F8BBEFFC4"
"450","RJ-3304409-DD58A703182A46408651585EFDB3DF32","AT","RJ","3304409","DD58A703182A46408651585EFDB3DF32","RJ3304409DD58A703182A46408651585EFDB3DF32"
"451","RJ-3304409-0E552A1F328A46D9BA460C6DD13E7941","AT","RJ","3304409","0E552A1F328A46D9BA460C6DD13E7941","RJ33044090E552A1F328A46D9BA460C6DD13E7941"
"452","RJ-3304409-8F42C19D92DD4268AD3C05A1E112FD19","AT","RJ","3304409","8F42C19D92DD4268AD3C05A1E112FD19","RJ33044098F42C19D92DD4268AD3C05A1E112FD19"
"453","RJ-3304409-8CF882DFE6B84CF79A1A555465D874B7","AT","RJ","3304409","8CF882DFE6B84CF79A1A555465D874B7","RJ33044098CF882DFE6B84CF79A1A555465D874B7"
"454","RJ-3304409-2CAEBE7DC8CF4E51870E71A56C8CCB44","AT","RJ","3304409","2CAEBE7DC8CF4E51870E71A56C8CCB44","RJ33044092CAEBE7DC8CF4E51870E71A56C8CCB44"
"455","RJ-3304409-A7A5575D6AF24774AB150D42DB45ED5D","AT","RJ","3304409","A7A5575D6AF24774AB150D42DB45ED5D","RJ3304409A7A5575D6AF24774AB150D42DB45ED5D"
"456","RJ-3304409-C88423D8FFA241AEB5DD1579D744646D","AT","RJ","3304409","C88423D8FFA241AEB5DD1579D744646D","RJ3304409C88423D8FFA241AEB5DD1579D744646D"
"457","RJ-3304409-4F1AF75BED1741F784DE8C28D603FBC6","AT","RJ","3304409","4F1AF75BED1741F784DE8C28D603FBC6","RJ33044094F1AF75BED1741F784DE8C28D603FBC6"
"458","RJ-3304409-7F62808872364C49953BA29970CB7833","AT","RJ","3304409","7F62808872364C49953BA29970CB7833","RJ33044097F62808872364C49953BA29970CB7833"
"459","RJ-3304409-D6C7F7AD27BD4E9BB9DB339F96281385","AT","RJ","3304409","D6C7F7AD27BD4E9BB9DB339F96281385","RJ3304409D6C7F7AD27BD4E9BB9DB339F96281385"
"460","RJ-3304409-74AD25C05B2C435299D502CEE3CF82DC","AT","RJ","3304409","74AD25C05B2C435299D502CEE3CF82DC","RJ330440974AD25C05B2C435299D502CEE3CF82DC"
"461","RJ-3304409-4DC3F05A4CC5493499C0F03F71170717","AT","RJ","3304409","4DC3F05A4CC5493499C0F03F71170717","RJ33044094DC3F05A4CC5493499C0F03F71170717"
"462","RJ-3304409-9F8A383154614B7DBC2127F585FBD7E1","AT","RJ","3304409","9F8A383154614B7DBC2127F585FBD7E1","RJ33044099F8A383154614B7DBC2127F585FBD7E1"
"463","RJ-3304409-472E9753A43C4EDE9400A12BCBF5DA54","AT","RJ","3304409","472E9753A43C4EDE9400A12BCBF5DA54","RJ3304409472E9753A43C4EDE9400A12BCBF5DA54"
"464","RJ-3304409-4E22DC69D2D3474FADE0051ECCAE6821","AT","RJ","3304409","4E22DC69D2D3474FADE0051ECCAE6821","RJ33044094E22DC69D2D3474FADE0051ECCAE6821"
"465","RJ-3304409-570DC818260D4D979F48DCB7920A92D4","AT","RJ","3304409","570DC818260D4D979F48DCB7920A92D4","RJ3304409570DC818260D4D979F48DCB7920A92D4"
"466","RJ-3304409-1E633B55F56C4B6FBF16DF2B2C4B10F9","AT","RJ","3304409","1E633B55F56C4B6FBF16DF2B2C4B10F9","RJ33044091E633B55F56C4B6FBF16DF2B2C4B10F9"
"467","RJ-3304409-4AC23A6C2E824F1FBA9F9D5C4EE4EB70","AT","RJ","3304409","4AC23A6C2E824F1FBA9F9D5C4EE4EB70","RJ33044094AC23A6C2E824F1FBA9F9D5C4EE4EB70"
"468","RJ-3304409-6C9137A104754F3F898CE4C6C6C990FC","AT","RJ","3304409","6C9137A104754F3F898CE4C6C6C990FC","RJ33044096C9137A104754F3F898CE4C6C6C990FC"
"469","RJ-3304409-DF1E9477D6F04BE7A7B47DEFD83346FB","AT","RJ","3304409","DF1E9477D6F04BE7A7B47DEFD83346FB","RJ3304409DF1E9477D6F04BE7A7B47DEFD83346FB"
"470","RJ-3304409-D1A146577F714E5E929FB94A122AB560","AT","RJ","3304409","D1A146577F714E5E929FB94A122AB560","RJ3304409D1A146577F714E5E929FB94A122AB560"
"471","RJ-3304409-F97B774336A6406F96E2785CC20247C9","AT","RJ","3304409","F97B774336A6406F96E2785CC20247C9","RJ3304409F97B774336A6406F96E2785CC20247C9"
"472","RJ-3304409-7552C72C6FD14F6A834A72769D742D04","AT","RJ","3304409","7552C72C6FD14F6A834A72769D742D04","RJ33044097552C72C6FD14F6A834A72769D742D04"
"473","RJ-3304409-DC9CF26C70AE4949B46F94E4B4B0F0BE","AT","RJ","3304409","DC9CF26C70AE4949B46F94E4B4B0F0BE","RJ3304409DC9CF26C70AE4949B46F94E4B4B0F0BE"
"474","RJ-3304409-4F1CD6286B864053A78EB5D7341640AD","AT","RJ","3304409","4F1CD6286B864053A78EB5D7341640AD","RJ33044094F1CD6286B864053A78EB5D7341640AD"
"475","RJ-3304409-702E2733514F452FAD590454C75B6743","AT","RJ","3304409","702E2733514F452FAD590454C75B6743","RJ3304409702E2733514F452FAD590454C75B6743"
"476","RJ-3304409-2FCC6B708D474A518358A211A5AA3F74","AT","RJ","3304409","2FCC6B708D474A518358A211A5AA3F74","RJ33044092FCC6B708D474A518358A211A5AA3F74"
"477","RJ-3304409-7B361D3754C44707AAB8E36F17163E0D","AT","RJ","3304409","7B361D3754C44707AAB8E36F17163E0D","RJ33044097B361D3754C44707AAB8E36F17163E0D"
"478","RJ-3304409-41BF9764B7B54BAE9218212EFEDE9509","AT","RJ","3304409","41BF9764B7B54BAE9218212EFEDE9509","RJ330440941BF9764B7B54BAE9218212EFEDE9509"
"479","RJ-3304409-3FB17CA57D434820B51A5D7EC2F5ADA2","AT","RJ","3304409","3FB17CA57D434820B51A5D7EC2F5ADA2","RJ33044093FB17CA57D434820B51A5D7EC2F5ADA2"
"480","RJ-3304409-6B5E33B2393C436498E8DF464D69D255","AT","RJ","3304409","6B5E33B2393C436498E8DF464D69D255","RJ33044096B5E33B2393C436498E8DF464D69D255"
"481","RJ-3304409-C6660BD4B1C94DC69D4379D3EFEB252B","AT","RJ","3304409","C6660BD4B1C94DC69D4379D3EFEB252B","RJ3304409C6660BD4B1C94DC69D4379D3EFEB252B"
"482","RJ-3304409-268E7DD13DDC4917A9657DB0A044EF8C","AT","RJ","3304409","268E7DD13DDC4917A9657DB0A044EF8C","RJ3304409268E7DD13DDC4917A9657DB0A044EF8C"
"483","RJ-3304409-2F7F7808D58C4C43B3A288B83BFB5498","AT","RJ","3304409","2F7F7808D58C4C43B3A288B83BFB5498","RJ33044092F7F7808D58C4C43B3A288B83BFB5498"
"484","RJ-3304409-49F7ED4BC81F45B1A4BD72A532406B9F","AT","RJ","3304409","49F7ED4BC81F45B1A4BD72A532406B9F","RJ330440949F7ED4BC81F45B1A4BD72A532406B9F"
"485","RJ-3304409-A2744C33090245F5ADA4464C39C0FFF1","AT","RJ","3304409","A2744C33090245F5ADA4464C39C0FFF1","RJ3304409A2744C33090245F5ADA4464C39C0FFF1"
"486","RJ-3304409-BEEB38E64D26432FBB435990284B29D2","AT","RJ","3304409","BEEB38E64D26432FBB435990284B29D2","RJ3304409BEEB38E64D26432FBB435990284B29D2"
"487","RJ-3304409-80BEECAB197840FDB8078B015645DE65","AT","RJ","3304409","80BEECAB197840FDB8078B015645DE65","RJ330440980BEECAB197840FDB8078B015645DE65"
"488","RJ-3304409-168CEB324137444D8589D9C7D3D9193B","AT","RJ","3304409","168CEB324137444D8589D9C7D3D9193B","RJ3304409168CEB324137444D8589D9C7D3D9193B"
"489","RJ-3304409-0FF0E174EAE94361AA5A370466E3CCE4","AT","RJ","3304409","0FF0E174EAE94361AA5A370466E3CCE4","RJ33044090FF0E174EAE94361AA5A370466E3CCE4"
"490","RJ-3304409-9EC2CB9CDDD849838A4E4613CF4CD57F","AT","RJ","3304409","9EC2CB9CDDD849838A4E4613CF4CD57F","RJ33044099EC2CB9CDDD849838A4E4613CF4CD57F"
"491","RJ-3304409-99F61D5E9EA843579D0AFB3F1BD7E85F","AT","RJ","3304409","99F61D5E9EA843579D0AFB3F1BD7E85F","RJ330440999F61D5E9EA843579D0AFB3F1BD7E85F"
"492","RJ-3304409-9CA549A1BD5B4B7CA576A79CCDBAB08A","AT","RJ","3304409","9CA549A1BD5B4B7CA576A79CCDBAB08A","RJ33044099CA549A1BD5B4B7CA576A79CCDBAB08A"
"493","RJ-3304409-F65E354DD8314C6A930322D4DB0C2263","AT","RJ","3304409","F65E354DD8314C6A930322D4DB0C2263","RJ3304409F65E354DD8314C6A930322D4DB0C2263"
"494","RJ-3304409-F634143B37AF475DAD6DA46F8D07873E","PE","RJ","3304409","F634143B37AF475DAD6DA46F8D07873E","RJ3304409F634143B37AF475DAD6DA46F8D07873E"
"495","RJ-3304409-9A01D508352C4955B5A9E2F4C61BCC4B","AT","RJ","3304409","9A01D508352C4955B5A9E2F4C61BCC4B","RJ33044099A01D508352C4955B5A9E2F4C61BCC4B"
"496","RJ-3304409-BA1D729EBD804CAA915EC69E5B105900","AT","RJ","3304409","BA1D729EBD804CAA915EC69E5B105900","RJ3304409BA1D729EBD804CAA915EC69E5B105900"
"497","RJ-3304409-DCDC6FFD59D94505935C6DAC3070DA3B","AT","RJ","3304409","DCDC6FFD59D94505935C6DAC3070DA3B","RJ3304409DCDC6FFD59D94505935C6DAC3070DA3B"
"498","RJ-3304409-7517F932DE2446578490256F325BF4FE","AT","RJ","3304409","7517F932DE2446578490256F325BF4FE","RJ33044097517F932DE2446578490256F325BF4FE"
"499","RJ-3304409-70B8820AD8DC406C9445BEA6B47249C1","PE","RJ","3304409","70B8820AD8DC406C9445BEA6B47249C1","RJ330440970B8820AD8DC406C9445BEA6B47249C1"
"500","RJ-3304409-CE917DF157B94FCB8651A4A687CC86CF","AT","RJ","3304409","CE917DF157B94FCB8651A4A687CC86CF","RJ3304409CE917DF157B94FCB8651A4A687CC86CF"
"501","RJ-3304409-D6F49C6927F64737BE3E92B477D05C67","AT","RJ","3304409","D6F49C6927F64737BE3E92B477D05C67","RJ3304409D6F49C6927F64737BE3E92B477D05C67"
"502","RJ-3304409-60655B645B114C149141E46A06BD2026","AT","RJ","3304409","60655B645B114C149141E46A06BD2026","RJ330440960655B645B114C149141E46A06BD2026"
"503","RJ-3304409-1ADBDD2B34CD4FA19955CEE446575F81","AT","RJ","3304409","1ADBDD2B34CD4FA19955CEE446575F81","RJ33044091ADBDD2B34CD4FA19955CEE446575F81"
"504","RJ-3304409-523FC18A86D54512A5709F89E460C251","AT","RJ","3304409","523FC18A86D54512A5709F89E460C251","RJ3304409523FC18A86D54512A5709F89E460C251"
"505","RJ-3304409-4E303C9B469043239B31CDEDF116044C","AT","RJ","3304409","4E303C9B469043239B31CDEDF116044C","RJ33044094E303C9B469043239B31CDEDF116044C"
"506","RJ-3304409-AD0287462A9042D6B7F06556A4700C76","AT","RJ","3304409","AD0287462A9042D6B7F06556A4700C76","RJ3304409AD0287462A9042D6B7F06556A4700C76"
"507","RJ-3304409-4EFC6440529F44A6BDAC56EE5B38E268","AT","RJ","3304409","4EFC6440529F44A6BDAC56EE5B38E268","RJ33044094EFC6440529F44A6BDAC56EE5B38E268"
"508","RJ-3304409-52E0A810D9CC4EAAA1B7E79E52BFADCC","AT","RJ","3304409","52E0A810D9CC4EAAA1B7E79E52BFADCC","RJ330440952E0A810D9CC4EAAA1B7E79E52BFADCC"
"509","RJ-3304409-1B90130C7EBF4958A3C61B334860025C","AT","RJ","3304409","1B90130C7EBF4958A3C61B334860025C","RJ33044091B90130C7EBF4958A3C61B334860025C"
"510","RJ-3304409-EC4D348A6B1F40E2902106826631C28D","AT","RJ","3304409","EC4D348A6B1F40E2902106826631C28D","RJ3304409EC4D348A6B1F40E2902106826631C28D"
"511","RJ-3304409-3BC0D2616DF24C93BF8E2882B1C63FE8","AT","RJ","3304409","3BC0D2616DF24C93BF8E2882B1C63FE8","RJ33044093BC0D2616DF24C93BF8E2882B1C63FE8"
"512","RJ-3304409-DA2B85CD53FB45FDA3D0C6D4DC7FFAD2","AT","RJ","3304409","DA2B85CD53FB45FDA3D0C6D4DC7FFAD2","RJ3304409DA2B85CD53FB45FDA3D0C6D4DC7FFAD2"
"513","RJ-3304409-5E73118375C846BE8DDFCFB760BDABC0","AT","RJ","3304409","5E73118375C846BE8DDFCFB760BDABC0","RJ33044095E73118375C846BE8DDFCFB760BDABC0"
"514","RJ-3304409-7868EF0F82D6486C8463FD177C811CC0","AT","RJ","3304409","7868EF0F82D6486C8463FD177C811CC0","RJ33044097868EF0F82D6486C8463FD177C811CC0"
"515","RJ-3304409-80FBAC736ECA489698A386FF16D066CF","AT","RJ","3304409","80FBAC736ECA489698A386FF16D066CF","RJ330440980FBAC736ECA489698A386FF16D066CF"
"516","RJ-3304409-DAEEE030BCB04243BD7E10DBDDB9E3AC","AT","RJ","3304409","DAEEE030BCB04243BD7E10DBDDB9E3AC","RJ3304409DAEEE030BCB04243BD7E10DBDDB9E3AC"
"517","RJ-3304409-F1A8631AB7B74B8A8E013AB41897F7D1","AT","RJ","3304409","F1A8631AB7B74B8A8E013AB41897F7D1","RJ3304409F1A8631AB7B74B8A8E013AB41897F7D1"
"518","RJ-3304409-C5421A0C09834EC49E1076C06224A723","AT","RJ","3304409","C5421A0C09834EC49E1076C06224A723","RJ3304409C5421A0C09834EC49E1076C06224A723"
"519","RJ-3304409-C12C8B1FDDC54F349286F67754768624","AT","RJ","3304409","C12C8B1FDDC54F349286F67754768624","RJ3304409C12C8B1FDDC54F349286F67754768624"
"520","RJ-3304409-605123CD1FFC421A897EED7532C855E2","AT","RJ","3304409","605123CD1FFC421A897EED7532C855E2","RJ3304409605123CD1FFC421A897EED7532C855E2"
"521","RJ-3304409-490A1B7F8317422EACF3268FD7C2B7E3","CA","RJ","3304409","490A1B7F8317422EACF3268FD7C2B7E3","RJ3304409490A1B7F8317422EACF3268FD7C2B7E3"
"522","RJ-3304409-7425F39A85AE4B2DA72F7E33A621C389","CA","RJ","3304409","7425F39A85AE4B2DA72F7E33A621C389","RJ33044097425F39A85AE4B2DA72F7E33A621C389"
"523","RJ-3304409-2339E102E5DB4035A0999B80AFF04FFA","CA","RJ","3304409","2339E102E5DB4035A0999B80AFF04FFA","RJ33044092339E102E5DB4035A0999B80AFF04FFA"
"524","RJ-3304409-AD4F2386EF8F4DE8A8D067BC15CF2D35","CA","RJ","3304409","AD4F2386EF8F4DE8A8D067BC15CF2D35","RJ3304409AD4F2386EF8F4DE8A8D067BC15CF2D35"
"525","RJ-3304409-3FA3E66F1ACF4A9CAE3F93A0B8DE42DC","CA","RJ","3304409","3FA3E66F1ACF4A9CAE3F93A0B8DE42DC","RJ33044093FA3E66F1ACF4A9CAE3F93A0B8DE42DC"
"526","RJ-3304409-795E24ACDA564A86BC55D0C1466B76ED","CA","RJ","3304409","795E24ACDA564A86BC55D0C1466B76ED","RJ3304409795E24ACDA564A86BC55D0C1466B76ED"
"527","RJ-3304409-AAC938F0D365440D8BEE74106B8F1FFB","CA","RJ","3304409","AAC938F0D365440D8BEE74106B8F1FFB","RJ3304409AAC938F0D365440D8BEE74106B8F1FFB"
"528","RJ-3304409-9B794BDB05CA4393885A2BF7A321C7D1","AT","RJ","3304409","9B794BDB05CA4393885A2BF7A321C7D1","RJ33044099B794BDB05CA4393885A2BF7A321C7D1"
"529","RJ-3304409-A11CAFFA6D88470F94B34CBAD0D63B3C","AT","RJ","3304409","A11CAFFA6D88470F94B34CBAD0D63B3C","RJ3304409A11CAFFA6D88470F94B34CBAD0D63B3C"
"530","RJ-3304409-DD43DA5C512E49188C4D89E73B8C0810","AT","RJ","3304409","DD43DA5C512E49188C4D89E73B8C0810","RJ3304409DD43DA5C512E49188C4D89E73B8C0810"
"531","RJ-3304409-F23F365148ED4DA295732AFC70ED20A4","AT","RJ","3304409","F23F365148ED4DA295732AFC70ED20A4","RJ3304409F23F365148ED4DA295732AFC70ED20A4"
"532","RJ-3304409-5BEA6C8C560C445EBF749391CB4E107E","AT","RJ","3304409","5BEA6C8C560C445EBF749391CB4E107E","RJ33044095BEA6C8C560C445EBF749391CB4E107E"
"533","RJ-3304409-9762D18983FF47E9946E7BE796417814","AT","RJ","3304409","9762D18983FF47E9946E7BE796417814","RJ33044099762D18983FF47E9946E7BE796417814"
"534","RJ-3304409-6A76F650658A4A93B43F9ECC6DD327C0","AT","RJ","3304409","6A76F650658A4A93B43F9ECC6DD327C0","RJ33044096A76F650658A4A93B43F9ECC6DD327C0"
"535","RJ-3304409-07447767FE8C4435A48138865E425D76","AT","RJ","3304409","07447767FE8C4435A48138865E425D76","RJ330440907447767FE8C4435A48138865E425D76"
"536","RJ-3304409-BCC0235B67394955B41EE3DDD5B109D9","AT","RJ","3304409","BCC0235B67394955B41EE3DDD5B109D9","RJ3304409BCC0235B67394955B41EE3DDD5B109D9"
"537","RJ-3304409-A2D689966ED34E95AE5742F81D727CFB","AT","RJ","3304409","A2D689966ED34E95AE5742F81D727CFB","RJ3304409A2D689966ED34E95AE5742F81D727CFB"
"538","RJ-3304409-5BD3EA0B083448479B358DCE942019D3","AT","RJ","3304409","5BD3EA0B083448479B358DCE942019D3","RJ33044095BD3EA0B083448479B358DCE942019D3"
"539","RJ-3304409-8E7560C1F7094982AB83D65C6C821351","AT","RJ","3304409","8E7560C1F7094982AB83D65C6C821351","RJ33044098E7560C1F7094982AB83D65C6C821351"
"540","RJ-3304409-FEF9C6A86E7841B2AD132D883623DF03","AT","RJ","3304409","FEF9C6A86E7841B2AD132D883623DF03","RJ3304409FEF9C6A86E7841B2AD132D883623DF03"
"541","RJ-3304409-A42869D5A8C547AEB63DD2A9CF09D89B","AT","RJ","3304409","A42869D5A8C547AEB63DD2A9CF09D89B","RJ3304409A42869D5A8C547AEB63DD2A9CF09D89B"
"542","RJ-3304409-29E06EE4DA5F4E82A91852B937FCA770","AT","RJ","3304409","29E06EE4DA5F4E82A91852B937FCA770","RJ330440929E06EE4DA5F4E82A91852B937FCA770"
"543","RJ-3304409-3D76BEB097894112ADC0003393BE45DD","AT","RJ","3304409","3D76BEB097894112ADC0003393BE45DD","RJ33044093D76BEB097894112ADC0003393BE45DD"
"544","RJ-3304409-AAA7BB528BFE4AC19DF7E898EEE4F2BF","AT","RJ","3304409","AAA7BB528BFE4AC19DF7E898EEE4F2BF","RJ3304409AAA7BB528BFE4AC19DF7E898EEE4F2BF"
"545","RJ-3304409-16E473B6F34A4534BDA7FE11B2A63525","AT","RJ","3304409","16E473B6F34A4534BDA7FE11B2A63525","RJ330440916E473B6F34A4534BDA7FE11B2A63525"
"546","RJ-3304409-9E55908E7DCC40F480FA67218A4B8B4E","AT","RJ","3304409","9E55908E7DCC40F480FA67218A4B8B4E","RJ33044099E55908E7DCC40F480FA67218A4B8B4E"
"547","RJ-3304409-7642E5699EAE49A6B5DC88ECA5B687C1","AT","RJ","3304409","7642E5699EAE49A6B5DC88ECA5B687C1","RJ33044097642E5699EAE49A6B5DC88ECA5B687C1"
"548","RJ-3304409-E375285EBE8449A3BA5800A5DC87DCBB","AT","RJ","3304409","E375285EBE8449A3BA5800A5DC87DCBB","RJ3304409E375285EBE8449A3BA5800A5DC87DCBB"
"549","RJ-3304409-3394A1559ED2417AA6CF58DBFDFA02F6","AT","RJ","3304409","3394A1559ED2417AA6CF58DBFDFA02F6","RJ33044093394A1559ED2417AA6CF58DBFDFA02F6"
"550","RJ-3304409-990D57AFF5B34AADACA7B70BA83B607E","AT","RJ","3304409","990D57AFF5B34AADACA7B70BA83B607E","RJ3304409990D57AFF5B34AADACA7B70BA83B607E"
"551","RJ-3304409-0D7E1EE7307A47668FC59E4922653738","PE","RJ","3304409","0D7E1EE7307A47668FC59E4922653738","RJ33044090D7E1EE7307A47668FC59E4922653738"
"552","RJ-3304409-4A5F0F18CAF349E590BDC1C748E7E7E9","AT","RJ","3304409","4A5F0F18CAF349E590BDC1C748E7E7E9","RJ33044094A5F0F18CAF349E590BDC1C748E7E7E9"
"553","RJ-3304409-4D41A812B1344426A296376FD124A8A6","AT","RJ","3304409","4D41A812B1344426A296376FD124A8A6","RJ33044094D41A812B1344426A296376FD124A8A6"
"554","RJ-3304409-4730C0707B244EAD9D0C7CB952A4EAA9","AT","RJ","3304409","4730C0707B244EAD9D0C7CB952A4EAA9","RJ33044094730C0707B244EAD9D0C7CB952A4EAA9"
"555","RJ-3304409-F99253F25DE64DCAAFAEA4CD041A0124","AT","RJ","3304409","F99253F25DE64DCAAFAEA4CD041A0124","RJ3304409F99253F25DE64DCAAFAEA4CD041A0124"
"556","RJ-3304409-D40E36FC5A204EB1891BD9D3F90A7A56","AT","RJ","3304409","D40E36FC5A204EB1891BD9D3F90A7A56","RJ3304409D40E36FC5A204EB1891BD9D3F90A7A56"
"557","RJ-3304409-DF360E0E493A4160B480B2E797C2D5B3","AT","RJ","3304409","DF360E0E493A4160B480B2E797C2D5B3","RJ3304409DF360E0E493A4160B480B2E797C2D5B3"
"558","RJ-3304409-D2EA032A4ADE448FAC3F465A72FC635A","CA","RJ","3304409","D2EA032A4ADE448FAC3F465A72FC635A","RJ3304409D2EA032A4ADE448FAC3F465A72FC635A"
"559","RJ-3304409-671C309E643041D4AD7244EAE439F6D8","AT","RJ","3304409","671C309E643041D4AD7244EAE439F6D8","RJ3304409671C309E643041D4AD7244EAE439F6D8"
"560","RJ-3304409-F58C9D7760FE4987981B76F34E4147ED","AT","RJ","3304409","F58C9D7760FE4987981B76F34E4147ED","RJ3304409F58C9D7760FE4987981B76F34E4147ED"
"561","RJ-3304409-FB3BD9A452294FD2BAF240EC2810E86C","AT","RJ","3304409","FB3BD9A452294FD2BAF240EC2810E86C","RJ3304409FB3BD9A452294FD2BAF240EC2810E86C"
"562","RJ-3304409-C593300F25CF4D79AD306B5A1F552D2E","AT","RJ","3304409","C593300F25CF4D79AD306B5A1F552D2E","RJ3304409C593300F25CF4D79AD306B5A1F552D2E"
"563","RJ-3304409-DF1D6F8122E342178F7A894A83A6C7E3","AT","RJ","3304409","DF1D6F8122E342178F7A894A83A6C7E3","RJ3304409DF1D6F8122E342178F7A894A83A6C7E3"
"564","RJ-3304409-1A7C160205F34759A0C187E100E7594E","AT","RJ","3304409","1A7C160205F34759A0C187E100E7594E","RJ33044091A7C160205F34759A0C187E100E7594E"
"565","RJ-3304409-CCEBF19CF52F4A0396F0E4E49EEA3367","AT","RJ","3304409","CCEBF19CF52F4A0396F0E4E49EEA3367","RJ3304409CCEBF19CF52F4A0396F0E4E49EEA3367"
"566","RJ-3304409-31216F004F144266BE7EC6D94419DBEA","AT","RJ","3304409","31216F004F144266BE7EC6D94419DBEA","RJ330440931216F004F144266BE7EC6D94419DBEA"
"567","RJ-3304409-3B845B40BA944B479F385AB1FDE9C448","AT","RJ","3304409","3B845B40BA944B479F385AB1FDE9C448","RJ33044093B845B40BA944B479F385AB1FDE9C448"
"568","RJ-3304409-DE9666390C044477AB4DA29FE8ABFD4D","AT","RJ","3304409","DE9666390C044477AB4DA29FE8ABFD4D","RJ3304409DE9666390C044477AB4DA29FE8ABFD4D"
"569","RJ-3304409-25877C218B5A4C15B37DABD024B12358","AT","RJ","3304409","25877C218B5A4C15B37DABD024B12358","RJ330440925877C218B5A4C15B37DABD024B12358"
"570","RJ-3304409-065D058C60D841529D460A77ED37AE56","AT","RJ","3304409","065D058C60D841529D460A77ED37AE56","RJ3304409065D058C60D841529D460A77ED37AE56"
"571","RJ-3304409-1B19D500369548F3B5E36B91F498FFEE","AT","RJ","3304409","1B19D500369548F3B5E36B91F498FFEE","RJ33044091B19D500369548F3B5E36B91F498FFEE"
"572","RJ-3304409-FB6EE5BC2460430AB0A85A15AC7E7F6C","AT","RJ","3304409","FB6EE5BC2460430AB0A85A15AC7E7F6C","RJ3304409FB6EE5BC2460430AB0A85A15AC7E7F6C"
"573","RJ-3304409-BDEE301330B8497CAB0DDD0B16CEDD28","AT","RJ","3304409","BDEE301330B8497CAB0DDD0B16CEDD28","RJ3304409BDEE301330B8497CAB0DDD0B16CEDD28"
"574","RJ-3304409-07C81305EBD0444B867A411546F3D0A2","AT","RJ","3304409","07C81305EBD0444B867A411546F3D0A2","RJ330440907C81305EBD0444B867A411546F3D0A2"
"575","RJ-3304409-4CD5E3AA7E6548A4893C2E18DB69A36E","AT","RJ","3304409","4CD5E3AA7E6548A4893C2E18DB69A36E","RJ33044094CD5E3AA7E6548A4893C2E18DB69A36E"
"576","RJ-3304409-CB47EB93D4C642769253FDB03FE1486C","AT","RJ","3304409","CB47EB93D4C642769253FDB03FE1486C","RJ3304409CB47EB93D4C642769253FDB03FE1486C"
"577","RJ-3304409-91F7BA9753B94735B470FC168764F579","AT","RJ","3304409","91F7BA9753B94735B470FC168764F579","RJ330440991F7BA9753B94735B470FC168764F579"
"578","RJ-3304409-DFA7E498C5224F16A56E2DEEEB454333","AT","RJ","3304409","DFA7E498C5224F16A56E2DEEEB454333","RJ3304409DFA7E498C5224F16A56E2DEEEB454333"
"579","RJ-3304409-C8692E964E074357A75D14B6188DB66E","AT","RJ","3304409","C8692E964E074357A75D14B6188DB66E","RJ3304409C8692E964E074357A75D14B6188DB66E"
"580","RJ-3304409-15FECD3A6710475EA961294338712D19","AT","RJ","3304409","15FECD3A6710475EA961294338712D19","RJ330440915FECD3A6710475EA961294338712D19"
"581","RJ-3304409-A1EC51ED5F9B4FE484520FC6B6E7604B","AT","RJ","3304409","A1EC51ED5F9B4FE484520FC6B6E7604B","RJ3304409A1EC51ED5F9B4FE484520FC6B6E7604B"
"582","RJ-3304409-D29463BA5F85403E8ED9BCDFAB9D287A","AT","RJ","3304409","D29463BA5F85403E8ED9BCDFAB9D287A","RJ3304409D29463BA5F85403E8ED9BCDFAB9D287A"
"583","RJ-3304409-67E099D5E4D04EA6A21B040EA512F1DB","AT","RJ","3304409","67E099D5E4D04EA6A21B040EA512F1DB","RJ330440967E099D5E4D04EA6A21B040EA512F1DB"
"584","RJ-3304409-DEA1D75B0CCC4EDFB45CC7CF0A67BA9F","AT","RJ","3304409","DEA1D75B0CCC4EDFB45CC7CF0A67BA9F","RJ3304409DEA1D75B0CCC4EDFB45CC7CF0A67BA9F"
"585","RJ-3304409-8E2E7651EC244774BADF243249F9303B","AT","RJ","3304409","8E2E7651EC244774BADF243249F9303B","RJ33044098E2E7651EC244774BADF243249F9303B"
"586","RJ-3304409-9DAB54AB511641A89080887B433B5D45","AT","RJ","3304409","9DAB54AB511641A89080887B433B5D45","RJ33044099DAB54AB511641A89080887B433B5D45"
"587","RJ-3304409-781B90EBAEA546229ACD806BC1DB085D","AT","RJ","3304409","781B90EBAEA546229ACD806BC1DB085D","RJ3304409781B90EBAEA546229ACD806BC1DB085D"
"588","RJ-3304409-D49B3BD8BD7C40679A7330B8AB62DA28","AT","RJ","3304409","D49B3BD8BD7C40679A7330B8AB62DA28","RJ3304409D49B3BD8BD7C40679A7330B8AB62DA28"
"589","RJ-3304409-A7F8219679BB4EDF964143A9875B1C09","AT","RJ","3304409","A7F8219679BB4EDF964143A9875B1C09","RJ3304409A7F8219679BB4EDF964143A9875B1C09"
"590","RJ-3304409-10ECF63F8B164365A021CEC2FD5D914A","AT","RJ","3304409","10ECF63F8B164365A021CEC2FD5D914A","RJ330440910ECF63F8B164365A021CEC2FD5D914A"
"591","RJ-3304409-39B5507ADBA94B30B8E934CA4E87BCA5","AT","RJ","3304409","39B5507ADBA94B30B8E934CA4E87BCA5","RJ330440939B5507ADBA94B30B8E934CA4E87BCA5"
"592","RJ-3304409-B41EBBFF2F564472BF6ADD1CDFA6BB9F","AT","RJ","3304409","B41EBBFF2F564472BF6ADD1CDFA6BB9F","RJ3304409B41EBBFF2F564472BF6ADD1CDFA6BB9F"
"593","RJ-3304409-E0F0FEAF6AC24E16AB2605A2774A95CF","AT","RJ","3304409","E0F0FEAF6AC24E16AB2605A2774A95CF","RJ3304409E0F0FEAF6AC24E16AB2605A2774A95CF"
"594","RJ-3304409-D9B87EB7706344B29CE158A069472FE9","AT","RJ","3304409","D9B87EB7706344B29CE158A069472FE9","RJ3304409D9B87EB7706344B29CE158A069472FE9"
"595","RJ-3304409-13B34D06547C44DCBD34DD7401E0518D","AT","RJ","3304409","13B34D06547C44DCBD34DD7401E0518D","RJ330440913B34D06547C44DCBD34DD7401E0518D"
"596","RJ-3304409-49A712669DC94C7A81AFE12C92D6C2AD","AT","RJ","3304409","49A712669DC94C7A81AFE12C92D6C2AD","RJ330440949A712669DC94C7A81AFE12C92D6C2AD"
"597","RJ-3304409-657860D19CF74B04B58F32D65BF98D07","AT","RJ","3304409","657860D19CF74B04B58F32D65BF98D07","RJ3304409657860D19CF74B04B58F32D65BF98D07"
"598","RJ-3304409-0C6CDED06742472C84EB817A8F045B29","AT","RJ","3304409","0C6CDED06742472C84EB817A8F045B29","RJ33044090C6CDED06742472C84EB817A8F045B29"
"599","RJ-3304409-88F6229DE03B4C2B9F6DAA265C41894F","AT","RJ","3304409","88F6229DE03B4C2B9F6DAA265C41894F","RJ330440988F6229DE03B4C2B9F6DAA265C41894F"
"600","RJ-3304409-74352AE3F04D4197B21047408F3D5503","AT","RJ","3304409","74352AE3F04D4197B21047408F3D5503","RJ330440974352AE3F04D4197B21047408F3D5503"
"601","RJ-3304409-4A83E85A856B4034B1F64CF718A9C1A7","AT","RJ","3304409","4A83E85A856B4034B1F64CF718A9C1A7","RJ33044094A83E85A856B4034B1F64CF718A9C1A7"
"602","RJ-3304409-C8A81C7F61CE454A8A389D02424C5C84","AT","RJ","3304409","C8A81C7F61CE454A8A389D02424C5C84","RJ3304409C8A81C7F61CE454A8A389D02424C5C84"
"603","RJ-3304409-CA52BFCB09814C12A71FC2D8FB4C8046","PE","RJ","3304409","CA52BFCB09814C12A71FC2D8FB4C8046","RJ3304409CA52BFCB09814C12A71FC2D8FB4C8046"
"604","RJ-3304409-1FF3DA3849CD42988BE04BB2237D3092","PE","RJ","3304409","1FF3DA3849CD42988BE04BB2237D3092","RJ33044091FF3DA3849CD42988BE04BB2237D3092"
"605","RJ-3304409-93A42DCA6EB8453F9598A0C945F93D7D","AT","RJ","3304409","93A42DCA6EB8453F9598A0C945F93D7D","RJ330440993A42DCA6EB8453F9598A0C945F93D7D"
"606","RJ-3304409-458306470FBC4925B298031C8E3E4CB4","AT","RJ","3304409","458306470FBC4925B298031C8E3E4CB4","RJ3304409458306470FBC4925B298031C8E3E4CB4"
"607","RJ-3304409-4947FFF06F14447198719A64D98EC08E","PE","RJ","3304409","4947FFF06F14447198719A64D98EC08E","RJ33044094947FFF06F14447198719A64D98EC08E"
"608","RJ-3304409-C826520F75014ACF85BE4AA1AF1615BC","AT","RJ","3304409","C826520F75014ACF85BE4AA1AF1615BC","RJ3304409C826520F75014ACF85BE4AA1AF1615BC"
"609","RJ-3304409-CE891376DE1448D18CA7088EEC085888","AT","RJ","3304409","CE891376DE1448D18CA7088EEC085888","RJ3304409CE891376DE1448D18CA7088EEC085888"
"610","RJ-3304409-F0E6E5B458CF4128B786EFCF9253CDB6","AT","RJ","3304409","F0E6E5B458CF4128B786EFCF9253CDB6","RJ3304409F0E6E5B458CF4128B786EFCF9253CDB6"
"611","RJ-3304409-F58D71134FA54E21B036A29451C418C7","AT","RJ","3304409","F58D71134FA54E21B036A29451C418C7","RJ3304409F58D71134FA54E21B036A29451C418C7"
"612","RJ-3304409-EDED1489B5FA4348A14EED31B22A885B","AT","RJ","3304409","EDED1489B5FA4348A14EED31B22A885B","RJ3304409EDED1489B5FA4348A14EED31B22A885B"
"613","RJ-3304409-B0B0B369D678437F878778F1221B1032","AT","RJ","3304409","B0B0B369D678437F878778F1221B1032","RJ3304409B0B0B369D678437F878778F1221B1032"
"614","RJ-3304409-4A084DE464114969BA11431F174A7DD2","AT","RJ","3304409","4A084DE464114969BA11431F174A7DD2","RJ33044094A084DE464114969BA11431F174A7DD2"
"615","RJ-3304409-9E9905D18B504E3D8EC76DBBB74B5794","AT","RJ","3304409","9E9905D18B504E3D8EC76DBBB74B5794","RJ33044099E9905D18B504E3D8EC76DBBB74B5794"
