"","fcar","situacao","uf","munic","code","NUMREGCAR"
"1","PR-4116307-A74AE06DBF1B4D9988C3CE478CA63561","AT","PR","4116307","A74AE06DBF1B4D9988C3CE478CA63561","PR4116307A74AE06DBF1B4D9988C3CE478CA63561"
"2","PR-4116307-98269FD6075A4EBC83EB520C9352275D","AT","PR","4116307","98269FD6075A4EBC83EB520C9352275D","PR411630798269FD6075A4EBC83EB520C9352275D"
"3","PR-4116307-C6A0757BB4944C46915EA1F4BD9248E4","AT","PR","4116307","C6A0757BB4944C46915EA1F4BD9248E4","PR4116307C6A0757BB4944C46915EA1F4BD9248E4"
"4","PR-4116307-3D6488BA0F944D5B815ACDE4FD2E83C3","AT","PR","4116307","3D6488BA0F944D5B815ACDE4FD2E83C3","PR41163073D6488BA0F944D5B815ACDE4FD2E83C3"
"5","PR-4116307-30FB37CD466047788AEA817F9647B785","AT","PR","4116307","30FB37CD466047788AEA817F9647B785","PR411630730FB37CD466047788AEA817F9647B785"
"6","PR-4116307-6D22FAC9FEFE4E3689DBDD75D2F890F1","AT","PR","4116307","6D22FAC9FEFE4E3689DBDD75D2F890F1","PR41163076D22FAC9FEFE4E3689DBDD75D2F890F1"
"7","PR-4116307-AF66C361D624427F86EEAEA550F437D4","AT","PR","4116307","AF66C361D624427F86EEAEA550F437D4","PR4116307AF66C361D624427F86EEAEA550F437D4"
"8","PR-4116307-D753340CECA44021B07E35ADD8F27626","AT","PR","4116307","D753340CECA44021B07E35ADD8F27626","PR4116307D753340CECA44021B07E35ADD8F27626"
"9","PR-4116307-100A0D6E507E48ECB89EE717C2E38AA6","AT","PR","4116307","100A0D6E507E48ECB89EE717C2E38AA6","PR4116307100A0D6E507E48ECB89EE717C2E38AA6"
"10","PR-4116307-F796035FF4BE410DBC87E6CD33A33F40","AT","PR","4116307","F796035FF4BE410DBC87E6CD33A33F40","PR4116307F796035FF4BE410DBC87E6CD33A33F40"
"11","PR-4116307-0F4EA16E76CA43918D0E4D77190BC455","AT","PR","4116307","0F4EA16E76CA43918D0E4D77190BC455","PR41163070F4EA16E76CA43918D0E4D77190BC455"
"12","PR-4116307-23AB5BD20C3B402A90C6B8C2FFE5FEC4","AT","PR","4116307","23AB5BD20C3B402A90C6B8C2FFE5FEC4","PR411630723AB5BD20C3B402A90C6B8C2FFE5FEC4"
"13","PR-4116307-0B392E0741C14C11818FC66D71BFE0E5","AT","PR","4116307","0B392E0741C14C11818FC66D71BFE0E5","PR41163070B392E0741C14C11818FC66D71BFE0E5"
"14","PR-4116307-27412A65AF4444818C822358DE86AF4E","AT","PR","4116307","27412A65AF4444818C822358DE86AF4E","PR411630727412A65AF4444818C822358DE86AF4E"
"15","PR-4116307-B06A05CBAD3747F0A593D088AC412A7C","AT","PR","4116307","B06A05CBAD3747F0A593D088AC412A7C","PR4116307B06A05CBAD3747F0A593D088AC412A7C"
"16","PR-4116307-F63CF21EDF7A46F8A7292523AA12EB8F","AT","PR","4116307","F63CF21EDF7A46F8A7292523AA12EB8F","PR4116307F63CF21EDF7A46F8A7292523AA12EB8F"
"17","PR-4116307-4165EF7D766D4A51A92E088DCEDC8C3A","AT","PR","4116307","4165EF7D766D4A51A92E088DCEDC8C3A","PR41163074165EF7D766D4A51A92E088DCEDC8C3A"
"18","PR-4116307-44F6461893534A85B08C357022FE9913","AT","PR","4116307","44F6461893534A85B08C357022FE9913","PR411630744F6461893534A85B08C357022FE9913"
"19","PR-4116307-83BF30C07D8040BDBA98A2C79582639B","AT","PR","4116307","83BF30C07D8040BDBA98A2C79582639B","PR411630783BF30C07D8040BDBA98A2C79582639B"
"20","PR-4116307-F55FB4DA58EF4FDDA4F2552A585DBA5B","AT","PR","4116307","F55FB4DA58EF4FDDA4F2552A585DBA5B","PR4116307F55FB4DA58EF4FDDA4F2552A585DBA5B"
"21","PR-4116307-E18E5D8613E7411E93EEAD32E81B97A8","AT","PR","4116307","E18E5D8613E7411E93EEAD32E81B97A8","PR4116307E18E5D8613E7411E93EEAD32E81B97A8"
"22","PR-4116307-1685D0C07D164A0D97F3D34973F3BB80","AT","PR","4116307","1685D0C07D164A0D97F3D34973F3BB80","PR41163071685D0C07D164A0D97F3D34973F3BB80"
"23","PR-4116307-51C5ADDEF05641F9BAC2128FE6BEA1A9","AT","PR","4116307","51C5ADDEF05641F9BAC2128FE6BEA1A9","PR411630751C5ADDEF05641F9BAC2128FE6BEA1A9"
"24","PR-4116307-AF97B6E789BD4B06B08D4D8BC0DCC22A","AT","PR","4116307","AF97B6E789BD4B06B08D4D8BC0DCC22A","PR4116307AF97B6E789BD4B06B08D4D8BC0DCC22A"
"25","PR-4116307-0E25D016270740319111A56DC3FAB987","AT","PR","4116307","0E25D016270740319111A56DC3FAB987","PR41163070E25D016270740319111A56DC3FAB987"
"26","PR-4116307-76E99CA367C5464484F63EEADD726CBC","AT","PR","4116307","76E99CA367C5464484F63EEADD726CBC","PR411630776E99CA367C5464484F63EEADD726CBC"
"27","PR-4116307-2AEDE9862AAF4502A458D46D7A31640B","AT","PR","4116307","2AEDE9862AAF4502A458D46D7A31640B","PR41163072AEDE9862AAF4502A458D46D7A31640B"
"28","PR-4116307-DA50A82F35B64875ABA8C9ED07C1ACC9","AT","PR","4116307","DA50A82F35B64875ABA8C9ED07C1ACC9","PR4116307DA50A82F35B64875ABA8C9ED07C1ACC9"
"29","PR-4116307-CAFB64FE96574E7A9AA4286D3C0C7305","AT","PR","4116307","CAFB64FE96574E7A9AA4286D3C0C7305","PR4116307CAFB64FE96574E7A9AA4286D3C0C7305"
"30","PR-4116307-D34FB2F11DDE445B95A00D0E40D427C5","AT","PR","4116307","D34FB2F11DDE445B95A00D0E40D427C5","PR4116307D34FB2F11DDE445B95A00D0E40D427C5"
"31","PR-4116307-69855128A87D40F39E82DF90218D2AE4","AT","PR","4116307","69855128A87D40F39E82DF90218D2AE4","PR411630769855128A87D40F39E82DF90218D2AE4"
"32","PR-4116307-6174E87B9A87408AA72A7ED33EE735FE","AT","PR","4116307","6174E87B9A87408AA72A7ED33EE735FE","PR41163076174E87B9A87408AA72A7ED33EE735FE"
"33","PR-4116307-6536A903BD9248F1A66F413D11809A37","AT","PR","4116307","6536A903BD9248F1A66F413D11809A37","PR41163076536A903BD9248F1A66F413D11809A37"
"34","PR-4116307-2D7754F6AD674413B9284C9674ED86A0","AT","PR","4116307","2D7754F6AD674413B9284C9674ED86A0","PR41163072D7754F6AD674413B9284C9674ED86A0"
"35","PR-4116307-2A5D46DCF87545519D78BE919B934C89","AT","PR","4116307","2A5D46DCF87545519D78BE919B934C89","PR41163072A5D46DCF87545519D78BE919B934C89"
"36","PR-4116307-47BEB29CF6C44F709DD69CCBC010792F","AT","PR","4116307","47BEB29CF6C44F709DD69CCBC010792F","PR411630747BEB29CF6C44F709DD69CCBC010792F"
"37","PR-4116307-1D258E40F57946C19C8E3D41D513ABB4","AT","PR","4116307","1D258E40F57946C19C8E3D41D513ABB4","PR41163071D258E40F57946C19C8E3D41D513ABB4"
"38","PR-4116307-499D2175B79542AF9AE30FF2C3766C26","AT","PR","4116307","499D2175B79542AF9AE30FF2C3766C26","PR4116307499D2175B79542AF9AE30FF2C3766C26"
"39","PR-4116307-162F4CE70D3B422382C66D24344F2D90","AT","PR","4116307","162F4CE70D3B422382C66D24344F2D90","PR4116307162F4CE70D3B422382C66D24344F2D90"
"40","PR-4116307-6AC448D452E6468492E9025CB78E9418","AT","PR","4116307","6AC448D452E6468492E9025CB78E9418","PR41163076AC448D452E6468492E9025CB78E9418"
"41","PR-4116307-7AE659C87D7B483291DE69D90B181D85","AT","PR","4116307","7AE659C87D7B483291DE69D90B181D85","PR41163077AE659C87D7B483291DE69D90B181D85"
"42","PR-4116307-D5D5EF7AFE4A4306AD5F37D1C6DC7E98","AT","PR","4116307","D5D5EF7AFE4A4306AD5F37D1C6DC7E98","PR4116307D5D5EF7AFE4A4306AD5F37D1C6DC7E98"
"43","PR-4116307-0DCD6D9869F14E9C84C50FA3A2F65108","AT","PR","4116307","0DCD6D9869F14E9C84C50FA3A2F65108","PR41163070DCD6D9869F14E9C84C50FA3A2F65108"
"44","PR-4116307-F59524D4B6894E2797B3B3B49A184CB9","AT","PR","4116307","F59524D4B6894E2797B3B3B49A184CB9","PR4116307F59524D4B6894E2797B3B3B49A184CB9"
"45","PR-4116307-1DDC0520DB7A4AA89C79EBDA698FA8C2","AT","PR","4116307","1DDC0520DB7A4AA89C79EBDA698FA8C2","PR41163071DDC0520DB7A4AA89C79EBDA698FA8C2"
"46","PR-4116307-7C0F3D65A79043F8B2F4F20FBDF19120","AT","PR","4116307","7C0F3D65A79043F8B2F4F20FBDF19120","PR41163077C0F3D65A79043F8B2F4F20FBDF19120"
"47","PR-4116307-B7161369D36B45A28443AFCFDE23D475","AT","PR","4116307","B7161369D36B45A28443AFCFDE23D475","PR4116307B7161369D36B45A28443AFCFDE23D475"
"48","PR-4116307-5E9066755D58470C899352A20140F050","AT","PR","4116307","5E9066755D58470C899352A20140F050","PR41163075E9066755D58470C899352A20140F050"
"49","PR-4116307-355E8E380FBE459EBD83C8872E84770D","AT","PR","4116307","355E8E380FBE459EBD83C8872E84770D","PR4116307355E8E380FBE459EBD83C8872E84770D"
"50","PR-4116307-BA85CEAF0E29443DAB98057F95A8C5BF","AT","PR","4116307","BA85CEAF0E29443DAB98057F95A8C5BF","PR4116307BA85CEAF0E29443DAB98057F95A8C5BF"
"51","PR-4116307-8B51E2B80B8A4C45B53662919F72CF6A","AT","PR","4116307","8B51E2B80B8A4C45B53662919F72CF6A","PR41163078B51E2B80B8A4C45B53662919F72CF6A"
"52","PR-4116307-A88569E1270545B2944E48B18388EBBF","AT","PR","4116307","A88569E1270545B2944E48B18388EBBF","PR4116307A88569E1270545B2944E48B18388EBBF"
"53","PR-4116307-0041B46F905546F682BD5FFBBE6322BC","AT","PR","4116307","0041B46F905546F682BD5FFBBE6322BC","PR41163070041B46F905546F682BD5FFBBE6322BC"
"54","PR-4116307-CE34DD60CC994A1BB54A85A407DD0DCF","AT","PR","4116307","CE34DD60CC994A1BB54A85A407DD0DCF","PR4116307CE34DD60CC994A1BB54A85A407DD0DCF"
"55","PR-4116307-B722702C93A141289DF60857A173CC50","AT","PR","4116307","B722702C93A141289DF60857A173CC50","PR4116307B722702C93A141289DF60857A173CC50"
"56","PR-4116307-EE2DDFD8D812483A859F59EEC05AB32B","AT","PR","4116307","EE2DDFD8D812483A859F59EEC05AB32B","PR4116307EE2DDFD8D812483A859F59EEC05AB32B"
"57","PR-4116307-9766FB1185CD4CF8A01A4A0FEBB046D5","AT","PR","4116307","9766FB1185CD4CF8A01A4A0FEBB046D5","PR41163079766FB1185CD4CF8A01A4A0FEBB046D5"
"58","PR-4116307-3E77F66DE172488680B1DCEAFD1A7DD4","AT","PR","4116307","3E77F66DE172488680B1DCEAFD1A7DD4","PR41163073E77F66DE172488680B1DCEAFD1A7DD4"
"59","PR-4116307-6200D2EEFE26472C86BE38F93B7EF5FC","AT","PR","4116307","6200D2EEFE26472C86BE38F93B7EF5FC","PR41163076200D2EEFE26472C86BE38F93B7EF5FC"
"60","PR-4116307-C66AD0972DD44799BDE0A7788042B214","AT","PR","4116307","C66AD0972DD44799BDE0A7788042B214","PR4116307C66AD0972DD44799BDE0A7788042B214"
"61","PR-4116307-2CFCB700A87249628A692DCBFEB409B0","AT","PR","4116307","2CFCB700A87249628A692DCBFEB409B0","PR41163072CFCB700A87249628A692DCBFEB409B0"
"62","PR-4116307-41BEEDEB6A1A459EA44D6AD7017D2591","AT","PR","4116307","41BEEDEB6A1A459EA44D6AD7017D2591","PR411630741BEEDEB6A1A459EA44D6AD7017D2591"
"63","PR-4116307-C5EC8B2A4AB449D286198204E55B2738","AT","PR","4116307","C5EC8B2A4AB449D286198204E55B2738","PR4116307C5EC8B2A4AB449D286198204E55B2738"
"64","PR-4116307-ADE51233C14B4A5F982B3677FAF5D1E0","AT","PR","4116307","ADE51233C14B4A5F982B3677FAF5D1E0","PR4116307ADE51233C14B4A5F982B3677FAF5D1E0"
"65","PR-4116307-3255B1BA830C4C338615CE56C34A4EA8","AT","PR","4116307","3255B1BA830C4C338615CE56C34A4EA8","PR41163073255B1BA830C4C338615CE56C34A4EA8"
"66","PR-4116307-019AE4B8C60C46A1852D714D113CE4AB","AT","PR","4116307","019AE4B8C60C46A1852D714D113CE4AB","PR4116307019AE4B8C60C46A1852D714D113CE4AB"
"67","PR-4116307-8B21BA18F6EC4599AC784040BE715C19","AT","PR","4116307","8B21BA18F6EC4599AC784040BE715C19","PR41163078B21BA18F6EC4599AC784040BE715C19"
"68","PR-4116307-C4F88F7829BC442E95E6DFB26EF68D09","AT","PR","4116307","C4F88F7829BC442E95E6DFB26EF68D09","PR4116307C4F88F7829BC442E95E6DFB26EF68D09"
"69","PR-4116307-263AADEA2FC44B878BA7151DACBBD585","AT","PR","4116307","263AADEA2FC44B878BA7151DACBBD585","PR4116307263AADEA2FC44B878BA7151DACBBD585"
"70","PR-4116307-F23B3C1F7BD84F8EB8B3C208946FEE91","AT","PR","4116307","F23B3C1F7BD84F8EB8B3C208946FEE91","PR4116307F23B3C1F7BD84F8EB8B3C208946FEE91"
"71","PR-4116307-8FFAB2A4E5DA4FC0BD5E6B362DEE22F8","AT","PR","4116307","8FFAB2A4E5DA4FC0BD5E6B362DEE22F8","PR41163078FFAB2A4E5DA4FC0BD5E6B362DEE22F8"
"72","PR-4116307-9805D9D2127D4FBBAE09343B795EE427","AT","PR","4116307","9805D9D2127D4FBBAE09343B795EE427","PR41163079805D9D2127D4FBBAE09343B795EE427"
"73","PR-4116307-16CE563D0471433C84804694AEF473F9","AT","PR","4116307","16CE563D0471433C84804694AEF473F9","PR411630716CE563D0471433C84804694AEF473F9"
"74","PR-4116307-008EC512DC8B4476AAA84E9B0EEA5FD7","AT","PR","4116307","008EC512DC8B4476AAA84E9B0EEA5FD7","PR4116307008EC512DC8B4476AAA84E9B0EEA5FD7"
"75","PR-4116307-14402037143A4FF086A6B076DA728688","AT","PR","4116307","14402037143A4FF086A6B076DA728688","PR411630714402037143A4FF086A6B076DA728688"
"76","PR-4116307-50E17247ECD742B09F7C75266C54FF80","AT","PR","4116307","50E17247ECD742B09F7C75266C54FF80","PR411630750E17247ECD742B09F7C75266C54FF80"
"77","PR-4116307-318899963769430CBDA05542277D1C72","AT","PR","4116307","318899963769430CBDA05542277D1C72","PR4116307318899963769430CBDA05542277D1C72"
"78","PR-4116307-A4E55691F1AC4253AF69254185AEA412","AT","PR","4116307","A4E55691F1AC4253AF69254185AEA412","PR4116307A4E55691F1AC4253AF69254185AEA412"
"79","PR-4116307-355980A644814D7EB0A7AF021C7CE69C","AT","PR","4116307","355980A644814D7EB0A7AF021C7CE69C","PR4116307355980A644814D7EB0A7AF021C7CE69C"
"80","PR-4116307-7496B14C03AB4C18966FA187CA61164E","AT","PR","4116307","7496B14C03AB4C18966FA187CA61164E","PR41163077496B14C03AB4C18966FA187CA61164E"
"81","PR-4116307-97DC369E7B764D98BB578732F4CEFAB1","AT","PR","4116307","97DC369E7B764D98BB578732F4CEFAB1","PR411630797DC369E7B764D98BB578732F4CEFAB1"
"82","PR-4116307-04ECB8C6B1FA465A922DD6DA3F3F0FE3","AT","PR","4116307","04ECB8C6B1FA465A922DD6DA3F3F0FE3","PR411630704ECB8C6B1FA465A922DD6DA3F3F0FE3"
"83","PR-4116307-A15F03F99F58486388C5A6FF569F83A4","AT","PR","4116307","A15F03F99F58486388C5A6FF569F83A4","PR4116307A15F03F99F58486388C5A6FF569F83A4"
"84","PR-4116307-E776CBB6918B4B7F91C7DC5A6B801BF0","AT","PR","4116307","E776CBB6918B4B7F91C7DC5A6B801BF0","PR4116307E776CBB6918B4B7F91C7DC5A6B801BF0"
"85","PR-4116307-28B7A98866654730A1341DCBFAE9E40C","AT","PR","4116307","28B7A98866654730A1341DCBFAE9E40C","PR411630728B7A98866654730A1341DCBFAE9E40C"
"86","PR-4116307-AB7177E6C8224067BAD57F04A0C01BBC","AT","PR","4116307","AB7177E6C8224067BAD57F04A0C01BBC","PR4116307AB7177E6C8224067BAD57F04A0C01BBC"
"87","PR-4116307-8BEC7611D6014BE38CFAB69B90A8E6BB","AT","PR","4116307","8BEC7611D6014BE38CFAB69B90A8E6BB","PR41163078BEC7611D6014BE38CFAB69B90A8E6BB"
"88","PR-4116307-6BD2DC0EFB014AE6B54DFE6425EE089D","AT","PR","4116307","6BD2DC0EFB014AE6B54DFE6425EE089D","PR41163076BD2DC0EFB014AE6B54DFE6425EE089D"
"89","PR-4116307-E937D8600FF94D879E71E9387C4B834F","AT","PR","4116307","E937D8600FF94D879E71E9387C4B834F","PR4116307E937D8600FF94D879E71E9387C4B834F"
"90","PR-4116307-092A35B13C5849EEBD05D6A6B705697A","AT","PR","4116307","092A35B13C5849EEBD05D6A6B705697A","PR4116307092A35B13C5849EEBD05D6A6B705697A"
"91","PR-4116307-B0BB3E1FFE9048C0B67251226E74CD8C","AT","PR","4116307","B0BB3E1FFE9048C0B67251226E74CD8C","PR4116307B0BB3E1FFE9048C0B67251226E74CD8C"
"92","PR-4116307-264EA238A70B45498C5B0087BBF3F4BA","AT","PR","4116307","264EA238A70B45498C5B0087BBF3F4BA","PR4116307264EA238A70B45498C5B0087BBF3F4BA"
"93","PR-4116307-F35A5646D8DE4DCFB1ED838A1B2DB366","AT","PR","4116307","F35A5646D8DE4DCFB1ED838A1B2DB366","PR4116307F35A5646D8DE4DCFB1ED838A1B2DB366"
"94","PR-4116307-BC394B19C9BB4528926F2338EE1FEF42","AT","PR","4116307","BC394B19C9BB4528926F2338EE1FEF42","PR4116307BC394B19C9BB4528926F2338EE1FEF42"
"95","PR-4116307-8BB67B7AEACF48AF8D1D9F23FE1831D7","AT","PR","4116307","8BB67B7AEACF48AF8D1D9F23FE1831D7","PR41163078BB67B7AEACF48AF8D1D9F23FE1831D7"
"96","PR-4116307-3C9BE01519DE4954A5E8C729C1E9F11E","AT","PR","4116307","3C9BE01519DE4954A5E8C729C1E9F11E","PR41163073C9BE01519DE4954A5E8C729C1E9F11E"
"97","PR-4116307-A6FFAE9839F14CFE971C1475E089A6F9","AT","PR","4116307","A6FFAE9839F14CFE971C1475E089A6F9","PR4116307A6FFAE9839F14CFE971C1475E089A6F9"
"98","PR-4116307-3BCE915537674E40B9CB1CC5E976C645","AT","PR","4116307","3BCE915537674E40B9CB1CC5E976C645","PR41163073BCE915537674E40B9CB1CC5E976C645"
"99","PR-4116307-F4D0C5DC568E4BCC96DF808B8283E640","AT","PR","4116307","F4D0C5DC568E4BCC96DF808B8283E640","PR4116307F4D0C5DC568E4BCC96DF808B8283E640"
"100","PR-4116307-CC8388D80FC941379286C6EF707FD816","AT","PR","4116307","CC8388D80FC941379286C6EF707FD816","PR4116307CC8388D80FC941379286C6EF707FD816"
"101","PR-4116307-91ADBB1671D940158541C9AD62295242","AT","PR","4116307","91ADBB1671D940158541C9AD62295242","PR411630791ADBB1671D940158541C9AD62295242"
"102","PR-4116307-A322A03F2DC642BFB0E8326DE8F76228","AT","PR","4116307","A322A03F2DC642BFB0E8326DE8F76228","PR4116307A322A03F2DC642BFB0E8326DE8F76228"
"103","PR-4116307-B326B9C86F904E1595B3F4AD145A6270","AT","PR","4116307","B326B9C86F904E1595B3F4AD145A6270","PR4116307B326B9C86F904E1595B3F4AD145A6270"
"104","PR-4116307-D25382607D2046AEB0A4A3D60EBD680A","AT","PR","4116307","D25382607D2046AEB0A4A3D60EBD680A","PR4116307D25382607D2046AEB0A4A3D60EBD680A"
"105","PR-4116307-F933B844A9CF45E288BB0154DEAA7C9B","AT","PR","4116307","F933B844A9CF45E288BB0154DEAA7C9B","PR4116307F933B844A9CF45E288BB0154DEAA7C9B"
"106","PR-4116307-A26B6A949FC64CBE8B3090E261308B79","AT","PR","4116307","A26B6A949FC64CBE8B3090E261308B79","PR4116307A26B6A949FC64CBE8B3090E261308B79"
"107","PR-4116307-82BBCCBFE07B40BB9E93739F528C9232","AT","PR","4116307","82BBCCBFE07B40BB9E93739F528C9232","PR411630782BBCCBFE07B40BB9E93739F528C9232"
"108","PR-4116307-D9599E9BCBDB495B8D16FD68C8BC32F3","AT","PR","4116307","D9599E9BCBDB495B8D16FD68C8BC32F3","PR4116307D9599E9BCBDB495B8D16FD68C8BC32F3"
"109","PR-4116307-4D776E08AF904096ABB4D8A1C486368F","AT","PR","4116307","4D776E08AF904096ABB4D8A1C486368F","PR41163074D776E08AF904096ABB4D8A1C486368F"
"110","PR-4116307-37EA75C2DEA54A4AA77D3E5C013C4698","AT","PR","4116307","37EA75C2DEA54A4AA77D3E5C013C4698","PR411630737EA75C2DEA54A4AA77D3E5C013C4698"
"111","PR-4116307-6CC85597C04C40979092D7B869B15FB3","AT","PR","4116307","6CC85597C04C40979092D7B869B15FB3","PR41163076CC85597C04C40979092D7B869B15FB3"
"112","PR-4116307-2800F0C4A1F44B7E98E3AE0CF81598C7","AT","PR","4116307","2800F0C4A1F44B7E98E3AE0CF81598C7","PR41163072800F0C4A1F44B7E98E3AE0CF81598C7"
"113","PR-4116307-2181C62DC1FA46A79CD27931B9FE5066","AT","PR","4116307","2181C62DC1FA46A79CD27931B9FE5066","PR41163072181C62DC1FA46A79CD27931B9FE5066"
"114","PR-4116307-15D76375BCD144988A2C5CAB7D49A41B","AT","PR","4116307","15D76375BCD144988A2C5CAB7D49A41B","PR411630715D76375BCD144988A2C5CAB7D49A41B"
"115","PR-4116307-7DFE3C7E5BFB409081C46DD42DCD0057","CA","PR","4116307","7DFE3C7E5BFB409081C46DD42DCD0057","PR41163077DFE3C7E5BFB409081C46DD42DCD0057"
"116","PR-4116307-0476DB08AA064A1A90996136FFBB7E01","AT","PR","4116307","0476DB08AA064A1A90996136FFBB7E01","PR41163070476DB08AA064A1A90996136FFBB7E01"
"117","PR-4116307-4A30F9A1D7484F72B029F68BA6BF4D96","AT","PR","4116307","4A30F9A1D7484F72B029F68BA6BF4D96","PR41163074A30F9A1D7484F72B029F68BA6BF4D96"
"118","PR-4116307-8AB8C69BE1D64B239C4AB091CC6D7F82","AT","PR","4116307","8AB8C69BE1D64B239C4AB091CC6D7F82","PR41163078AB8C69BE1D64B239C4AB091CC6D7F82"
"119","PR-4116307-750E0070EC604654A176496E6EF9E03B","AT","PR","4116307","750E0070EC604654A176496E6EF9E03B","PR4116307750E0070EC604654A176496E6EF9E03B"
"120","PR-4116307-EFEEFA00A2184DDEBA2E84DDC801D7F7","AT","PR","4116307","EFEEFA00A2184DDEBA2E84DDC801D7F7","PR4116307EFEEFA00A2184DDEBA2E84DDC801D7F7"
"121","PR-4116307-37E493C4A5A843DC8DB0FFB0121128B8","AT","PR","4116307","37E493C4A5A843DC8DB0FFB0121128B8","PR411630737E493C4A5A843DC8DB0FFB0121128B8"
"122","PR-4116307-6A838659C77343838EDBE731FA295FE7","AT","PR","4116307","6A838659C77343838EDBE731FA295FE7","PR41163076A838659C77343838EDBE731FA295FE7"
"123","PR-4116307-59FBB37F1FAB4E0AA8E1DF1D6CD3FA32","AT","PR","4116307","59FBB37F1FAB4E0AA8E1DF1D6CD3FA32","PR411630759FBB37F1FAB4E0AA8E1DF1D6CD3FA32"
"124","PR-4116307-F5F254C07CD74F3287D26C61856BD5EE","AT","PR","4116307","F5F254C07CD74F3287D26C61856BD5EE","PR4116307F5F254C07CD74F3287D26C61856BD5EE"
"125","PR-4116307-4E772176DB124CE080D36221ED89E321","AT","PR","4116307","4E772176DB124CE080D36221ED89E321","PR41163074E772176DB124CE080D36221ED89E321"
"126","PR-4116307-AFD03754A3C24E568FE840EB2C00046E","AT","PR","4116307","AFD03754A3C24E568FE840EB2C00046E","PR4116307AFD03754A3C24E568FE840EB2C00046E"
"127","PR-4116307-51F8ED87312849048CB2DD28F9548758","AT","PR","4116307","51F8ED87312849048CB2DD28F9548758","PR411630751F8ED87312849048CB2DD28F9548758"
"128","PR-4116307-B8F390EB6F3E44CE9C43EE613165066E","AT","PR","4116307","B8F390EB6F3E44CE9C43EE613165066E","PR4116307B8F390EB6F3E44CE9C43EE613165066E"
"129","PR-4116307-A5B4391CC5E740ABAA2BA3A8B1C320A6","AT","PR","4116307","A5B4391CC5E740ABAA2BA3A8B1C320A6","PR4116307A5B4391CC5E740ABAA2BA3A8B1C320A6"
"130","PR-4116307-43D501BB7267420793E6FFB0BFF1923F","AT","PR","4116307","43D501BB7267420793E6FFB0BFF1923F","PR411630743D501BB7267420793E6FFB0BFF1923F"
"131","PR-4116307-928A390CAB1E4FBBA4F860615E95C7B6","AT","PR","4116307","928A390CAB1E4FBBA4F860615E95C7B6","PR4116307928A390CAB1E4FBBA4F860615E95C7B6"
"132","PR-4116307-104C7E02C551463B85FFD5952EBFF86D","AT","PR","4116307","104C7E02C551463B85FFD5952EBFF86D","PR4116307104C7E02C551463B85FFD5952EBFF86D"
"133","PR-4116307-3C163F00EBCA4F41A0C9BFE08FD08053","AT","PR","4116307","3C163F00EBCA4F41A0C9BFE08FD08053","PR41163073C163F00EBCA4F41A0C9BFE08FD08053"
"134","PR-4116307-03571032334B4BF593595240C7A4591A","AT","PR","4116307","03571032334B4BF593595240C7A4591A","PR411630703571032334B4BF593595240C7A4591A"
"135","PR-4116307-B15F1F287E3B43549F03B4D863DD2420","AT","PR","4116307","B15F1F287E3B43549F03B4D863DD2420","PR4116307B15F1F287E3B43549F03B4D863DD2420"
"136","PR-4116307-5BAE4CE915FA48CC817C41CAA58AB552","AT","PR","4116307","5BAE4CE915FA48CC817C41CAA58AB552","PR41163075BAE4CE915FA48CC817C41CAA58AB552"
"137","PR-4116307-50FFA07943484F6BB43A85BC0C40D6D4","AT","PR","4116307","50FFA07943484F6BB43A85BC0C40D6D4","PR411630750FFA07943484F6BB43A85BC0C40D6D4"
"138","PR-4116307-D99BBF7B83F441C4B745EA11224134F0","AT","PR","4116307","D99BBF7B83F441C4B745EA11224134F0","PR4116307D99BBF7B83F441C4B745EA11224134F0"
"139","PR-4116307-FA1615FFBAB9463B805F0A4F06F93660","AT","PR","4116307","FA1615FFBAB9463B805F0A4F06F93660","PR4116307FA1615FFBAB9463B805F0A4F06F93660"
"140","PR-4116307-2CF2BB9EF1864B2CB5FB222DDD2D1325","AT","PR","4116307","2CF2BB9EF1864B2CB5FB222DDD2D1325","PR41163072CF2BB9EF1864B2CB5FB222DDD2D1325"
"141","PR-4116307-485386FFABC44988BAD08BC9CA2C5F58","AT","PR","4116307","485386FFABC44988BAD08BC9CA2C5F58","PR4116307485386FFABC44988BAD08BC9CA2C5F58"
"142","PR-4116307-AE625E78FD994D95BBCF14FEA5EF215E","AT","PR","4116307","AE625E78FD994D95BBCF14FEA5EF215E","PR4116307AE625E78FD994D95BBCF14FEA5EF215E"
"143","PR-4116307-1EF0771C63D74DD8AF21375B0F75E260","AT","PR","4116307","1EF0771C63D74DD8AF21375B0F75E260","PR41163071EF0771C63D74DD8AF21375B0F75E260"
"144","PR-4116307-1B029FDFC7E7456089FAE7A4E59645CB","AT","PR","4116307","1B029FDFC7E7456089FAE7A4E59645CB","PR41163071B029FDFC7E7456089FAE7A4E59645CB"
"145","PR-4116307-B73F59FD3D684974B18C05EACD3520F1","AT","PR","4116307","B73F59FD3D684974B18C05EACD3520F1","PR4116307B73F59FD3D684974B18C05EACD3520F1"
"146","PR-4116307-34B2A88A9518403BB6C26B6BDDA72C62","AT","PR","4116307","34B2A88A9518403BB6C26B6BDDA72C62","PR411630734B2A88A9518403BB6C26B6BDDA72C62"
"147","PR-4116307-25675D212E1C4A21BFE2EDEC861220CA","AT","PR","4116307","25675D212E1C4A21BFE2EDEC861220CA","PR411630725675D212E1C4A21BFE2EDEC861220CA"
"148","PR-4116307-A9DE14E1B5BB4E569A5AE5B9273A18CA","AT","PR","4116307","A9DE14E1B5BB4E569A5AE5B9273A18CA","PR4116307A9DE14E1B5BB4E569A5AE5B9273A18CA"
"149","PR-4116307-B0B7A37660CF4097ADB088C901C86277","AT","PR","4116307","B0B7A37660CF4097ADB088C901C86277","PR4116307B0B7A37660CF4097ADB088C901C86277"
"150","PR-4116307-257FD409CBB64BEDAEDFBFD39F7F7CC8","AT","PR","4116307","257FD409CBB64BEDAEDFBFD39F7F7CC8","PR4116307257FD409CBB64BEDAEDFBFD39F7F7CC8"
"151","PR-4116307-C321F3EA7A764F99BB544F4AFBD92AFF","AT","PR","4116307","C321F3EA7A764F99BB544F4AFBD92AFF","PR4116307C321F3EA7A764F99BB544F4AFBD92AFF"
"152","PR-4116307-F13516F672EC4439AEA3163797A35FC6","AT","PR","4116307","F13516F672EC4439AEA3163797A35FC6","PR4116307F13516F672EC4439AEA3163797A35FC6"
"153","PR-4116307-75B99A32050C4E959CEF78DC7F0D2B79","AT","PR","4116307","75B99A32050C4E959CEF78DC7F0D2B79","PR411630775B99A32050C4E959CEF78DC7F0D2B79"
"154","PR-4116307-6A09012692F34A8B919BC5944653894B","AT","PR","4116307","6A09012692F34A8B919BC5944653894B","PR41163076A09012692F34A8B919BC5944653894B"
"155","PR-4116307-812F72DD645D46599622459CD2F0AB62","AT","PR","4116307","812F72DD645D46599622459CD2F0AB62","PR4116307812F72DD645D46599622459CD2F0AB62"
"156","PR-4116307-59B71FDB8D54457499ABDD46EA1B4A41","AT","PR","4116307","59B71FDB8D54457499ABDD46EA1B4A41","PR411630759B71FDB8D54457499ABDD46EA1B4A41"
"157","PR-4116307-227E30BFD33B4F0CB25BB69AF3ECCB49","AT","PR","4116307","227E30BFD33B4F0CB25BB69AF3ECCB49","PR4116307227E30BFD33B4F0CB25BB69AF3ECCB49"
"158","PR-4116307-2C298B6C025442D2A45EA7EDE730D652","AT","PR","4116307","2C298B6C025442D2A45EA7EDE730D652","PR41163072C298B6C025442D2A45EA7EDE730D652"
"159","PR-4116307-670536A793F140C4A597D6C7D2746260","AT","PR","4116307","670536A793F140C4A597D6C7D2746260","PR4116307670536A793F140C4A597D6C7D2746260"
"160","PR-4116307-FB26857F745743589E2045870FE8D911","AT","PR","4116307","FB26857F745743589E2045870FE8D911","PR4116307FB26857F745743589E2045870FE8D911"
"161","PR-4116307-399A2B3E49714A538712627487707876","AT","PR","4116307","399A2B3E49714A538712627487707876","PR4116307399A2B3E49714A538712627487707876"
"162","PR-4116307-89345AEA849F4A75861C0298B9521F58","AT","PR","4116307","89345AEA849F4A75861C0298B9521F58","PR411630789345AEA849F4A75861C0298B9521F58"
"163","PR-4116307-8D3E0EEC6B32457DAF2B0338D9B0B913","AT","PR","4116307","8D3E0EEC6B32457DAF2B0338D9B0B913","PR41163078D3E0EEC6B32457DAF2B0338D9B0B913"
"164","PR-4116307-D3B375622D3947E78C63588DFD1D2F5B","AT","PR","4116307","D3B375622D3947E78C63588DFD1D2F5B","PR4116307D3B375622D3947E78C63588DFD1D2F5B"
"165","PR-4116307-D15DB1831AB94085A33226A56075043C","AT","PR","4116307","D15DB1831AB94085A33226A56075043C","PR4116307D15DB1831AB94085A33226A56075043C"
"166","PR-4116307-F25612E6A28F40A2844DEAF640DA852E","AT","PR","4116307","F25612E6A28F40A2844DEAF640DA852E","PR4116307F25612E6A28F40A2844DEAF640DA852E"
"167","PR-4116307-76EE080ACF5D4BE9AC34C76A66F7FC3A","AT","PR","4116307","76EE080ACF5D4BE9AC34C76A66F7FC3A","PR411630776EE080ACF5D4BE9AC34C76A66F7FC3A"
"168","PR-4116307-17DF91DE34AE4D35AD420C9D3C46796C","AT","PR","4116307","17DF91DE34AE4D35AD420C9D3C46796C","PR411630717DF91DE34AE4D35AD420C9D3C46796C"
"169","PR-4116307-7B51E7EBDCE14BFE83DDCA2475BCAD16","AT","PR","4116307","7B51E7EBDCE14BFE83DDCA2475BCAD16","PR41163077B51E7EBDCE14BFE83DDCA2475BCAD16"
"170","PR-4116307-F5B3C021B39C4F509EF9CFF9BEBF789A","AT","PR","4116307","F5B3C021B39C4F509EF9CFF9BEBF789A","PR4116307F5B3C021B39C4F509EF9CFF9BEBF789A"
"171","PR-4116307-03D887E476424C4787F3C080B84CD078","AT","PR","4116307","03D887E476424C4787F3C080B84CD078","PR411630703D887E476424C4787F3C080B84CD078"
"172","PR-4116307-EAD742B7D38646AE89D69E578DAC06E5","AT","PR","4116307","EAD742B7D38646AE89D69E578DAC06E5","PR4116307EAD742B7D38646AE89D69E578DAC06E5"
"173","PR-4116307-4F971C282E8649A381FA69F3AD4AE4E6","AT","PR","4116307","4F971C282E8649A381FA69F3AD4AE4E6","PR41163074F971C282E8649A381FA69F3AD4AE4E6"
"174","PR-4116307-8DDF0EF217734F9CA5290C1D260CBEAA","AT","PR","4116307","8DDF0EF217734F9CA5290C1D260CBEAA","PR41163078DDF0EF217734F9CA5290C1D260CBEAA"
"175","PR-4116307-9C7792A09660445DA51E8BCA93077210","AT","PR","4116307","9C7792A09660445DA51E8BCA93077210","PR41163079C7792A09660445DA51E8BCA93077210"
"176","PR-4116307-3DCC54CF24274935B29286B31FA4DABD","AT","PR","4116307","3DCC54CF24274935B29286B31FA4DABD","PR41163073DCC54CF24274935B29286B31FA4DABD"
"177","PR-4116307-57F83CCBDBAC4BDD83BD3F306530634B","AT","PR","4116307","57F83CCBDBAC4BDD83BD3F306530634B","PR411630757F83CCBDBAC4BDD83BD3F306530634B"
"178","PR-4116307-88EA50CF7E964BE196A2C7CB92EC14FE","AT","PR","4116307","88EA50CF7E964BE196A2C7CB92EC14FE","PR411630788EA50CF7E964BE196A2C7CB92EC14FE"
"179","PR-4116307-DBCBADA317274FA0998EB2B8AC88754B","AT","PR","4116307","DBCBADA317274FA0998EB2B8AC88754B","PR4116307DBCBADA317274FA0998EB2B8AC88754B"
"180","PR-4116307-C142A3166BFA409DB9CB20DCDBD392D1","AT","PR","4116307","C142A3166BFA409DB9CB20DCDBD392D1","PR4116307C142A3166BFA409DB9CB20DCDBD392D1"
"181","PR-4116307-F2DE615F62334727A2C62E5652E38695","AT","PR","4116307","F2DE615F62334727A2C62E5652E38695","PR4116307F2DE615F62334727A2C62E5652E38695"
"182","PR-4116307-687BF7D3876945318D6C60FB89A6FA7D","AT","PR","4116307","687BF7D3876945318D6C60FB89A6FA7D","PR4116307687BF7D3876945318D6C60FB89A6FA7D"
"183","PR-4116307-D033D0C7580E4DAABDEA814741E094DA","AT","PR","4116307","D033D0C7580E4DAABDEA814741E094DA","PR4116307D033D0C7580E4DAABDEA814741E094DA"
"184","PR-4116307-60E2531B53414117B388C29B65892701","AT","PR","4116307","60E2531B53414117B388C29B65892701","PR411630760E2531B53414117B388C29B65892701"
"185","PR-4116307-9268ADEBEE2445B697451644FD6AFDA6","AT","PR","4116307","9268ADEBEE2445B697451644FD6AFDA6","PR41163079268ADEBEE2445B697451644FD6AFDA6"
"186","PR-4116307-5B11327A22F44921BC78132CA5AFE1CF","AT","PR","4116307","5B11327A22F44921BC78132CA5AFE1CF","PR41163075B11327A22F44921BC78132CA5AFE1CF"
"187","PR-4116307-D022456C96BF4865857FF7D520E2D718","AT","PR","4116307","D022456C96BF4865857FF7D520E2D718","PR4116307D022456C96BF4865857FF7D520E2D718"
"188","PR-4116307-344A12A13AB14A40A572A23AA112DE94","AT","PR","4116307","344A12A13AB14A40A572A23AA112DE94","PR4116307344A12A13AB14A40A572A23AA112DE94"
"189","PR-4116307-5F49A0C4F5CC4D7BBCE6484FF5455540","AT","PR","4116307","5F49A0C4F5CC4D7BBCE6484FF5455540","PR41163075F49A0C4F5CC4D7BBCE6484FF5455540"
"190","PR-4116307-7CDF49326B394A20A98A7FEAC6B65EE4","AT","PR","4116307","7CDF49326B394A20A98A7FEAC6B65EE4","PR41163077CDF49326B394A20A98A7FEAC6B65EE4"
"191","PR-4116307-429161D5379A4347AF9A7A4A9D7EB8BE","AT","PR","4116307","429161D5379A4347AF9A7A4A9D7EB8BE","PR4116307429161D5379A4347AF9A7A4A9D7EB8BE"
"192","PR-4116307-BCA17BCBFE5943928F348AACA21F998D","AT","PR","4116307","BCA17BCBFE5943928F348AACA21F998D","PR4116307BCA17BCBFE5943928F348AACA21F998D"
"193","PR-4116307-A11DD64225C04CCB93615493D0509DF7","AT","PR","4116307","A11DD64225C04CCB93615493D0509DF7","PR4116307A11DD64225C04CCB93615493D0509DF7"
"194","PR-4116307-BD180487FEB34ACD9DE7273E6278292F","AT","PR","4116307","BD180487FEB34ACD9DE7273E6278292F","PR4116307BD180487FEB34ACD9DE7273E6278292F"
"195","PR-4116307-635D6D9DAC534A2195563B95E3A44A2F","AT","PR","4116307","635D6D9DAC534A2195563B95E3A44A2F","PR4116307635D6D9DAC534A2195563B95E3A44A2F"
"196","PR-4116307-C84BA7EBB201482D829765AECA10EFF9","AT","PR","4116307","C84BA7EBB201482D829765AECA10EFF9","PR4116307C84BA7EBB201482D829765AECA10EFF9"
"197","PR-4116307-985ADE1229D74E32B9D3AE283BB418AC","AT","PR","4116307","985ADE1229D74E32B9D3AE283BB418AC","PR4116307985ADE1229D74E32B9D3AE283BB418AC"
"198","PR-4116307-23B3712AB6A14F9EBD4BEA2F5DD3E857","AT","PR","4116307","23B3712AB6A14F9EBD4BEA2F5DD3E857","PR411630723B3712AB6A14F9EBD4BEA2F5DD3E857"
"199","PR-4116307-62E14F60B82743D9B08AC9BC8C2A3432","AT","PR","4116307","62E14F60B82743D9B08AC9BC8C2A3432","PR411630762E14F60B82743D9B08AC9BC8C2A3432"
"200","PR-4116307-E05EC7B834C84E108292490FC0A87901","AT","PR","4116307","E05EC7B834C84E108292490FC0A87901","PR4116307E05EC7B834C84E108292490FC0A87901"
"201","PR-4116307-EC1EFC6FE85D4E7C8EA0988E3F0927E0","AT","PR","4116307","EC1EFC6FE85D4E7C8EA0988E3F0927E0","PR4116307EC1EFC6FE85D4E7C8EA0988E3F0927E0"
"202","PR-4116307-A5D2CEAF22104D43A1F56B615681759E","AT","PR","4116307","A5D2CEAF22104D43A1F56B615681759E","PR4116307A5D2CEAF22104D43A1F56B615681759E"
"203","PR-4116307-9A29BB07D9CB4453AFB303721DD77595","AT","PR","4116307","9A29BB07D9CB4453AFB303721DD77595","PR41163079A29BB07D9CB4453AFB303721DD77595"
"204","PR-4116307-EA7474D05B674EAFA7320049B79D7848","AT","PR","4116307","EA7474D05B674EAFA7320049B79D7848","PR4116307EA7474D05B674EAFA7320049B79D7848"
"205","PR-4116307-76BD8EFAD4F448718C2781C9C342AD11","AT","PR","4116307","76BD8EFAD4F448718C2781C9C342AD11","PR411630776BD8EFAD4F448718C2781C9C342AD11"
"206","PR-4116307-D336BB6101CC4384BF92B4BF1B4008E1","AT","PR","4116307","D336BB6101CC4384BF92B4BF1B4008E1","PR4116307D336BB6101CC4384BF92B4BF1B4008E1"
"207","PR-4116307-5E2EA4F9D6674AAB9A016654E1AE1CAD","AT","PR","4116307","5E2EA4F9D6674AAB9A016654E1AE1CAD","PR41163075E2EA4F9D6674AAB9A016654E1AE1CAD"
"208","PR-4116307-8C33BAA7098D42ACB16C046010843BE4","AT","PR","4116307","8C33BAA7098D42ACB16C046010843BE4","PR41163078C33BAA7098D42ACB16C046010843BE4"
"209","PR-4116307-897B3462CFE34FD188A6EB5D7555B29D","AT","PR","4116307","897B3462CFE34FD188A6EB5D7555B29D","PR4116307897B3462CFE34FD188A6EB5D7555B29D"
"210","PR-4116307-03F5ED1A90344EB2B138A416E1DD89AC","AT","PR","4116307","03F5ED1A90344EB2B138A416E1DD89AC","PR411630703F5ED1A90344EB2B138A416E1DD89AC"
"211","PR-4116307-7B613C52AC234968A51EF463FF67F95D","AT","PR","4116307","7B613C52AC234968A51EF463FF67F95D","PR41163077B613C52AC234968A51EF463FF67F95D"
"212","PR-4116307-7635C84BC72E4C30B048F88427EDA2D7","AT","PR","4116307","7635C84BC72E4C30B048F88427EDA2D7","PR41163077635C84BC72E4C30B048F88427EDA2D7"
"213","PR-4116307-3F184A3EC9B74FA0AA170F4187812B89","AT","PR","4116307","3F184A3EC9B74FA0AA170F4187812B89","PR41163073F184A3EC9B74FA0AA170F4187812B89"
"214","PR-4116307-B3E905C5E0BA4C70B35782C9D34FB3B5","AT","PR","4116307","B3E905C5E0BA4C70B35782C9D34FB3B5","PR4116307B3E905C5E0BA4C70B35782C9D34FB3B5"
"215","PR-4116307-85B46AC1847C49C2BAAA2D6F637D28AE","AT","PR","4116307","85B46AC1847C49C2BAAA2D6F637D28AE","PR411630785B46AC1847C49C2BAAA2D6F637D28AE"
"216","PR-4116307-170AC16A1A3E4DD98B9B8B3D43501CAD","AT","PR","4116307","170AC16A1A3E4DD98B9B8B3D43501CAD","PR4116307170AC16A1A3E4DD98B9B8B3D43501CAD"
"217","PR-4116307-3A9C7EA79B0E4480952058E828D9F153","AT","PR","4116307","3A9C7EA79B0E4480952058E828D9F153","PR41163073A9C7EA79B0E4480952058E828D9F153"
"218","PR-4116307-9846F8725B344C42A0ADA8E868FDBB72","AT","PR","4116307","9846F8725B344C42A0ADA8E868FDBB72","PR41163079846F8725B344C42A0ADA8E868FDBB72"
"219","PR-4116307-E1D0BA82773C4726BEA4327F9811E23D","AT","PR","4116307","E1D0BA82773C4726BEA4327F9811E23D","PR4116307E1D0BA82773C4726BEA4327F9811E23D"
"220","PR-4116307-DB016773E90943DF8641E20D2ED52C23","AT","PR","4116307","DB016773E90943DF8641E20D2ED52C23","PR4116307DB016773E90943DF8641E20D2ED52C23"
"221","PR-4116307-5C57EE7A730F43189970663B9C2DDCC6","AT","PR","4116307","5C57EE7A730F43189970663B9C2DDCC6","PR41163075C57EE7A730F43189970663B9C2DDCC6"
"222","PR-4116307-B2A086B113C747018EEF0D06597025A1","AT","PR","4116307","B2A086B113C747018EEF0D06597025A1","PR4116307B2A086B113C747018EEF0D06597025A1"
"223","PR-4116307-50E5C58269CE4FFF9E1C91D8776FA3B1","AT","PR","4116307","50E5C58269CE4FFF9E1C91D8776FA3B1","PR411630750E5C58269CE4FFF9E1C91D8776FA3B1"
"224","PR-4116307-0B13EF971EDA417D8B06248A664F7911","AT","PR","4116307","0B13EF971EDA417D8B06248A664F7911","PR41163070B13EF971EDA417D8B06248A664F7911"
"225","PR-4116307-F516E4D9D5B24C8CAB8809F772740CD3","AT","PR","4116307","F516E4D9D5B24C8CAB8809F772740CD3","PR4116307F516E4D9D5B24C8CAB8809F772740CD3"
"226","PR-4116307-55910419ABFB41F4B98940DD46A9D16F","AT","PR","4116307","55910419ABFB41F4B98940DD46A9D16F","PR411630755910419ABFB41F4B98940DD46A9D16F"
"227","PR-4116307-2FDF4A088256484BBA90768148B7DDAB","AT","PR","4116307","2FDF4A088256484BBA90768148B7DDAB","PR41163072FDF4A088256484BBA90768148B7DDAB"
"228","PR-4116307-CF144F4A543546C3A117FDB179C83F66","AT","PR","4116307","CF144F4A543546C3A117FDB179C83F66","PR4116307CF144F4A543546C3A117FDB179C83F66"
"229","PR-4116307-06DAF501B78A4D6E9D6ADD4C584CF50B","AT","PR","4116307","06DAF501B78A4D6E9D6ADD4C584CF50B","PR411630706DAF501B78A4D6E9D6ADD4C584CF50B"
"230","PR-4116307-9C06D14103794D6493300EB76F3B7863","AT","PR","4116307","9C06D14103794D6493300EB76F3B7863","PR41163079C06D14103794D6493300EB76F3B7863"
"231","PR-4116307-40F78CC725B449129931637EF1CA16B1","AT","PR","4116307","40F78CC725B449129931637EF1CA16B1","PR411630740F78CC725B449129931637EF1CA16B1"
"232","PR-4116307-C303071DBBCF4D4886C4BE211364E957","AT","PR","4116307","C303071DBBCF4D4886C4BE211364E957","PR4116307C303071DBBCF4D4886C4BE211364E957"
"233","PR-4116307-D4884474192C45F3A96174523CECF8FE","AT","PR","4116307","D4884474192C45F3A96174523CECF8FE","PR4116307D4884474192C45F3A96174523CECF8FE"
"234","PR-4116307-C237896A5EC3435B93D0C1DDADD08BB6","AT","PR","4116307","C237896A5EC3435B93D0C1DDADD08BB6","PR4116307C237896A5EC3435B93D0C1DDADD08BB6"
"235","PR-4116307-24A60AE9686E4D31B6B949E8842E4070","AT","PR","4116307","24A60AE9686E4D31B6B949E8842E4070","PR411630724A60AE9686E4D31B6B949E8842E4070"
"236","PR-4116307-ECCA5EFCA5B84507A5BFBD354161605F","AT","PR","4116307","ECCA5EFCA5B84507A5BFBD354161605F","PR4116307ECCA5EFCA5B84507A5BFBD354161605F"
"237","PR-4116307-D77499D9FBB14023870D8C42ED69514C","AT","PR","4116307","D77499D9FBB14023870D8C42ED69514C","PR4116307D77499D9FBB14023870D8C42ED69514C"
"238","PR-4116307-AAFCF65CB80D42019C12D72B39B88093","AT","PR","4116307","AAFCF65CB80D42019C12D72B39B88093","PR4116307AAFCF65CB80D42019C12D72B39B88093"
"239","PR-4116307-1CFF7E2D00E44B2EB09B9ABE6A333893","AT","PR","4116307","1CFF7E2D00E44B2EB09B9ABE6A333893","PR41163071CFF7E2D00E44B2EB09B9ABE6A333893"
"240","PR-4116307-AE6A8E132DDE47D4B7A869A91D6DF217","AT","PR","4116307","AE6A8E132DDE47D4B7A869A91D6DF217","PR4116307AE6A8E132DDE47D4B7A869A91D6DF217"
"241","PR-4116307-FB91C7C08C134CF5BD6F73AF8E1EB4A5","AT","PR","4116307","FB91C7C08C134CF5BD6F73AF8E1EB4A5","PR4116307FB91C7C08C134CF5BD6F73AF8E1EB4A5"
"242","PR-4116307-5BE3E4B95B22422B9C2A1EC00B129608","AT","PR","4116307","5BE3E4B95B22422B9C2A1EC00B129608","PR41163075BE3E4B95B22422B9C2A1EC00B129608"
"243","PR-4116307-78C10E5656EC4EBAB654F57704494CA9","AT","PR","4116307","78C10E5656EC4EBAB654F57704494CA9","PR411630778C10E5656EC4EBAB654F57704494CA9"
"244","PR-4116307-6154D0CF60874DC8A02E4E102426FF01","AT","PR","4116307","6154D0CF60874DC8A02E4E102426FF01","PR41163076154D0CF60874DC8A02E4E102426FF01"
"245","PR-4116307-9B65361BB369455AB1FF5F724A010B4E","AT","PR","4116307","9B65361BB369455AB1FF5F724A010B4E","PR41163079B65361BB369455AB1FF5F724A010B4E"
"246","PR-4116307-AE475E0C02744010882AED6D483B4614","AT","PR","4116307","AE475E0C02744010882AED6D483B4614","PR4116307AE475E0C02744010882AED6D483B4614"
"247","PR-4116307-5EE41E193BFD4F74862D4E97AB05E8C6","AT","PR","4116307","5EE41E193BFD4F74862D4E97AB05E8C6","PR41163075EE41E193BFD4F74862D4E97AB05E8C6"
"248","PR-4116307-E5668A06D90D4F86875F6BB9A573F226","AT","PR","4116307","E5668A06D90D4F86875F6BB9A573F226","PR4116307E5668A06D90D4F86875F6BB9A573F226"
"249","PR-4116307-33162E1BD6CB4C1CBD65B99AD5D86B03","AT","PR","4116307","33162E1BD6CB4C1CBD65B99AD5D86B03","PR411630733162E1BD6CB4C1CBD65B99AD5D86B03"
"250","PR-4116307-2429B04F15A041978BE1ACB63EF93F7C","AT","PR","4116307","2429B04F15A041978BE1ACB63EF93F7C","PR41163072429B04F15A041978BE1ACB63EF93F7C"
"251","PR-4116307-3BE4B9080B1C4D6BABAB40E030ADC8D1","AT","PR","4116307","3BE4B9080B1C4D6BABAB40E030ADC8D1","PR41163073BE4B9080B1C4D6BABAB40E030ADC8D1"
"252","PR-4116307-586BA97A4E8A43D6A1D7D492CAAD860F","AT","PR","4116307","586BA97A4E8A43D6A1D7D492CAAD860F","PR4116307586BA97A4E8A43D6A1D7D492CAAD860F"
"253","PR-4116307-CE74EFA5A93C47BAB85141C6818C9E09","AT","PR","4116307","CE74EFA5A93C47BAB85141C6818C9E09","PR4116307CE74EFA5A93C47BAB85141C6818C9E09"
"254","PR-4116307-F865D66ED2DE48A18C4013F2FC6BF8AD","AT","PR","4116307","F865D66ED2DE48A18C4013F2FC6BF8AD","PR4116307F865D66ED2DE48A18C4013F2FC6BF8AD"
"255","PR-4116307-BC74534D6A3A4F3DA6D15C53EDD419E7","AT","PR","4116307","BC74534D6A3A4F3DA6D15C53EDD419E7","PR4116307BC74534D6A3A4F3DA6D15C53EDD419E7"
"256","PR-4116307-E3E5354F6A2D433AA9A0CFD4D262DCBB","AT","PR","4116307","E3E5354F6A2D433AA9A0CFD4D262DCBB","PR4116307E3E5354F6A2D433AA9A0CFD4D262DCBB"
"257","PR-4116307-4CBF8DE62D984D2598BBBBDA83F586A7","AT","PR","4116307","4CBF8DE62D984D2598BBBBDA83F586A7","PR41163074CBF8DE62D984D2598BBBBDA83F586A7"
"258","PR-4116307-23B068E0B90448918E5A02C47337741E","CA","PR","4116307","23B068E0B90448918E5A02C47337741E","PR411630723B068E0B90448918E5A02C47337741E"
"259","PR-4116307-CE0B45A6E0714234B323927769BE1074","AT","PR","4116307","CE0B45A6E0714234B323927769BE1074","PR4116307CE0B45A6E0714234B323927769BE1074"
"260","PR-4116307-5AE294D1070A442B985B92671297C0EC","AT","PR","4116307","5AE294D1070A442B985B92671297C0EC","PR41163075AE294D1070A442B985B92671297C0EC"
"261","PR-4116307-934C53BBBA7E44509B9B9A0809B59A80","AT","PR","4116307","934C53BBBA7E44509B9B9A0809B59A80","PR4116307934C53BBBA7E44509B9B9A0809B59A80"
"262","PR-4116307-B7B1B9A9E36249998AF14AFCDEFA63B9","AT","PR","4116307","B7B1B9A9E36249998AF14AFCDEFA63B9","PR4116307B7B1B9A9E36249998AF14AFCDEFA63B9"
"263","PR-4116307-BE256544068F44679525F316D94FC150","AT","PR","4116307","BE256544068F44679525F316D94FC150","PR4116307BE256544068F44679525F316D94FC150"
"264","PR-4116307-27A59ACB2111413F8712FC2B96D2F721","AT","PR","4116307","27A59ACB2111413F8712FC2B96D2F721","PR411630727A59ACB2111413F8712FC2B96D2F721"
"265","PR-4116307-1A0FB0558F7F4742A27518344EC036CA","AT","PR","4116307","1A0FB0558F7F4742A27518344EC036CA","PR41163071A0FB0558F7F4742A27518344EC036CA"
"266","PR-4116307-7CF6EFCB43BE4E17999B1D9236ABA784","AT","PR","4116307","7CF6EFCB43BE4E17999B1D9236ABA784","PR41163077CF6EFCB43BE4E17999B1D9236ABA784"
"267","PR-4116307-39F7EAD8A41D4CBE89B32A1797CA4F8D","AT","PR","4116307","39F7EAD8A41D4CBE89B32A1797CA4F8D","PR411630739F7EAD8A41D4CBE89B32A1797CA4F8D"
"268","PR-4116307-A18D9573AACD46BD9BECF2C8F5840A62","AT","PR","4116307","A18D9573AACD46BD9BECF2C8F5840A62","PR4116307A18D9573AACD46BD9BECF2C8F5840A62"
"269","PR-4116307-53F205545A9D4AE298BEAA9A5C7FBDDB","AT","PR","4116307","53F205545A9D4AE298BEAA9A5C7FBDDB","PR411630753F205545A9D4AE298BEAA9A5C7FBDDB"
"270","PR-4116307-0D8792749D884DBDAC53BA11048AA1C9","AT","PR","4116307","0D8792749D884DBDAC53BA11048AA1C9","PR41163070D8792749D884DBDAC53BA11048AA1C9"
"271","PR-4116307-B4F524A20EFD4158B8B7F6AC17044248","AT","PR","4116307","B4F524A20EFD4158B8B7F6AC17044248","PR4116307B4F524A20EFD4158B8B7F6AC17044248"
"272","PR-4116307-BD62BE270F9E4D04BE8CDD7490428BC5","AT","PR","4116307","BD62BE270F9E4D04BE8CDD7490428BC5","PR4116307BD62BE270F9E4D04BE8CDD7490428BC5"
"273","PR-4116307-63766D89E7874497A6FCEC9586DD2C91","AT","PR","4116307","63766D89E7874497A6FCEC9586DD2C91","PR411630763766D89E7874497A6FCEC9586DD2C91"
"274","PR-4116307-23F886F610E8466ABEAA5E3484F095F9","AT","PR","4116307","23F886F610E8466ABEAA5E3484F095F9","PR411630723F886F610E8466ABEAA5E3484F095F9"
"275","PR-4116307-F737D848464D42D89539181D2777ED5C","AT","PR","4116307","F737D848464D42D89539181D2777ED5C","PR4116307F737D848464D42D89539181D2777ED5C"
"276","PR-4116307-519A5E3E0FCD412096AF5620738EC4B1","AT","PR","4116307","519A5E3E0FCD412096AF5620738EC4B1","PR4116307519A5E3E0FCD412096AF5620738EC4B1"
"277","PR-4116307-5CA94D337F6D466F970DE8C34009E95C","AT","PR","4116307","5CA94D337F6D466F970DE8C34009E95C","PR41163075CA94D337F6D466F970DE8C34009E95C"
"278","PR-4116307-F6CCEF4C877B493AB1BEED8E87A34E41","AT","PR","4116307","F6CCEF4C877B493AB1BEED8E87A34E41","PR4116307F6CCEF4C877B493AB1BEED8E87A34E41"
"279","PR-4116307-8659A641DDDF4FFE92AC8D86FAB6F0FB","AT","PR","4116307","8659A641DDDF4FFE92AC8D86FAB6F0FB","PR41163078659A641DDDF4FFE92AC8D86FAB6F0FB"
"280","PR-4116307-612829E87D8D424F98B5A7CE6846EB95","AT","PR","4116307","612829E87D8D424F98B5A7CE6846EB95","PR4116307612829E87D8D424F98B5A7CE6846EB95"
"281","PR-4116307-9AF77BBEAA204A4CBF9F3061E6D54D2C","AT","PR","4116307","9AF77BBEAA204A4CBF9F3061E6D54D2C","PR41163079AF77BBEAA204A4CBF9F3061E6D54D2C"
"282","PR-4116307-CA8FB78C8B774D128370B49AD6F8ECE8","AT","PR","4116307","CA8FB78C8B774D128370B49AD6F8ECE8","PR4116307CA8FB78C8B774D128370B49AD6F8ECE8"
"283","PR-4116307-F05525A428B644818DD77A547359B55F","AT","PR","4116307","F05525A428B644818DD77A547359B55F","PR4116307F05525A428B644818DD77A547359B55F"
"284","PR-4116307-C93D3E6561744431B4451F15863DB88E","AT","PR","4116307","C93D3E6561744431B4451F15863DB88E","PR4116307C93D3E6561744431B4451F15863DB88E"
"285","PR-4116307-32B93C6AC4794CFB9B88151C22EC77DD","AT","PR","4116307","32B93C6AC4794CFB9B88151C22EC77DD","PR411630732B93C6AC4794CFB9B88151C22EC77DD"
"286","PR-4116307-7E00A4FBAFE24286972E486C17127D47","AT","PR","4116307","7E00A4FBAFE24286972E486C17127D47","PR41163077E00A4FBAFE24286972E486C17127D47"
"287","PR-4116307-ED6AB4FDCED049798F24A27E8FD168B5","AT","PR","4116307","ED6AB4FDCED049798F24A27E8FD168B5","PR4116307ED6AB4FDCED049798F24A27E8FD168B5"
"288","PR-4116307-2193F0CB816A46F4B366EF942C3B1D55","AT","PR","4116307","2193F0CB816A46F4B366EF942C3B1D55","PR41163072193F0CB816A46F4B366EF942C3B1D55"
"289","PR-4116307-48D71AE4DEFF4571BB0FA4E212169247","AT","PR","4116307","48D71AE4DEFF4571BB0FA4E212169247","PR411630748D71AE4DEFF4571BB0FA4E212169247"
"290","PR-4116307-5224ECD6CB014BC69724CAC1C238ED99","AT","PR","4116307","5224ECD6CB014BC69724CAC1C238ED99","PR41163075224ECD6CB014BC69724CAC1C238ED99"
"291","PR-4116307-472ECAD2EE7949FD98C7E0F4A1B61079","AT","PR","4116307","472ECAD2EE7949FD98C7E0F4A1B61079","PR4116307472ECAD2EE7949FD98C7E0F4A1B61079"
"292","PR-4116307-60C283A670EF46368AE74DF8718829DB","AT","PR","4116307","60C283A670EF46368AE74DF8718829DB","PR411630760C283A670EF46368AE74DF8718829DB"
"293","PR-4116307-FCE0066E624640729697AD604F4167B9","AT","PR","4116307","FCE0066E624640729697AD604F4167B9","PR4116307FCE0066E624640729697AD604F4167B9"
"294","PR-4116307-E18EED7CEE08428D9074F097E9FA0985","AT","PR","4116307","E18EED7CEE08428D9074F097E9FA0985","PR4116307E18EED7CEE08428D9074F097E9FA0985"
"295","PR-4116307-9C1B1A852453496380131B7DE445B1EF","AT","PR","4116307","9C1B1A852453496380131B7DE445B1EF","PR41163079C1B1A852453496380131B7DE445B1EF"
"296","PR-4116307-98D97CDA93664C968272E8EF053ED8F9","AT","PR","4116307","98D97CDA93664C968272E8EF053ED8F9","PR411630798D97CDA93664C968272E8EF053ED8F9"
"297","PR-4116307-F2FA79C65B9E4EC8AAA75DEE12136401","AT","PR","4116307","F2FA79C65B9E4EC8AAA75DEE12136401","PR4116307F2FA79C65B9E4EC8AAA75DEE12136401"
"298","PR-4116307-8D64D0D08B534765BD5F453D40D97FFB","AT","PR","4116307","8D64D0D08B534765BD5F453D40D97FFB","PR41163078D64D0D08B534765BD5F453D40D97FFB"
"299","PR-4116307-EFBFE7794F7D422A8FC1C2625BA384D2","AT","PR","4116307","EFBFE7794F7D422A8FC1C2625BA384D2","PR4116307EFBFE7794F7D422A8FC1C2625BA384D2"
"300","PR-4116307-7DF1A5BC2583478A8096E0AB974FE6E0","AT","PR","4116307","7DF1A5BC2583478A8096E0AB974FE6E0","PR41163077DF1A5BC2583478A8096E0AB974FE6E0"
"301","PR-4116307-287CE948D995486881D6E2D5E44DFF25","AT","PR","4116307","287CE948D995486881D6E2D5E44DFF25","PR4116307287CE948D995486881D6E2D5E44DFF25"
"302","PR-4116307-C670EF496C98469EA3D980C00096953A","AT","PR","4116307","C670EF496C98469EA3D980C00096953A","PR4116307C670EF496C98469EA3D980C00096953A"
"303","PR-4116307-505F3A82808C47D8902B532FCC0E1AEF","AT","PR","4116307","505F3A82808C47D8902B532FCC0E1AEF","PR4116307505F3A82808C47D8902B532FCC0E1AEF"
"304","PR-4116307-49F770AD692140A58D3C8E5F014EBFF2","AT","PR","4116307","49F770AD692140A58D3C8E5F014EBFF2","PR411630749F770AD692140A58D3C8E5F014EBFF2"
"305","PR-4116307-5C4E53B39944448A8D5E5F0484C2E085","AT","PR","4116307","5C4E53B39944448A8D5E5F0484C2E085","PR41163075C4E53B39944448A8D5E5F0484C2E085"
"306","PR-4116307-A2A7E8FCA7644DDB83CD149BBE5BA816","AT","PR","4116307","A2A7E8FCA7644DDB83CD149BBE5BA816","PR4116307A2A7E8FCA7644DDB83CD149BBE5BA816"
"307","PR-4116307-542523DDE7044618909C39C66D81608B","AT","PR","4116307","542523DDE7044618909C39C66D81608B","PR4116307542523DDE7044618909C39C66D81608B"
"308","PR-4116307-D4E67B87DCA845D785D5EE73308E3B96","AT","PR","4116307","D4E67B87DCA845D785D5EE73308E3B96","PR4116307D4E67B87DCA845D785D5EE73308E3B96"
"309","PR-4116307-2F863A78F4654631B80F11D9E187CFCE","AT","PR","4116307","2F863A78F4654631B80F11D9E187CFCE","PR41163072F863A78F4654631B80F11D9E187CFCE"
"310","PR-4116307-6447DAEB117A4DC5800F62B543B60D19","AT","PR","4116307","6447DAEB117A4DC5800F62B543B60D19","PR41163076447DAEB117A4DC5800F62B543B60D19"
"311","PR-4116307-AECC8C4368F846CC86FDD38FAF75EFCA","AT","PR","4116307","AECC8C4368F846CC86FDD38FAF75EFCA","PR4116307AECC8C4368F846CC86FDD38FAF75EFCA"
"312","PR-4116307-AD52A55CC50947B4B7A57E27FE88C89D","AT","PR","4116307","AD52A55CC50947B4B7A57E27FE88C89D","PR4116307AD52A55CC50947B4B7A57E27FE88C89D"
"313","PR-4116307-892920148DAD42E5A202E411DFA8FB0D","AT","PR","4116307","892920148DAD42E5A202E411DFA8FB0D","PR4116307892920148DAD42E5A202E411DFA8FB0D"
"314","PR-4116307-5099F8BDEA8A4A2BBC9845E9281723F5","AT","PR","4116307","5099F8BDEA8A4A2BBC9845E9281723F5","PR41163075099F8BDEA8A4A2BBC9845E9281723F5"
"315","PR-4116307-A03B6D0BF7EE43418F515F83A4EF7967","AT","PR","4116307","A03B6D0BF7EE43418F515F83A4EF7967","PR4116307A03B6D0BF7EE43418F515F83A4EF7967"
"316","PR-4116307-81BF841226A94DBFA0CF6CDE059B2A19","AT","PR","4116307","81BF841226A94DBFA0CF6CDE059B2A19","PR411630781BF841226A94DBFA0CF6CDE059B2A19"
"317","PR-4116307-EB4471D21C17431AB79CA0A63F98216B","AT","PR","4116307","EB4471D21C17431AB79CA0A63F98216B","PR4116307EB4471D21C17431AB79CA0A63F98216B"
"318","PR-4116307-6829BF083BFC4FB29AEF6E80AFE57A06","AT","PR","4116307","6829BF083BFC4FB29AEF6E80AFE57A06","PR41163076829BF083BFC4FB29AEF6E80AFE57A06"
"319","PR-4116307-6A02D2EE47B741208DC0C8959F804BDC","AT","PR","4116307","6A02D2EE47B741208DC0C8959F804BDC","PR41163076A02D2EE47B741208DC0C8959F804BDC"
"320","PR-4116307-C077AB079B5949C3A542B6025991A59F","AT","PR","4116307","C077AB079B5949C3A542B6025991A59F","PR4116307C077AB079B5949C3A542B6025991A59F"
"321","PR-4116307-B1B64C170C94407FAA5EC07A3B48F49E","AT","PR","4116307","B1B64C170C94407FAA5EC07A3B48F49E","PR4116307B1B64C170C94407FAA5EC07A3B48F49E"
"322","PR-4116307-4C4DEB3A7DC34DC6A013E3C17578CD5F","AT","PR","4116307","4C4DEB3A7DC34DC6A013E3C17578CD5F","PR41163074C4DEB3A7DC34DC6A013E3C17578CD5F"
"323","PR-4116307-B5EE543F84BA4C56914E92EB8FADF2CA","AT","PR","4116307","B5EE543F84BA4C56914E92EB8FADF2CA","PR4116307B5EE543F84BA4C56914E92EB8FADF2CA"
"324","PR-4116307-1437750928D847B4A582367CC6D9A392","AT","PR","4116307","1437750928D847B4A582367CC6D9A392","PR41163071437750928D847B4A582367CC6D9A392"
"325","PR-4116307-D458AD5EE4C54341AF937F7CB4CDE73D","AT","PR","4116307","D458AD5EE4C54341AF937F7CB4CDE73D","PR4116307D458AD5EE4C54341AF937F7CB4CDE73D"
"326","PR-4116307-4B4407EF8B7249C1A881386DBC059B48","AT","PR","4116307","4B4407EF8B7249C1A881386DBC059B48","PR41163074B4407EF8B7249C1A881386DBC059B48"
"327","PR-4116307-285C7B9C21C1423D9D3EDC171BDE0BEA","AT","PR","4116307","285C7B9C21C1423D9D3EDC171BDE0BEA","PR4116307285C7B9C21C1423D9D3EDC171BDE0BEA"
"328","PR-4116307-E6E10BC5278F45EB812D54268EAA58A4","AT","PR","4116307","E6E10BC5278F45EB812D54268EAA58A4","PR4116307E6E10BC5278F45EB812D54268EAA58A4"
"329","PR-4116307-1CE065A99D0845F7A0CB2E81AD9AB520","AT","PR","4116307","1CE065A99D0845F7A0CB2E81AD9AB520","PR41163071CE065A99D0845F7A0CB2E81AD9AB520"
"330","PR-4116307-3B3030CDB2E148799CF61E3D9842E797","AT","PR","4116307","3B3030CDB2E148799CF61E3D9842E797","PR41163073B3030CDB2E148799CF61E3D9842E797"
"331","PR-4116307-749A3B3F8617483A81F2A5E36C387F81","AT","PR","4116307","749A3B3F8617483A81F2A5E36C387F81","PR4116307749A3B3F8617483A81F2A5E36C387F81"
"332","PR-4116307-10EF514F9E224428AF7B2C4FB5741EC5","AT","PR","4116307","10EF514F9E224428AF7B2C4FB5741EC5","PR411630710EF514F9E224428AF7B2C4FB5741EC5"
"333","PR-4116307-E6CEB3D737D3441891B7BA7A53B10D04","AT","PR","4116307","E6CEB3D737D3441891B7BA7A53B10D04","PR4116307E6CEB3D737D3441891B7BA7A53B10D04"
"334","PR-4116307-FD28612CA2CC454F80DF0245D485BD5A","AT","PR","4116307","FD28612CA2CC454F80DF0245D485BD5A","PR4116307FD28612CA2CC454F80DF0245D485BD5A"
"335","PR-4116307-A10B31E16C834BE89EEC510799F8B806","AT","PR","4116307","A10B31E16C834BE89EEC510799F8B806","PR4116307A10B31E16C834BE89EEC510799F8B806"
"336","PR-4116307-EA98CA31D4ED4BBD93798582AF1470AF","AT","PR","4116307","EA98CA31D4ED4BBD93798582AF1470AF","PR4116307EA98CA31D4ED4BBD93798582AF1470AF"
"337","PR-4116307-66647170CB444EE8837C2C68DD1ECCA1","AT","PR","4116307","66647170CB444EE8837C2C68DD1ECCA1","PR411630766647170CB444EE8837C2C68DD1ECCA1"
"338","PR-4116307-9544B6E9604C42F09B84FAE3BE9C171D","AT","PR","4116307","9544B6E9604C42F09B84FAE3BE9C171D","PR41163079544B6E9604C42F09B84FAE3BE9C171D"
"339","PR-4116307-303BAC3E6A5543E48B0CE12B984B801A","AT","PR","4116307","303BAC3E6A5543E48B0CE12B984B801A","PR4116307303BAC3E6A5543E48B0CE12B984B801A"
"340","PR-4116307-45F97EF79C76480B8AC132444CAAA907","AT","PR","4116307","45F97EF79C76480B8AC132444CAAA907","PR411630745F97EF79C76480B8AC132444CAAA907"
"341","PR-4116307-9251B7643C1A479DA917299E8135D6E2","AT","PR","4116307","9251B7643C1A479DA917299E8135D6E2","PR41163079251B7643C1A479DA917299E8135D6E2"
"342","PR-4116307-143600A1917E4E43932AA7825A524547","AT","PR","4116307","143600A1917E4E43932AA7825A524547","PR4116307143600A1917E4E43932AA7825A524547"
"343","PR-4116307-E66D695B0AB34B79AAB13CCC70A8C1EB","AT","PR","4116307","E66D695B0AB34B79AAB13CCC70A8C1EB","PR4116307E66D695B0AB34B79AAB13CCC70A8C1EB"
"344","PR-4116307-3539E4F7B39F4FEC8784CB648E845BD8","AT","PR","4116307","3539E4F7B39F4FEC8784CB648E845BD8","PR41163073539E4F7B39F4FEC8784CB648E845BD8"
"345","PR-4116307-F4C9A5A2848741AF872E67BB05D0C94A","AT","PR","4116307","F4C9A5A2848741AF872E67BB05D0C94A","PR4116307F4C9A5A2848741AF872E67BB05D0C94A"
"346","PR-4116307-940BAA8E17CF4A3282810870CB1D794E","AT","PR","4116307","940BAA8E17CF4A3282810870CB1D794E","PR4116307940BAA8E17CF4A3282810870CB1D794E"
"347","PR-4116307-8F8174E83C174EE08DCC636C0920B3E6","AT","PR","4116307","8F8174E83C174EE08DCC636C0920B3E6","PR41163078F8174E83C174EE08DCC636C0920B3E6"
"348","PR-4116307-D9C1B025C2954645A29C0FFECCB109CE","AT","PR","4116307","D9C1B025C2954645A29C0FFECCB109CE","PR4116307D9C1B025C2954645A29C0FFECCB109CE"
"349","PR-4116307-4810F7F031104C1CAF2BF5C1E1D6D35B","AT","PR","4116307","4810F7F031104C1CAF2BF5C1E1D6D35B","PR41163074810F7F031104C1CAF2BF5C1E1D6D35B"
"350","PR-4116307-C76137A766244767B6CB55114645A1DD","AT","PR","4116307","C76137A766244767B6CB55114645A1DD","PR4116307C76137A766244767B6CB55114645A1DD"
"351","PR-4116307-D94A1E683F734AA480E34F90A24767AA","AT","PR","4116307","D94A1E683F734AA480E34F90A24767AA","PR4116307D94A1E683F734AA480E34F90A24767AA"
"352","PR-4116307-CF47FF1644574B0FBC82025BA4D5A18C","AT","PR","4116307","CF47FF1644574B0FBC82025BA4D5A18C","PR4116307CF47FF1644574B0FBC82025BA4D5A18C"
"353","PR-4116307-DD8ED8DBFD204A608E0B7D8B7B26AEA4","AT","PR","4116307","DD8ED8DBFD204A608E0B7D8B7B26AEA4","PR4116307DD8ED8DBFD204A608E0B7D8B7B26AEA4"
"354","PR-4116307-EE8F6C104790487CAC520A84950451C5","AT","PR","4116307","EE8F6C104790487CAC520A84950451C5","PR4116307EE8F6C104790487CAC520A84950451C5"
"355","PR-4116307-6364A54E8EFB439481272CE14DC21668","AT","PR","4116307","6364A54E8EFB439481272CE14DC21668","PR41163076364A54E8EFB439481272CE14DC21668"
"356","PR-4116307-D7F5BCC9C0544519883B60751B054022","AT","PR","4116307","D7F5BCC9C0544519883B60751B054022","PR4116307D7F5BCC9C0544519883B60751B054022"
"357","PR-4116307-6ABDA4C3F55148BDBF49AD0A15805E28","AT","PR","4116307","6ABDA4C3F55148BDBF49AD0A15805E28","PR41163076ABDA4C3F55148BDBF49AD0A15805E28"
"358","PR-4116307-B6D4BB66DD884D6DAB575082CF23F122","AT","PR","4116307","B6D4BB66DD884D6DAB575082CF23F122","PR4116307B6D4BB66DD884D6DAB575082CF23F122"
"359","PR-4116307-8CCD7F4FEFD949308C1BD8CDFAFF0598","AT","PR","4116307","8CCD7F4FEFD949308C1BD8CDFAFF0598","PR41163078CCD7F4FEFD949308C1BD8CDFAFF0598"
"360","PR-4116307-A69CCE6C15AA44D19607C30B97318846","AT","PR","4116307","A69CCE6C15AA44D19607C30B97318846","PR4116307A69CCE6C15AA44D19607C30B97318846"
"361","PR-4116307-AC4594FA713A40ACBCEC5834C2C26172","AT","PR","4116307","AC4594FA713A40ACBCEC5834C2C26172","PR4116307AC4594FA713A40ACBCEC5834C2C26172"
"362","PR-4116307-DA40C939A908405DAF36BE75D62D38DF","AT","PR","4116307","DA40C939A908405DAF36BE75D62D38DF","PR4116307DA40C939A908405DAF36BE75D62D38DF"
"363","PR-4116307-2B9913AE7EE243FC88C572ED0EEC8941","AT","PR","4116307","2B9913AE7EE243FC88C572ED0EEC8941","PR41163072B9913AE7EE243FC88C572ED0EEC8941"
"364","PR-4116307-A81144681B05455C960397A71A230C2B","AT","PR","4116307","A81144681B05455C960397A71A230C2B","PR4116307A81144681B05455C960397A71A230C2B"
"365","PR-4116307-32587E8EE1EA487686DF08455CA2CE07","AT","PR","4116307","32587E8EE1EA487686DF08455CA2CE07","PR411630732587E8EE1EA487686DF08455CA2CE07"
"366","PR-4116307-EB3DA14C86634C3BB237BF5BD5F1B932","AT","PR","4116307","EB3DA14C86634C3BB237BF5BD5F1B932","PR4116307EB3DA14C86634C3BB237BF5BD5F1B932"
"367","PR-4116307-AB925BB2999D4A9EB39CB362D8C18BED","AT","PR","4116307","AB925BB2999D4A9EB39CB362D8C18BED","PR4116307AB925BB2999D4A9EB39CB362D8C18BED"
"368","PR-4116307-D69BAAF78146405A958E2CF9EF89AA2A","AT","PR","4116307","D69BAAF78146405A958E2CF9EF89AA2A","PR4116307D69BAAF78146405A958E2CF9EF89AA2A"
"369","PR-4116307-45EDD74D7FF1422BA1114E7CC95F6D5F","AT","PR","4116307","45EDD74D7FF1422BA1114E7CC95F6D5F","PR411630745EDD74D7FF1422BA1114E7CC95F6D5F"
"370","PR-4116307-D4DDA240C96B4C36AA60AD3371D549D0","AT","PR","4116307","D4DDA240C96B4C36AA60AD3371D549D0","PR4116307D4DDA240C96B4C36AA60AD3371D549D0"
"371","PR-4116307-396F001E18B34F11B0157ACDB89C3651","AT","PR","4116307","396F001E18B34F11B0157ACDB89C3651","PR4116307396F001E18B34F11B0157ACDB89C3651"
"372","PR-4116307-E2742F5DF4E24F5683733D63783CE15B","AT","PR","4116307","E2742F5DF4E24F5683733D63783CE15B","PR4116307E2742F5DF4E24F5683733D63783CE15B"
"373","PR-4116307-B10A8B2532594D16B58008D6BEB67F61","AT","PR","4116307","B10A8B2532594D16B58008D6BEB67F61","PR4116307B10A8B2532594D16B58008D6BEB67F61"
"374","PR-4116307-C39546CEBBE448B498AFF5A0F2C0772B","AT","PR","4116307","C39546CEBBE448B498AFF5A0F2C0772B","PR4116307C39546CEBBE448B498AFF5A0F2C0772B"
"375","PR-4116307-69C321BC032A440B9EBF934E58E353CF","AT","PR","4116307","69C321BC032A440B9EBF934E58E353CF","PR411630769C321BC032A440B9EBF934E58E353CF"
"376","PR-4116307-EF0941205A0C40FCAE7F1472164E7B75","AT","PR","4116307","EF0941205A0C40FCAE7F1472164E7B75","PR4116307EF0941205A0C40FCAE7F1472164E7B75"
"377","PR-4116307-6F5DEAAC8BA94E2A81E94E8F575510CE","AT","PR","4116307","6F5DEAAC8BA94E2A81E94E8F575510CE","PR41163076F5DEAAC8BA94E2A81E94E8F575510CE"
"378","PR-4116307-4B4CA6B21F9741C9A7521691B06D46E2","AT","PR","4116307","4B4CA6B21F9741C9A7521691B06D46E2","PR41163074B4CA6B21F9741C9A7521691B06D46E2"
"379","PR-4116307-4B7B40F77FA8419C93BDCB51F2801738","AT","PR","4116307","4B7B40F77FA8419C93BDCB51F2801738","PR41163074B7B40F77FA8419C93BDCB51F2801738"
"380","PR-4116307-2EFC39652AAF4A4691DC867CD1CAC3C1","AT","PR","4116307","2EFC39652AAF4A4691DC867CD1CAC3C1","PR41163072EFC39652AAF4A4691DC867CD1CAC3C1"
"381","PR-4116307-9B9F05C2FEB64B36B9A706D599F4CB0D","CA","PR","4116307","9B9F05C2FEB64B36B9A706D599F4CB0D","PR41163079B9F05C2FEB64B36B9A706D599F4CB0D"
"382","PR-4116307-1D6B5AACFFF64AFD831949449BF6AE71","AT","PR","4116307","1D6B5AACFFF64AFD831949449BF6AE71","PR41163071D6B5AACFFF64AFD831949449BF6AE71"
"383","PR-4116307-1652FE1D6FCD41808FA5BE342B0FC114","AT","PR","4116307","1652FE1D6FCD41808FA5BE342B0FC114","PR41163071652FE1D6FCD41808FA5BE342B0FC114"
"384","PR-4116307-19E8262ECB1F446995DD1C0FBE630CC1","AT","PR","4116307","19E8262ECB1F446995DD1C0FBE630CC1","PR411630719E8262ECB1F446995DD1C0FBE630CC1"
"385","PR-4116307-352FE8C75D484DBFBAF19381F5D24BE0","CA","PR","4116307","352FE8C75D484DBFBAF19381F5D24BE0","PR4116307352FE8C75D484DBFBAF19381F5D24BE0"
"386","PR-4116307-ED8D79F7D38344B9A37AEB0531FCCFFB","AT","PR","4116307","ED8D79F7D38344B9A37AEB0531FCCFFB","PR4116307ED8D79F7D38344B9A37AEB0531FCCFFB"
"387","PR-4116307-0C49FA0352784D8BA9106111A24F6E75","AT","PR","4116307","0C49FA0352784D8BA9106111A24F6E75","PR41163070C49FA0352784D8BA9106111A24F6E75"
"388","PR-4116307-A6653D1725744993AE745BA824494395","AT","PR","4116307","A6653D1725744993AE745BA824494395","PR4116307A6653D1725744993AE745BA824494395"
"389","PR-4116307-157BCBFC791E4D17B47537F02CAE97A7","AT","PR","4116307","157BCBFC791E4D17B47537F02CAE97A7","PR4116307157BCBFC791E4D17B47537F02CAE97A7"
"390","PR-4116307-8BB7DDED26764137B65DFDCAB01CF1A6","AT","PR","4116307","8BB7DDED26764137B65DFDCAB01CF1A6","PR41163078BB7DDED26764137B65DFDCAB01CF1A6"
"391","PR-4116307-71CDA2FB845149EEB48750C04B6EBEBE","AT","PR","4116307","71CDA2FB845149EEB48750C04B6EBEBE","PR411630771CDA2FB845149EEB48750C04B6EBEBE"
"392","PR-4116307-A86A046F71AC4B2189AAD0FCEDE5B10D","AT","PR","4116307","A86A046F71AC4B2189AAD0FCEDE5B10D","PR4116307A86A046F71AC4B2189AAD0FCEDE5B10D"
"393","PR-4116307-B12D5F387AAE4248A441B5F34BFE7235","AT","PR","4116307","B12D5F387AAE4248A441B5F34BFE7235","PR4116307B12D5F387AAE4248A441B5F34BFE7235"
"394","PR-4116307-64A14C69828A4ECC8DA4019F461636FA","AT","PR","4116307","64A14C69828A4ECC8DA4019F461636FA","PR411630764A14C69828A4ECC8DA4019F461636FA"
"395","PR-4116307-B36600335BF648808E160783AF19F840","AT","PR","4116307","B36600335BF648808E160783AF19F840","PR4116307B36600335BF648808E160783AF19F840"
"396","PR-4116307-BBA956FD6E814954B2E25B6202DC61C2","AT","PR","4116307","BBA956FD6E814954B2E25B6202DC61C2","PR4116307BBA956FD6E814954B2E25B6202DC61C2"
"397","PR-4116307-BDF260EF951942699BE7E385C2E30143","AT","PR","4116307","BDF260EF951942699BE7E385C2E30143","PR4116307BDF260EF951942699BE7E385C2E30143"
"398","PR-4116307-B0EE5D2B7E8544D1B27B4E628B844AAD","AT","PR","4116307","B0EE5D2B7E8544D1B27B4E628B844AAD","PR4116307B0EE5D2B7E8544D1B27B4E628B844AAD"
"399","PR-4116307-B0501E7AAB9543FF9A55B4B70DD7DEF3","AT","PR","4116307","B0501E7AAB9543FF9A55B4B70DD7DEF3","PR4116307B0501E7AAB9543FF9A55B4B70DD7DEF3"
"400","PR-4116307-11A16E80FE934BB9B821F4908A2D6485","CA","PR","4116307","11A16E80FE934BB9B821F4908A2D6485","PR411630711A16E80FE934BB9B821F4908A2D6485"
"401","PR-4116307-BD3D452CD48A479BAA66F1D603A448A1","AT","PR","4116307","BD3D452CD48A479BAA66F1D603A448A1","PR4116307BD3D452CD48A479BAA66F1D603A448A1"
"402","PR-4116307-2A9F6C90CFAF477796432BD6E62E9A26","AT","PR","4116307","2A9F6C90CFAF477796432BD6E62E9A26","PR41163072A9F6C90CFAF477796432BD6E62E9A26"
"403","PR-4116307-DF2A9EE174B04B89BF3938CCBD872B46","AT","PR","4116307","DF2A9EE174B04B89BF3938CCBD872B46","PR4116307DF2A9EE174B04B89BF3938CCBD872B46"
"404","PR-4116307-650E0254B4554C13938FA49FF7106500","AT","PR","4116307","650E0254B4554C13938FA49FF7106500","PR4116307650E0254B4554C13938FA49FF7106500"
"405","PR-4116307-CA12F5FF736E4B69896F58BE13EB1621","AT","PR","4116307","CA12F5FF736E4B69896F58BE13EB1621","PR4116307CA12F5FF736E4B69896F58BE13EB1621"
"406","PR-4116307-4AA8E06837B740F0B179FDCDE91642FA","AT","PR","4116307","4AA8E06837B740F0B179FDCDE91642FA","PR41163074AA8E06837B740F0B179FDCDE91642FA"
"407","PR-4116307-ACF94C1DAB444F0FABA6003F4582166E","AT","PR","4116307","ACF94C1DAB444F0FABA6003F4582166E","PR4116307ACF94C1DAB444F0FABA6003F4582166E"
"408","PR-4116307-FE2FF744E38F40BDB4701850BAE2FCCE","AT","PR","4116307","FE2FF744E38F40BDB4701850BAE2FCCE","PR4116307FE2FF744E38F40BDB4701850BAE2FCCE"
"409","PR-4116307-190293099C184F1A9F93F7762FE494F5","AT","PR","4116307","190293099C184F1A9F93F7762FE494F5","PR4116307190293099C184F1A9F93F7762FE494F5"
"410","PR-4116307-604164EEFAC241CB85C69FCF5A56CD55","AT","PR","4116307","604164EEFAC241CB85C69FCF5A56CD55","PR4116307604164EEFAC241CB85C69FCF5A56CD55"
"411","PR-4116307-22E26A9A266947A78A2AD908690CF9A4","AT","PR","4116307","22E26A9A266947A78A2AD908690CF9A4","PR411630722E26A9A266947A78A2AD908690CF9A4"
"412","PR-4116307-9BEECC07B3924D0BB455F6AF021C7F01","AT","PR","4116307","9BEECC07B3924D0BB455F6AF021C7F01","PR41163079BEECC07B3924D0BB455F6AF021C7F01"
"413","PR-4116307-508008C7032E4C15A9233E68705B8ECB","AT","PR","4116307","508008C7032E4C15A9233E68705B8ECB","PR4116307508008C7032E4C15A9233E68705B8ECB"
"414","PR-4116307-EC893D29421045B3B077494AFB36E715","AT","PR","4116307","EC893D29421045B3B077494AFB36E715","PR4116307EC893D29421045B3B077494AFB36E715"
"415","PR-4116307-3256CEDB42E3415A8ED81E906E11C15A","AT","PR","4116307","3256CEDB42E3415A8ED81E906E11C15A","PR41163073256CEDB42E3415A8ED81E906E11C15A"
"416","PR-4116307-C83645A0339C4694B1D60C3C0D0CD21C","AT","PR","4116307","C83645A0339C4694B1D60C3C0D0CD21C","PR4116307C83645A0339C4694B1D60C3C0D0CD21C"
"417","PR-4116307-D74DA66EB7BE482EAABCBD282C0EF8F3","AT","PR","4116307","D74DA66EB7BE482EAABCBD282C0EF8F3","PR4116307D74DA66EB7BE482EAABCBD282C0EF8F3"
"418","PR-4116307-7571E17CAAC8441490BA7C394672EFB4","AT","PR","4116307","7571E17CAAC8441490BA7C394672EFB4","PR41163077571E17CAAC8441490BA7C394672EFB4"
"419","PR-4116307-B3DB12D5FDC747C7B08D513986BB3562","AT","PR","4116307","B3DB12D5FDC747C7B08D513986BB3562","PR4116307B3DB12D5FDC747C7B08D513986BB3562"
"420","PR-4116307-2BE76DEE1AED4DB18FAD1A3B60F76940","AT","PR","4116307","2BE76DEE1AED4DB18FAD1A3B60F76940","PR41163072BE76DEE1AED4DB18FAD1A3B60F76940"
"421","PR-4116307-E74706EF6E7D48E3AF92750F5EE501C9","AT","PR","4116307","E74706EF6E7D48E3AF92750F5EE501C9","PR4116307E74706EF6E7D48E3AF92750F5EE501C9"
"422","PR-4116307-7B222C39C8FE481F9AC9AA51D21B1D48","AT","PR","4116307","7B222C39C8FE481F9AC9AA51D21B1D48","PR41163077B222C39C8FE481F9AC9AA51D21B1D48"
"423","PR-4116307-F5EAAF9B6E5145FEB754C503F6389B28","AT","PR","4116307","F5EAAF9B6E5145FEB754C503F6389B28","PR4116307F5EAAF9B6E5145FEB754C503F6389B28"
"424","PR-4116307-D99DABBF96244D76B0205B180D1CB873","AT","PR","4116307","D99DABBF96244D76B0205B180D1CB873","PR4116307D99DABBF96244D76B0205B180D1CB873"
"425","PR-4116307-0055012B534348999EB52FB56748B041","AT","PR","4116307","0055012B534348999EB52FB56748B041","PR41163070055012B534348999EB52FB56748B041"
"426","PR-4116307-761BB537F94847099BC0B06EFCE0897F","AT","PR","4116307","761BB537F94847099BC0B06EFCE0897F","PR4116307761BB537F94847099BC0B06EFCE0897F"
"427","PR-4116307-20CE77B74818450FACBB4DAC75A51A67","AT","PR","4116307","20CE77B74818450FACBB4DAC75A51A67","PR411630720CE77B74818450FACBB4DAC75A51A67"
"428","PR-4116307-4E07F64AD6014C91AF3141B26A16A5DE","AT","PR","4116307","4E07F64AD6014C91AF3141B26A16A5DE","PR41163074E07F64AD6014C91AF3141B26A16A5DE"
"429","PR-4116307-9CF814C0E8D642C98E57BB9DF44149B7","AT","PR","4116307","9CF814C0E8D642C98E57BB9DF44149B7","PR41163079CF814C0E8D642C98E57BB9DF44149B7"
"430","PR-4116307-06489410A8F34F5A852CDC6AD049944F","AT","PR","4116307","06489410A8F34F5A852CDC6AD049944F","PR411630706489410A8F34F5A852CDC6AD049944F"
"431","PR-4116307-D9DFADC5A3B045F6927E9020377951A9","AT","PR","4116307","D9DFADC5A3B045F6927E9020377951A9","PR4116307D9DFADC5A3B045F6927E9020377951A9"
"432","PR-4116307-8A8014FB0C0E42978495F06A05D621EE","AT","PR","4116307","8A8014FB0C0E42978495F06A05D621EE","PR41163078A8014FB0C0E42978495F06A05D621EE"
"433","PR-4116307-EF3AC71A701640A79A34656314FDD3AA","AT","PR","4116307","EF3AC71A701640A79A34656314FDD3AA","PR4116307EF3AC71A701640A79A34656314FDD3AA"
"434","PR-4116307-E8537900C4974591A62D3862873E08E0","AT","PR","4116307","E8537900C4974591A62D3862873E08E0","PR4116307E8537900C4974591A62D3862873E08E0"
"435","PR-4116307-6111A5CA75764ECD8700F8327F4FA484","AT","PR","4116307","6111A5CA75764ECD8700F8327F4FA484","PR41163076111A5CA75764ECD8700F8327F4FA484"
"436","PR-4116307-1DD6E5F06C8F4916987EB68B330B4ED4","AT","PR","4116307","1DD6E5F06C8F4916987EB68B330B4ED4","PR41163071DD6E5F06C8F4916987EB68B330B4ED4"
"437","PR-4116307-42F148F6D4464761849BC1A0921A8D30","AT","PR","4116307","42F148F6D4464761849BC1A0921A8D30","PR411630742F148F6D4464761849BC1A0921A8D30"
"438","PR-4116307-4A16C2480B954EB8867CCE873CDA06EF","AT","PR","4116307","4A16C2480B954EB8867CCE873CDA06EF","PR41163074A16C2480B954EB8867CCE873CDA06EF"
"439","PR-4116307-8B33DBDAA6864F04ADD75AC49897B4F2","AT","PR","4116307","8B33DBDAA6864F04ADD75AC49897B4F2","PR41163078B33DBDAA6864F04ADD75AC49897B4F2"
"440","PR-4116307-A3A19588B3234381BA0474BCC7D4C92C","AT","PR","4116307","A3A19588B3234381BA0474BCC7D4C92C","PR4116307A3A19588B3234381BA0474BCC7D4C92C"
"441","PR-4116307-9488579378A34BB8A0ACB577670A2BE5","AT","PR","4116307","9488579378A34BB8A0ACB577670A2BE5","PR41163079488579378A34BB8A0ACB577670A2BE5"
"442","PR-4116307-22F7F754944E4C1AA470216332696BBE","AT","PR","4116307","22F7F754944E4C1AA470216332696BBE","PR411630722F7F754944E4C1AA470216332696BBE"
"443","PR-4116307-1A7E275D5133413D87E28CAA99090347","AT","PR","4116307","1A7E275D5133413D87E28CAA99090347","PR41163071A7E275D5133413D87E28CAA99090347"
"444","PR-4116307-8AABB59936FD4EB587CBF053C1A6FA9A","AT","PR","4116307","8AABB59936FD4EB587CBF053C1A6FA9A","PR41163078AABB59936FD4EB587CBF053C1A6FA9A"
"445","PR-4116307-89FA0E9CBBC94290BC3A0A9630DE9C2F","AT","PR","4116307","89FA0E9CBBC94290BC3A0A9630DE9C2F","PR411630789FA0E9CBBC94290BC3A0A9630DE9C2F"
"446","PR-4116307-DDC02EB1879F40548821B810F3D8E9FB","AT","PR","4116307","DDC02EB1879F40548821B810F3D8E9FB","PR4116307DDC02EB1879F40548821B810F3D8E9FB"
"447","PR-4116307-84947CBF4D5B40A9B3FCDA950248D34D","AT","PR","4116307","84947CBF4D5B40A9B3FCDA950248D34D","PR411630784947CBF4D5B40A9B3FCDA950248D34D"
"448","PR-4116307-43FA9BBB02304F5CA5B87A857B6F2C47","AT","PR","4116307","43FA9BBB02304F5CA5B87A857B6F2C47","PR411630743FA9BBB02304F5CA5B87A857B6F2C47"
"449","PR-4116307-B0D93E91645A4458AE65EE0D0AE67FA0","AT","PR","4116307","B0D93E91645A4458AE65EE0D0AE67FA0","PR4116307B0D93E91645A4458AE65EE0D0AE67FA0"
"450","PR-4116307-100DF1B3817D4584A358F24B673A97CF","AT","PR","4116307","100DF1B3817D4584A358F24B673A97CF","PR4116307100DF1B3817D4584A358F24B673A97CF"
"451","PR-4116307-99222348880A442DBF791BEAB96FE386","AT","PR","4116307","99222348880A442DBF791BEAB96FE386","PR411630799222348880A442DBF791BEAB96FE386"
"452","PR-4116307-84892A38E5D64D25A1FAE7D6696C00BC","AT","PR","4116307","84892A38E5D64D25A1FAE7D6696C00BC","PR411630784892A38E5D64D25A1FAE7D6696C00BC"
