"","fcar","situacao","uf","munic","code","NUMREGCAR"
"1","PR-4119806-19CFA8899C654C27AFB221BDD173EB47","AT","PR","4119806","19CFA8899C654C27AFB221BDD173EB47","PR411980619CFA8899C654C27AFB221BDD173EB47"
"2","PR-4119806-13BFCC9823AB42ABAFB2D89BA459970D","AT","PR","4119806","13BFCC9823AB42ABAFB2D89BA459970D","PR411980613BFCC9823AB42ABAFB2D89BA459970D"
"3","PR-4119806-7C176479A77B4245821BB644C086CBD7","AT","PR","4119806","7C176479A77B4245821BB644C086CBD7","PR41198067C176479A77B4245821BB644C086CBD7"
"4","PR-4119806-B9D45C9C0D174C83ADA740811514916F","AT","PR","4119806","B9D45C9C0D174C83ADA740811514916F","PR4119806B9D45C9C0D174C83ADA740811514916F"
"5","PR-4119806-8FD0509BA5D94DFF89CFD4CC4C4E4879","AT","PR","4119806","8FD0509BA5D94DFF89CFD4CC4C4E4879","PR41198068FD0509BA5D94DFF89CFD4CC4C4E4879"
"6","PR-4119806-2228F697DAF848BEB5022FEB00D8F7D1","AT","PR","4119806","2228F697DAF848BEB5022FEB00D8F7D1","PR41198062228F697DAF848BEB5022FEB00D8F7D1"
"7","PR-4119806-A1C6698C569D4CDB9216976492B051B1","AT","PR","4119806","A1C6698C569D4CDB9216976492B051B1","PR4119806A1C6698C569D4CDB9216976492B051B1"
"8","PR-4119806-6168C4E76809468DACE5EA16EDA1AE6A","AT","PR","4119806","6168C4E76809468DACE5EA16EDA1AE6A","PR41198066168C4E76809468DACE5EA16EDA1AE6A"
"9","PR-4119806-596EC245CF0741B6893B8E13526748EE","AT","PR","4119806","596EC245CF0741B6893B8E13526748EE","PR4119806596EC245CF0741B6893B8E13526748EE"
"10","PR-4119806-4C1CF9EB06664DC397E59DB377ADB104","AT","PR","4119806","4C1CF9EB06664DC397E59DB377ADB104","PR41198064C1CF9EB06664DC397E59DB377ADB104"
"11","PR-4119806-038C40FECA9F431B8C331F018F29CC85","AT","PR","4119806","038C40FECA9F431B8C331F018F29CC85","PR4119806038C40FECA9F431B8C331F018F29CC85"
"12","PR-4119806-BE17D5499EB94936953B8509373EC4B6","AT","PR","4119806","BE17D5499EB94936953B8509373EC4B6","PR4119806BE17D5499EB94936953B8509373EC4B6"
"13","PR-4119806-90ED76A011B6484C951032FA118C9A35","AT","PR","4119806","90ED76A011B6484C951032FA118C9A35","PR411980690ED76A011B6484C951032FA118C9A35"
"14","PR-4119806-EA1004879C334599A68B986FDAD65E3E","AT","PR","4119806","EA1004879C334599A68B986FDAD65E3E","PR4119806EA1004879C334599A68B986FDAD65E3E"
"15","PR-4119806-BF0E78CC8CBC4569BDA4268ECDC62A53","AT","PR","4119806","BF0E78CC8CBC4569BDA4268ECDC62A53","PR4119806BF0E78CC8CBC4569BDA4268ECDC62A53"
"16","PR-4119806-66E8F1936C264D13AD372F2659D8AB41","AT","PR","4119806","66E8F1936C264D13AD372F2659D8AB41","PR411980666E8F1936C264D13AD372F2659D8AB41"
"17","PR-4119806-4564E205F8E74485BD3B7C188749B9D1","AT","PR","4119806","4564E205F8E74485BD3B7C188749B9D1","PR41198064564E205F8E74485BD3B7C188749B9D1"
"18","PR-4119806-9F4FB67398324216A6D5BE772FFABD24","AT","PR","4119806","9F4FB67398324216A6D5BE772FFABD24","PR41198069F4FB67398324216A6D5BE772FFABD24"
"19","PR-4119806-668F9D42C63A4057967D90E8AF9ED908","AT","PR","4119806","668F9D42C63A4057967D90E8AF9ED908","PR4119806668F9D42C63A4057967D90E8AF9ED908"
"20","PR-4119806-272AF523042D4237A8628496F6709DB0","AT","PR","4119806","272AF523042D4237A8628496F6709DB0","PR4119806272AF523042D4237A8628496F6709DB0"
"21","PR-4119806-2C0DC882CEF04AD2B3DB4138BA4B2885","AT","PR","4119806","2C0DC882CEF04AD2B3DB4138BA4B2885","PR41198062C0DC882CEF04AD2B3DB4138BA4B2885"
"22","PR-4119806-3D5AF6B06F4E467F83193E37C5ACD83E","AT","PR","4119806","3D5AF6B06F4E467F83193E37C5ACD83E","PR41198063D5AF6B06F4E467F83193E37C5ACD83E"
"23","PR-4119806-E59571815C4244879A031B3C457CF900","AT","PR","4119806","E59571815C4244879A031B3C457CF900","PR4119806E59571815C4244879A031B3C457CF900"
"24","PR-4119806-E5EBF43F07744061B4439B4608F754D8","AT","PR","4119806","E5EBF43F07744061B4439B4608F754D8","PR4119806E5EBF43F07744061B4439B4608F754D8"
"25","PR-4119806-28E0E700131A466BBB2B28AAEDC8AB4E","AT","PR","4119806","28E0E700131A466BBB2B28AAEDC8AB4E","PR411980628E0E700131A466BBB2B28AAEDC8AB4E"
"26","PR-4119806-2FFCDD1292814C2EAE3714027E2C9A62","AT","PR","4119806","2FFCDD1292814C2EAE3714027E2C9A62","PR41198062FFCDD1292814C2EAE3714027E2C9A62"
"27","PR-4119806-A4124921B4F043A7896853AD50B1D9E4","AT","PR","4119806","A4124921B4F043A7896853AD50B1D9E4","PR4119806A4124921B4F043A7896853AD50B1D9E4"
"28","PR-4119806-5EFBD54725134CA0AA5AE3989CCAA366","AT","PR","4119806","5EFBD54725134CA0AA5AE3989CCAA366","PR41198065EFBD54725134CA0AA5AE3989CCAA366"
"29","PR-4119806-A2A1015423AC4EA7BB07330141208F47","AT","PR","4119806","A2A1015423AC4EA7BB07330141208F47","PR4119806A2A1015423AC4EA7BB07330141208F47"
"30","PR-4119806-07230E047E3348DAA480954E8861F30C","AT","PR","4119806","07230E047E3348DAA480954E8861F30C","PR411980607230E047E3348DAA480954E8861F30C"
"31","PR-4119806-64DC3D2D7331470D82D31B61367BBE45","AT","PR","4119806","64DC3D2D7331470D82D31B61367BBE45","PR411980664DC3D2D7331470D82D31B61367BBE45"
"32","PR-4119806-F36B3A5C0FBF4A66B88EBA91D82328AC","AT","PR","4119806","F36B3A5C0FBF4A66B88EBA91D82328AC","PR4119806F36B3A5C0FBF4A66B88EBA91D82328AC"
"33","PR-4119806-4EE8B46EE2CB43F28F561CE7D950C464","AT","PR","4119806","4EE8B46EE2CB43F28F561CE7D950C464","PR41198064EE8B46EE2CB43F28F561CE7D950C464"
"34","PR-4119806-D0C2A61C1A584444AFB49D647378B1FB","AT","PR","4119806","D0C2A61C1A584444AFB49D647378B1FB","PR4119806D0C2A61C1A584444AFB49D647378B1FB"
"35","PR-4119806-61F1AAEB60F4497FB6B7B438F46626AD","AT","PR","4119806","61F1AAEB60F4497FB6B7B438F46626AD","PR411980661F1AAEB60F4497FB6B7B438F46626AD"
"36","PR-4119806-3623ED1AD6734B1DA4771754B9A4BC0B","AT","PR","4119806","3623ED1AD6734B1DA4771754B9A4BC0B","PR41198063623ED1AD6734B1DA4771754B9A4BC0B"
"37","PR-4119806-6E9EADDB6F17443E8E729FC30F85789B","AT","PR","4119806","6E9EADDB6F17443E8E729FC30F85789B","PR41198066E9EADDB6F17443E8E729FC30F85789B"
"38","PR-4119806-12FFDFD7AC3047088EFCA8D192284DA2","AT","PR","4119806","12FFDFD7AC3047088EFCA8D192284DA2","PR411980612FFDFD7AC3047088EFCA8D192284DA2"
"39","PR-4119806-14E304F4E57B4E50BD71ED5088EED0A9","AT","PR","4119806","14E304F4E57B4E50BD71ED5088EED0A9","PR411980614E304F4E57B4E50BD71ED5088EED0A9"
"40","PR-4119806-9BB7EBF4D9A845819B6699D5B76AE7A0","AT","PR","4119806","9BB7EBF4D9A845819B6699D5B76AE7A0","PR41198069BB7EBF4D9A845819B6699D5B76AE7A0"
"41","PR-4119806-6EA5484BE12541AFA85986D88BFC25DA","AT","PR","4119806","6EA5484BE12541AFA85986D88BFC25DA","PR41198066EA5484BE12541AFA85986D88BFC25DA"
"42","PR-4119806-3AF6B0F9581840C29E3D48DFBF7A4E9A","AT","PR","4119806","3AF6B0F9581840C29E3D48DFBF7A4E9A","PR41198063AF6B0F9581840C29E3D48DFBF7A4E9A"
"43","PR-4119806-684312E2AE2342A989751BF5FE8A449F","AT","PR","4119806","684312E2AE2342A989751BF5FE8A449F","PR4119806684312E2AE2342A989751BF5FE8A449F"
"44","PR-4119806-F15F6B70C864421AB3181DA522BE5102","AT","PR","4119806","F15F6B70C864421AB3181DA522BE5102","PR4119806F15F6B70C864421AB3181DA522BE5102"
"45","PR-4119806-5D4C685B95F64A998B562FBC0B580517","AT","PR","4119806","5D4C685B95F64A998B562FBC0B580517","PR41198065D4C685B95F64A998B562FBC0B580517"
"46","PR-4119806-EF2C0F278B4F4EC199268FBDCFB8D84C","AT","PR","4119806","EF2C0F278B4F4EC199268FBDCFB8D84C","PR4119806EF2C0F278B4F4EC199268FBDCFB8D84C"
"47","PR-4119806-A4A4B8894B2241D0A71A7C37F080D8DB","AT","PR","4119806","A4A4B8894B2241D0A71A7C37F080D8DB","PR4119806A4A4B8894B2241D0A71A7C37F080D8DB"
"48","PR-4119806-3FDB44F2D5B04CBEB2802C55AB50127C","AT","PR","4119806","3FDB44F2D5B04CBEB2802C55AB50127C","PR41198063FDB44F2D5B04CBEB2802C55AB50127C"
"49","PR-4119806-CBF6BDD6D985447F8FF22C39B0207043","AT","PR","4119806","CBF6BDD6D985447F8FF22C39B0207043","PR4119806CBF6BDD6D985447F8FF22C39B0207043"
"50","PR-4119806-EF220771D5FD4009A73BF228E6D5AD0E","AT","PR","4119806","EF220771D5FD4009A73BF228E6D5AD0E","PR4119806EF220771D5FD4009A73BF228E6D5AD0E"
"51","PR-4119806-506F5AB12B344DB6921586141812388C","AT","PR","4119806","506F5AB12B344DB6921586141812388C","PR4119806506F5AB12B344DB6921586141812388C"
"52","PR-4119806-8584738B6ED44FB7AAE3BD4E2D1EB78E","AT","PR","4119806","8584738B6ED44FB7AAE3BD4E2D1EB78E","PR41198068584738B6ED44FB7AAE3BD4E2D1EB78E"
"53","PR-4119806-FD02A74FFC544501BA7942AC035909EF","AT","PR","4119806","FD02A74FFC544501BA7942AC035909EF","PR4119806FD02A74FFC544501BA7942AC035909EF"
"54","PR-4119806-9C472038CAB94B128A3417434B78A81E","AT","PR","4119806","9C472038CAB94B128A3417434B78A81E","PR41198069C472038CAB94B128A3417434B78A81E"
"55","PR-4119806-4791D72F718A478F80C72C0EFA96B029","AT","PR","4119806","4791D72F718A478F80C72C0EFA96B029","PR41198064791D72F718A478F80C72C0EFA96B029"
"56","PR-4119806-EB403999BD0745B988D5C9497A53C56C","AT","PR","4119806","EB403999BD0745B988D5C9497A53C56C","PR4119806EB403999BD0745B988D5C9497A53C56C"
"57","PR-4119806-7D925D1B1B4C40C0B1EE8AD12D85269E","AT","PR","4119806","7D925D1B1B4C40C0B1EE8AD12D85269E","PR41198067D925D1B1B4C40C0B1EE8AD12D85269E"
"58","PR-4119806-AF3C921F19544C919681B22A5A257890","CA","PR","4119806","AF3C921F19544C919681B22A5A257890","PR4119806AF3C921F19544C919681B22A5A257890"
"59","PR-4119806-E51958B65EC64842891A22894B6AD2FB","CA","PR","4119806","E51958B65EC64842891A22894B6AD2FB","PR4119806E51958B65EC64842891A22894B6AD2FB"
"60","PR-4119806-8C53A0B65B66426A8328DA46203E73AF","CA","PR","4119806","8C53A0B65B66426A8328DA46203E73AF","PR41198068C53A0B65B66426A8328DA46203E73AF"
"61","PR-4119806-05E7E6032E1F43549437E811CE81A467","CA","PR","4119806","05E7E6032E1F43549437E811CE81A467","PR411980605E7E6032E1F43549437E811CE81A467"
"62","PR-4119806-DF0B0C30B3C74E45A69D8DB44FFE2D17","AT","PR","4119806","DF0B0C30B3C74E45A69D8DB44FFE2D17","PR4119806DF0B0C30B3C74E45A69D8DB44FFE2D17"
"63","PR-4119806-701A10AD0B4346FEBC2A0282BDBF80D4","AT","PR","4119806","701A10AD0B4346FEBC2A0282BDBF80D4","PR4119806701A10AD0B4346FEBC2A0282BDBF80D4"
"64","PR-4119806-138CCDFB29BB40FA9BAFACE84B13C0DB","AT","PR","4119806","138CCDFB29BB40FA9BAFACE84B13C0DB","PR4119806138CCDFB29BB40FA9BAFACE84B13C0DB"
"65","PR-4119806-ED290537792945B3A3CA18197F8FA0F9","AT","PR","4119806","ED290537792945B3A3CA18197F8FA0F9","PR4119806ED290537792945B3A3CA18197F8FA0F9"
"66","PR-4119806-C3113E0490F149E1B3BF756FFD385C7E","AT","PR","4119806","C3113E0490F149E1B3BF756FFD385C7E","PR4119806C3113E0490F149E1B3BF756FFD385C7E"
"67","PR-4119806-199FB7E7B15E452E9B3979CEA5670610","AT","PR","4119806","199FB7E7B15E452E9B3979CEA5670610","PR4119806199FB7E7B15E452E9B3979CEA5670610"
"68","PR-4119806-98C76BE7800143CB96B334D49E867CFC","AT","PR","4119806","98C76BE7800143CB96B334D49E867CFC","PR411980698C76BE7800143CB96B334D49E867CFC"
"69","PR-4119806-9F57C347CDAE4CE89F88F97A92010F47","AT","PR","4119806","9F57C347CDAE4CE89F88F97A92010F47","PR41198069F57C347CDAE4CE89F88F97A92010F47"
"70","PR-4119806-5812B7E25950412D824E3555248FAF59","AT","PR","4119806","5812B7E25950412D824E3555248FAF59","PR41198065812B7E25950412D824E3555248FAF59"
"71","PR-4119806-B84A48BF837545B0BC1B9A509F12A8C4","AT","PR","4119806","B84A48BF837545B0BC1B9A509F12A8C4","PR4119806B84A48BF837545B0BC1B9A509F12A8C4"
"72","PR-4119806-19C539E5285B4B45B96B824772563D72","AT","PR","4119806","19C539E5285B4B45B96B824772563D72","PR411980619C539E5285B4B45B96B824772563D72"
"73","PR-4119806-A8CADB025DD749F8A9F8BA3E80A902D8","AT","PR","4119806","A8CADB025DD749F8A9F8BA3E80A902D8","PR4119806A8CADB025DD749F8A9F8BA3E80A902D8"
"74","PR-4119806-E704B745CEB64A69A2BC6420C7A1C89C","AT","PR","4119806","E704B745CEB64A69A2BC6420C7A1C89C","PR4119806E704B745CEB64A69A2BC6420C7A1C89C"
"75","PR-4119806-D8FEF5B476E445129DCBA1C9B1D2A5BD","AT","PR","4119806","D8FEF5B476E445129DCBA1C9B1D2A5BD","PR4119806D8FEF5B476E445129DCBA1C9B1D2A5BD"
"76","PR-4119806-DEC91CA1EF024D5BA57C65592049C757","AT","PR","4119806","DEC91CA1EF024D5BA57C65592049C757","PR4119806DEC91CA1EF024D5BA57C65592049C757"
"77","PR-4119806-23B1138EEF7B4BCC90666DDDDE46F4A3","AT","PR","4119806","23B1138EEF7B4BCC90666DDDDE46F4A3","PR411980623B1138EEF7B4BCC90666DDDDE46F4A3"
"78","PR-4119806-42DF9880AF204F7184B09A10ADCB8689","AT","PR","4119806","42DF9880AF204F7184B09A10ADCB8689","PR411980642DF9880AF204F7184B09A10ADCB8689"
"79","PR-4119806-4E45EC9788A74A67B5ABEFA308CCDF14","AT","PR","4119806","4E45EC9788A74A67B5ABEFA308CCDF14","PR41198064E45EC9788A74A67B5ABEFA308CCDF14"
"80","PR-4119806-48D9CB0F5F4F4B0C990E8D548A7E472F","AT","PR","4119806","48D9CB0F5F4F4B0C990E8D548A7E472F","PR411980648D9CB0F5F4F4B0C990E8D548A7E472F"
"81","PR-4119806-B426AF1AF8994D879DBA51B5271CA8B8","AT","PR","4119806","B426AF1AF8994D879DBA51B5271CA8B8","PR4119806B426AF1AF8994D879DBA51B5271CA8B8"
"82","PR-4119806-77B4292915584CCE8CD22E43D22DE528","AT","PR","4119806","77B4292915584CCE8CD22E43D22DE528","PR411980677B4292915584CCE8CD22E43D22DE528"
"83","PR-4119806-9E05E7A6ADBC4AFE883711626944984B","AT","PR","4119806","9E05E7A6ADBC4AFE883711626944984B","PR41198069E05E7A6ADBC4AFE883711626944984B"
"84","PR-4119806-EE799CC6394B46E0B26A8B21C8E6B7F2","AT","PR","4119806","EE799CC6394B46E0B26A8B21C8E6B7F2","PR4119806EE799CC6394B46E0B26A8B21C8E6B7F2"
"85","PR-4119806-37E98F943F2F43B5B01388BEFB36849F","AT","PR","4119806","37E98F943F2F43B5B01388BEFB36849F","PR411980637E98F943F2F43B5B01388BEFB36849F"
"86","PR-4119806-E07045E63EA14FE7B7F643BB614030F3","AT","PR","4119806","E07045E63EA14FE7B7F643BB614030F3","PR4119806E07045E63EA14FE7B7F643BB614030F3"
"87","PR-4119806-46ACA4AA451B4D7BB3975AE67E9B7DC5","AT","PR","4119806","46ACA4AA451B4D7BB3975AE67E9B7DC5","PR411980646ACA4AA451B4D7BB3975AE67E9B7DC5"
"88","PR-4119806-95FDD6481F2F4CEB972B340865E9BBFF","AT","PR","4119806","95FDD6481F2F4CEB972B340865E9BBFF","PR411980695FDD6481F2F4CEB972B340865E9BBFF"
"89","PR-4119806-4F63A3EFB6264FB28FEC1FE33FBE3FB2","AT","PR","4119806","4F63A3EFB6264FB28FEC1FE33FBE3FB2","PR41198064F63A3EFB6264FB28FEC1FE33FBE3FB2"
"90","PR-4119806-41A5CAF15F9C42988E79A98E841BAF17","AT","PR","4119806","41A5CAF15F9C42988E79A98E841BAF17","PR411980641A5CAF15F9C42988E79A98E841BAF17"
"91","PR-4119806-EB90C54769D141E4942A900F47A312AE","AT","PR","4119806","EB90C54769D141E4942A900F47A312AE","PR4119806EB90C54769D141E4942A900F47A312AE"
"92","PR-4119806-4107F77C56EA43B2A583A3CD597D4863","AT","PR","4119806","4107F77C56EA43B2A583A3CD597D4863","PR41198064107F77C56EA43B2A583A3CD597D4863"
"93","PR-4119806-D13EFE8115C2401DB33C6FAB17FBF099","AT","PR","4119806","D13EFE8115C2401DB33C6FAB17FBF099","PR4119806D13EFE8115C2401DB33C6FAB17FBF099"
"94","PR-4119806-7AA60946A5B1416F8F4EFD02BD81BD3E","AT","PR","4119806","7AA60946A5B1416F8F4EFD02BD81BD3E","PR41198067AA60946A5B1416F8F4EFD02BD81BD3E"
"95","PR-4119806-148FACBD788146419EBA8FC1E96DD021","AT","PR","4119806","148FACBD788146419EBA8FC1E96DD021","PR4119806148FACBD788146419EBA8FC1E96DD021"
"96","PR-4119806-C1448212AA884CD08AC1D6570D64F7CC","AT","PR","4119806","C1448212AA884CD08AC1D6570D64F7CC","PR4119806C1448212AA884CD08AC1D6570D64F7CC"
"97","PR-4119806-1F43C4FABF114394A8CFBB192CDB25C2","AT","PR","4119806","1F43C4FABF114394A8CFBB192CDB25C2","PR41198061F43C4FABF114394A8CFBB192CDB25C2"
"98","PR-4119806-2E81BCE2E4FF4C3090E4B785ED13D603","AT","PR","4119806","2E81BCE2E4FF4C3090E4B785ED13D603","PR41198062E81BCE2E4FF4C3090E4B785ED13D603"
"99","PR-4119806-ECD6DBF92B9B45BE8A79DD5BAA3465ED","AT","PR","4119806","ECD6DBF92B9B45BE8A79DD5BAA3465ED","PR4119806ECD6DBF92B9B45BE8A79DD5BAA3465ED"
"100","PR-4119806-A9765AEEF2094FB98419ABFAB0B47491","AT","PR","4119806","A9765AEEF2094FB98419ABFAB0B47491","PR4119806A9765AEEF2094FB98419ABFAB0B47491"
"101","PR-4119806-291B2FCE65A6472BA0ACAD2A2B9898B5","AT","PR","4119806","291B2FCE65A6472BA0ACAD2A2B9898B5","PR4119806291B2FCE65A6472BA0ACAD2A2B9898B5"
"102","PR-4119806-540D54CA75574E75ABA9FCCCA2803C52","AT","PR","4119806","540D54CA75574E75ABA9FCCCA2803C52","PR4119806540D54CA75574E75ABA9FCCCA2803C52"
"103","PR-4119806-89F38A84798B45EF9CD2BBF9BFD93F71","AT","PR","4119806","89F38A84798B45EF9CD2BBF9BFD93F71","PR411980689F38A84798B45EF9CD2BBF9BFD93F71"
"104","PR-4119806-AC41612F670C4D44ACD88B1B97E90A42","AT","PR","4119806","AC41612F670C4D44ACD88B1B97E90A42","PR4119806AC41612F670C4D44ACD88B1B97E90A42"
"105","PR-4119806-72E140CA997842AAB5EC0EC67BE98047","AT","PR","4119806","72E140CA997842AAB5EC0EC67BE98047","PR411980672E140CA997842AAB5EC0EC67BE98047"
"106","PR-4119806-936217F8B3B44146A412D7B931EADCF8","AT","PR","4119806","936217F8B3B44146A412D7B931EADCF8","PR4119806936217F8B3B44146A412D7B931EADCF8"
"107","PR-4119806-97819BF1216C449AB2C0559E696EA960","AT","PR","4119806","97819BF1216C449AB2C0559E696EA960","PR411980697819BF1216C449AB2C0559E696EA960"
"108","PR-4119806-9298CEE9EEBE4787AB8DAD637668CF18","AT","PR","4119806","9298CEE9EEBE4787AB8DAD637668CF18","PR41198069298CEE9EEBE4787AB8DAD637668CF18"
"109","PR-4119806-1A783D61E95140E2A10EE39BF294874E","AT","PR","4119806","1A783D61E95140E2A10EE39BF294874E","PR41198061A783D61E95140E2A10EE39BF294874E"
"110","PR-4119806-8FF7B5131175485FB08C054DA9F91C2E","AT","PR","4119806","8FF7B5131175485FB08C054DA9F91C2E","PR41198068FF7B5131175485FB08C054DA9F91C2E"
"111","PR-4119806-8DB1CAC0216347618FBA9F7F461D2FBB","AT","PR","4119806","8DB1CAC0216347618FBA9F7F461D2FBB","PR41198068DB1CAC0216347618FBA9F7F461D2FBB"
"112","PR-4119806-2CEBDA8E6B0C464F8C31EA43F20F74D7","AT","PR","4119806","2CEBDA8E6B0C464F8C31EA43F20F74D7","PR41198062CEBDA8E6B0C464F8C31EA43F20F74D7"
"113","PR-4119806-B8A873C6E4244D4EA58E96E5A4AEA28A","AT","PR","4119806","B8A873C6E4244D4EA58E96E5A4AEA28A","PR4119806B8A873C6E4244D4EA58E96E5A4AEA28A"
"114","PR-4119806-FF8CE121218B4A6C92E7039D90584DE1","AT","PR","4119806","FF8CE121218B4A6C92E7039D90584DE1","PR4119806FF8CE121218B4A6C92E7039D90584DE1"
"115","PR-4119806-1479EEC37EE742578A79371D2BBFCD37","AT","PR","4119806","1479EEC37EE742578A79371D2BBFCD37","PR41198061479EEC37EE742578A79371D2BBFCD37"
"116","PR-4119806-72A96A710C034A65B5CF9EB95288E832","AT","PR","4119806","72A96A710C034A65B5CF9EB95288E832","PR411980672A96A710C034A65B5CF9EB95288E832"
"117","PR-4119806-3E8E413558CF47828B246D6E9D67BC0D","AT","PR","4119806","3E8E413558CF47828B246D6E9D67BC0D","PR41198063E8E413558CF47828B246D6E9D67BC0D"
"118","PR-4119806-A93F1D7A4EE8401CA57533D5D608D202","AT","PR","4119806","A93F1D7A4EE8401CA57533D5D608D202","PR4119806A93F1D7A4EE8401CA57533D5D608D202"
"119","PR-4119806-22248A6BA04E4B5599D943364834E46E","AT","PR","4119806","22248A6BA04E4B5599D943364834E46E","PR411980622248A6BA04E4B5599D943364834E46E"
"120","PR-4119806-B252C79A08FB444FAABB4BB01DF04495","AT","PR","4119806","B252C79A08FB444FAABB4BB01DF04495","PR4119806B252C79A08FB444FAABB4BB01DF04495"
"121","PR-4119806-8667407671E84C159AFBE35954928156","AT","PR","4119806","8667407671E84C159AFBE35954928156","PR41198068667407671E84C159AFBE35954928156"
"122","PR-4119806-DE57BC9EC4B94DA887EBBE1B86FEF40D","AT","PR","4119806","DE57BC9EC4B94DA887EBBE1B86FEF40D","PR4119806DE57BC9EC4B94DA887EBBE1B86FEF40D"
"123","PR-4119806-6A0DE1B1AD424DAFB4A74203F46B0F8E","AT","PR","4119806","6A0DE1B1AD424DAFB4A74203F46B0F8E","PR41198066A0DE1B1AD424DAFB4A74203F46B0F8E"
"124","PR-4119806-90A889713EE34C77A947600CE497F415","AT","PR","4119806","90A889713EE34C77A947600CE497F415","PR411980690A889713EE34C77A947600CE497F415"
"125","PR-4119806-7754C94B38214423A8FCFC222E04052C","AT","PR","4119806","7754C94B38214423A8FCFC222E04052C","PR41198067754C94B38214423A8FCFC222E04052C"
"126","PR-4119806-27710525B724434C99BC2696244CD902","AT","PR","4119806","27710525B724434C99BC2696244CD902","PR411980627710525B724434C99BC2696244CD902"
"127","PR-4119806-17884E814AB548AE8F5D62FA930336E8","AT","PR","4119806","17884E814AB548AE8F5D62FA930336E8","PR411980617884E814AB548AE8F5D62FA930336E8"
"128","PR-4119806-C6998FABB6824D24816243DB99982A92","AT","PR","4119806","C6998FABB6824D24816243DB99982A92","PR4119806C6998FABB6824D24816243DB99982A92"
"129","PR-4119806-9678124D12874CF386ED69830D79D461","AT","PR","4119806","9678124D12874CF386ED69830D79D461","PR41198069678124D12874CF386ED69830D79D461"
"130","PR-4119806-E37A207B6BD74796A7053F7538392A53","AT","PR","4119806","E37A207B6BD74796A7053F7538392A53","PR4119806E37A207B6BD74796A7053F7538392A53"
"131","PR-4119806-4711E522E2AE41CA84FD6FB63D59B32F","AT","PR","4119806","4711E522E2AE41CA84FD6FB63D59B32F","PR41198064711E522E2AE41CA84FD6FB63D59B32F"
"132","PR-4119806-12BAE059AB13466CA06850820B5891DB","AT","PR","4119806","12BAE059AB13466CA06850820B5891DB","PR411980612BAE059AB13466CA06850820B5891DB"
"133","PR-4119806-792C4FE74F07430492F0325D4439B5CB","AT","PR","4119806","792C4FE74F07430492F0325D4439B5CB","PR4119806792C4FE74F07430492F0325D4439B5CB"
"134","PR-4119806-F56545EC398945FFBF7BE45236BDF5CD","AT","PR","4119806","F56545EC398945FFBF7BE45236BDF5CD","PR4119806F56545EC398945FFBF7BE45236BDF5CD"
"135","PR-4119806-430D0D66F984431B977C29BC6B059E09","AT","PR","4119806","430D0D66F984431B977C29BC6B059E09","PR4119806430D0D66F984431B977C29BC6B059E09"
"136","PR-4119806-948B5C2650994F93AAB378E1E953FA8C","AT","PR","4119806","948B5C2650994F93AAB378E1E953FA8C","PR4119806948B5C2650994F93AAB378E1E953FA8C"
"137","PR-4119806-6F157EBCFE644CE5AE5CC539B6E44E5F","AT","PR","4119806","6F157EBCFE644CE5AE5CC539B6E44E5F","PR41198066F157EBCFE644CE5AE5CC539B6E44E5F"
"138","PR-4119806-11F1B14E60314767B98A9A3E7CCBA397","AT","PR","4119806","11F1B14E60314767B98A9A3E7CCBA397","PR411980611F1B14E60314767B98A9A3E7CCBA397"
"139","PR-4119806-B14559E081B44C058D08399DBC3ADF65","AT","PR","4119806","B14559E081B44C058D08399DBC3ADF65","PR4119806B14559E081B44C058D08399DBC3ADF65"
"140","PR-4119806-3C76926AE6664E2CB8F7D07ACF0AA868","AT","PR","4119806","3C76926AE6664E2CB8F7D07ACF0AA868","PR41198063C76926AE6664E2CB8F7D07ACF0AA868"
"141","PR-4119806-377AF73C5674422E8413E8F242F9E2EB","AT","PR","4119806","377AF73C5674422E8413E8F242F9E2EB","PR4119806377AF73C5674422E8413E8F242F9E2EB"
"142","PR-4119806-3BE3BE4DEC3A472B82D7E8A5D787E6F8","AT","PR","4119806","3BE3BE4DEC3A472B82D7E8A5D787E6F8","PR41198063BE3BE4DEC3A472B82D7E8A5D787E6F8"
"143","PR-4119806-CF51D536996F46E9AECDEE8DCD27AE54","AT","PR","4119806","CF51D536996F46E9AECDEE8DCD27AE54","PR4119806CF51D536996F46E9AECDEE8DCD27AE54"
"144","PR-4119806-7D43F542EAA340F2B3D7AE7EEF5BC977","AT","PR","4119806","7D43F542EAA340F2B3D7AE7EEF5BC977","PR41198067D43F542EAA340F2B3D7AE7EEF5BC977"
"145","PR-4119806-4C2B94A1D9B84B658062E48E15140E5F","AT","PR","4119806","4C2B94A1D9B84B658062E48E15140E5F","PR41198064C2B94A1D9B84B658062E48E15140E5F"
"146","PR-4119806-D96F6C4F2D6F453CB8DD3DDEE2A3E526","AT","PR","4119806","D96F6C4F2D6F453CB8DD3DDEE2A3E526","PR4119806D96F6C4F2D6F453CB8DD3DDEE2A3E526"
"147","PR-4119806-377EA3C821C94DFEA5703842F5046C00","AT","PR","4119806","377EA3C821C94DFEA5703842F5046C00","PR4119806377EA3C821C94DFEA5703842F5046C00"
"148","PR-4119806-1AE66A4B601E4F64978833F8772F27BE","AT","PR","4119806","1AE66A4B601E4F64978833F8772F27BE","PR41198061AE66A4B601E4F64978833F8772F27BE"
"149","PR-4119806-7AF6E704576D4755887F1CAE88ACAC6E","AT","PR","4119806","7AF6E704576D4755887F1CAE88ACAC6E","PR41198067AF6E704576D4755887F1CAE88ACAC6E"
"150","PR-4119806-004EC42EA4E543C89AFEBE4ED97764FE","AT","PR","4119806","004EC42EA4E543C89AFEBE4ED97764FE","PR4119806004EC42EA4E543C89AFEBE4ED97764FE"
"151","PR-4119806-5682C22F08674B2DB9FC34F458696FA5","AT","PR","4119806","5682C22F08674B2DB9FC34F458696FA5","PR41198065682C22F08674B2DB9FC34F458696FA5"
"152","PR-4119806-E767127461D4416EA0642A14881F47D0","AT","PR","4119806","E767127461D4416EA0642A14881F47D0","PR4119806E767127461D4416EA0642A14881F47D0"
"153","PR-4119806-61A7931768974F46ADFF37AE92C959D1","AT","PR","4119806","61A7931768974F46ADFF37AE92C959D1","PR411980661A7931768974F46ADFF37AE92C959D1"
"154","PR-4119806-03BE8E066E764FF582FC100251D42AAA","AT","PR","4119806","03BE8E066E764FF582FC100251D42AAA","PR411980603BE8E066E764FF582FC100251D42AAA"
"155","PR-4119806-7AFBDD139DAB4BEDAE9E9641C1D8C2D4","AT","PR","4119806","7AFBDD139DAB4BEDAE9E9641C1D8C2D4","PR41198067AFBDD139DAB4BEDAE9E9641C1D8C2D4"
"156","PR-4119806-7D64A6959C0A4CC4A3037B80D9320727","AT","PR","4119806","7D64A6959C0A4CC4A3037B80D9320727","PR41198067D64A6959C0A4CC4A3037B80D9320727"
"157","PR-4119806-8843F258389D460AB5166E2F1C1F3AA7","AT","PR","4119806","8843F258389D460AB5166E2F1C1F3AA7","PR41198068843F258389D460AB5166E2F1C1F3AA7"
"158","PR-4119806-7D91F10252F24C278257F1DC34EBBC8D","AT","PR","4119806","7D91F10252F24C278257F1DC34EBBC8D","PR41198067D91F10252F24C278257F1DC34EBBC8D"
"159","PR-4119806-A8E6EE635A6943F48FE3DC9946831ECD","AT","PR","4119806","A8E6EE635A6943F48FE3DC9946831ECD","PR4119806A8E6EE635A6943F48FE3DC9946831ECD"
"160","PR-4119806-0E5911E3705F452A96025A0E812F8445","AT","PR","4119806","0E5911E3705F452A96025A0E812F8445","PR41198060E5911E3705F452A96025A0E812F8445"
"161","PR-4119806-9B4373071D8049ECB03BE230E852BCBC","AT","PR","4119806","9B4373071D8049ECB03BE230E852BCBC","PR41198069B4373071D8049ECB03BE230E852BCBC"
"162","PR-4119806-27FA5B2B90A844E49B5102F17321BE61","AT","PR","4119806","27FA5B2B90A844E49B5102F17321BE61","PR411980627FA5B2B90A844E49B5102F17321BE61"
"163","PR-4119806-02C058B0B9F94400B77130B900C54D02","AT","PR","4119806","02C058B0B9F94400B77130B900C54D02","PR411980602C058B0B9F94400B77130B900C54D02"
"164","PR-4119806-4752F36A3D714DF9B0C91341DAD0F5F6","AT","PR","4119806","4752F36A3D714DF9B0C91341DAD0F5F6","PR41198064752F36A3D714DF9B0C91341DAD0F5F6"
"165","PR-4119806-2F4D9BF9210F47659938DAB8A7ADE01D","AT","PR","4119806","2F4D9BF9210F47659938DAB8A7ADE01D","PR41198062F4D9BF9210F47659938DAB8A7ADE01D"
"166","PR-4119806-59E332E1A745489E93F768C78A6C62B3","AT","PR","4119806","59E332E1A745489E93F768C78A6C62B3","PR411980659E332E1A745489E93F768C78A6C62B3"
"167","PR-4119806-AAF430F79B31407AAA4C880C6112D499","AT","PR","4119806","AAF430F79B31407AAA4C880C6112D499","PR4119806AAF430F79B31407AAA4C880C6112D499"
"168","PR-4119806-6886963A06304AE7B3227F8E004C0272","AT","PR","4119806","6886963A06304AE7B3227F8E004C0272","PR41198066886963A06304AE7B3227F8E004C0272"
"169","PR-4119806-1698699F0B624428860A139FDF2A365F","AT","PR","4119806","1698699F0B624428860A139FDF2A365F","PR41198061698699F0B624428860A139FDF2A365F"
"170","PR-4119806-B8DCA952673548169A334976D4B3BC7C","AT","PR","4119806","B8DCA952673548169A334976D4B3BC7C","PR4119806B8DCA952673548169A334976D4B3BC7C"
"171","PR-4119806-4B49AB78AA3C484E9DE33F09E977A59A","AT","PR","4119806","4B49AB78AA3C484E9DE33F09E977A59A","PR41198064B49AB78AA3C484E9DE33F09E977A59A"
"172","PR-4119806-4B703B7E9ABC4401B53F4E2FB98C6B18","AT","PR","4119806","4B703B7E9ABC4401B53F4E2FB98C6B18","PR41198064B703B7E9ABC4401B53F4E2FB98C6B18"
"173","PR-4119806-2C7E300DA2664BDDA669FBC8818F5809","AT","PR","4119806","2C7E300DA2664BDDA669FBC8818F5809","PR41198062C7E300DA2664BDDA669FBC8818F5809"
"174","PR-4119806-E45E5DAC18D14BFCA888545F2D22F92F","AT","PR","4119806","E45E5DAC18D14BFCA888545F2D22F92F","PR4119806E45E5DAC18D14BFCA888545F2D22F92F"
"175","PR-4119806-B805BCDECCF44D25B3A62CE2E472DABC","AT","PR","4119806","B805BCDECCF44D25B3A62CE2E472DABC","PR4119806B805BCDECCF44D25B3A62CE2E472DABC"
"176","PR-4119806-83CB7E4BF61E4352A5B91BB4387B3C4B","AT","PR","4119806","83CB7E4BF61E4352A5B91BB4387B3C4B","PR411980683CB7E4BF61E4352A5B91BB4387B3C4B"
"177","PR-4119806-E129856DF69A4383835CA987916BAAE0","AT","PR","4119806","E129856DF69A4383835CA987916BAAE0","PR4119806E129856DF69A4383835CA987916BAAE0"
"178","PR-4119806-A4E91545C1814E31974840054A03490F","AT","PR","4119806","A4E91545C1814E31974840054A03490F","PR4119806A4E91545C1814E31974840054A03490F"
"179","PR-4119806-F615D361A94A45DFBE3C800D4615E0E3","AT","PR","4119806","F615D361A94A45DFBE3C800D4615E0E3","PR4119806F615D361A94A45DFBE3C800D4615E0E3"
"180","PR-4119806-7364C0DFDDA7476B836FA240796926CA","AT","PR","4119806","7364C0DFDDA7476B836FA240796926CA","PR41198067364C0DFDDA7476B836FA240796926CA"
"181","PR-4119806-0931C5959F8A4C0A89EB5D106BC757F1","AT","PR","4119806","0931C5959F8A4C0A89EB5D106BC757F1","PR41198060931C5959F8A4C0A89EB5D106BC757F1"
"182","PR-4119806-0F5FC250D21C410EB1898D47B0E72E61","AT","PR","4119806","0F5FC250D21C410EB1898D47B0E72E61","PR41198060F5FC250D21C410EB1898D47B0E72E61"
"183","PR-4119806-C2E42E88CD504EA792D68E0A8858453A","AT","PR","4119806","C2E42E88CD504EA792D68E0A8858453A","PR4119806C2E42E88CD504EA792D68E0A8858453A"
"184","PR-4119806-8455E4E00F98401897C7954973FD9FAD","AT","PR","4119806","8455E4E00F98401897C7954973FD9FAD","PR41198068455E4E00F98401897C7954973FD9FAD"
"185","PR-4119806-7505FA3DDD074D5DA3074E3001C21A0D","AT","PR","4119806","7505FA3DDD074D5DA3074E3001C21A0D","PR41198067505FA3DDD074D5DA3074E3001C21A0D"
"186","PR-4119806-227AAE47EADC4F46AABAAFB706BD2600","AT","PR","4119806","227AAE47EADC4F46AABAAFB706BD2600","PR4119806227AAE47EADC4F46AABAAFB706BD2600"
"187","PR-4119806-3971F1A64690481291195483D0DD2194","AT","PR","4119806","3971F1A64690481291195483D0DD2194","PR41198063971F1A64690481291195483D0DD2194"
"188","PR-4119806-11FC4BD6A0A142DDBE519648DC4366E8","AT","PR","4119806","11FC4BD6A0A142DDBE519648DC4366E8","PR411980611FC4BD6A0A142DDBE519648DC4366E8"
"189","PR-4119806-BEC029D87B4C4517AEFC0C31860B9DA3","AT","PR","4119806","BEC029D87B4C4517AEFC0C31860B9DA3","PR4119806BEC029D87B4C4517AEFC0C31860B9DA3"
"190","PR-4119806-5C65AD92065C4E4D8D39FFF893D9E072","AT","PR","4119806","5C65AD92065C4E4D8D39FFF893D9E072","PR41198065C65AD92065C4E4D8D39FFF893D9E072"
"191","PR-4119806-6B0845E28A16459DA82506C253859C3A","AT","PR","4119806","6B0845E28A16459DA82506C253859C3A","PR41198066B0845E28A16459DA82506C253859C3A"
"192","PR-4119806-BB8B8B7DC1BA400AAA397C91718B1D55","AT","PR","4119806","BB8B8B7DC1BA400AAA397C91718B1D55","PR4119806BB8B8B7DC1BA400AAA397C91718B1D55"
"193","PR-4119806-CE120B9FC38E4676B784B515C38CFE06","AT","PR","4119806","CE120B9FC38E4676B784B515C38CFE06","PR4119806CE120B9FC38E4676B784B515C38CFE06"
"194","PR-4119806-332D363C512845DDBCBF57F9BF531157","AT","PR","4119806","332D363C512845DDBCBF57F9BF531157","PR4119806332D363C512845DDBCBF57F9BF531157"
"195","PR-4119806-5ABD5501AE6B40949A0A6A59D5D415E4","AT","PR","4119806","5ABD5501AE6B40949A0A6A59D5D415E4","PR41198065ABD5501AE6B40949A0A6A59D5D415E4"
"196","PR-4119806-B2AAEA7C4B7D43D2A1C9E7CABFC369A4","AT","PR","4119806","B2AAEA7C4B7D43D2A1C9E7CABFC369A4","PR4119806B2AAEA7C4B7D43D2A1C9E7CABFC369A4"
"197","PR-4119806-7CEB5C9F312D44B093D0B298D0A220F9","AT","PR","4119806","7CEB5C9F312D44B093D0B298D0A220F9","PR41198067CEB5C9F312D44B093D0B298D0A220F9"
"198","PR-4119806-67D3490C5A26423BBEE5EBE17DAA6A69","AT","PR","4119806","67D3490C5A26423BBEE5EBE17DAA6A69","PR411980667D3490C5A26423BBEE5EBE17DAA6A69"
"199","PR-4119806-67413B02D2DD4C3E9642CC111EE8C868","AT","PR","4119806","67413B02D2DD4C3E9642CC111EE8C868","PR411980667413B02D2DD4C3E9642CC111EE8C868"
"200","PR-4119806-C080D9E30851427598DC52E29D693F1E","AT","PR","4119806","C080D9E30851427598DC52E29D693F1E","PR4119806C080D9E30851427598DC52E29D693F1E"
"201","PR-4119806-1265C9C12B464048A81001F35EF980BD","AT","PR","4119806","1265C9C12B464048A81001F35EF980BD","PR41198061265C9C12B464048A81001F35EF980BD"
"202","PR-4119806-265A347D69B14FB9B4D1477CF0521CD6","AT","PR","4119806","265A347D69B14FB9B4D1477CF0521CD6","PR4119806265A347D69B14FB9B4D1477CF0521CD6"
"203","PR-4119806-E9D2D365260C447E853B2BD4011C75DD","AT","PR","4119806","E9D2D365260C447E853B2BD4011C75DD","PR4119806E9D2D365260C447E853B2BD4011C75DD"
"204","PR-4119806-5EF8514DEE674927A26B8B38B6E36C82","AT","PR","4119806","5EF8514DEE674927A26B8B38B6E36C82","PR41198065EF8514DEE674927A26B8B38B6E36C82"
"205","PR-4119806-5E3807FFB32D48688292841029A3C053","AT","PR","4119806","5E3807FFB32D48688292841029A3C053","PR41198065E3807FFB32D48688292841029A3C053"
"206","PR-4119806-20CCED031E8B4A408F57471650C1411C","AT","PR","4119806","20CCED031E8B4A408F57471650C1411C","PR411980620CCED031E8B4A408F57471650C1411C"
"207","PR-4119806-189CF254B0014078BB4BD71C2DCBCAF6","AT","PR","4119806","189CF254B0014078BB4BD71C2DCBCAF6","PR4119806189CF254B0014078BB4BD71C2DCBCAF6"
"208","PR-4119806-5808CD4BDC0E41A7808F3370F813BBAD","AT","PR","4119806","5808CD4BDC0E41A7808F3370F813BBAD","PR41198065808CD4BDC0E41A7808F3370F813BBAD"
"209","PR-4119806-8EEAB584A9524D548D98F4A8D7989277","AT","PR","4119806","8EEAB584A9524D548D98F4A8D7989277","PR41198068EEAB584A9524D548D98F4A8D7989277"
"210","PR-4119806-829CC57C6AE643A6A727ACFACAEB4767","AT","PR","4119806","829CC57C6AE643A6A727ACFACAEB4767","PR4119806829CC57C6AE643A6A727ACFACAEB4767"
"211","PR-4119806-65465BA932D44E5A8D3BA559D8A01F03","AT","PR","4119806","65465BA932D44E5A8D3BA559D8A01F03","PR411980665465BA932D44E5A8D3BA559D8A01F03"
"212","PR-4119806-E583D6E52D754E4896003A4BFDF5BF7F","AT","PR","4119806","E583D6E52D754E4896003A4BFDF5BF7F","PR4119806E583D6E52D754E4896003A4BFDF5BF7F"
"213","PR-4119806-54EBB60A558348CD9619735D2578846C","AT","PR","4119806","54EBB60A558348CD9619735D2578846C","PR411980654EBB60A558348CD9619735D2578846C"
"214","PR-4119806-D22929C7DE0D43B899C5014CDBD605D5","AT","PR","4119806","D22929C7DE0D43B899C5014CDBD605D5","PR4119806D22929C7DE0D43B899C5014CDBD605D5"
"215","PR-4119806-DE1E8727D837482B94ABF1FD8B39154B","AT","PR","4119806","DE1E8727D837482B94ABF1FD8B39154B","PR4119806DE1E8727D837482B94ABF1FD8B39154B"
"216","PR-4119806-3BF7EF446FB742129ABEB8E872EE1A02","AT","PR","4119806","3BF7EF446FB742129ABEB8E872EE1A02","PR41198063BF7EF446FB742129ABEB8E872EE1A02"
"217","PR-4119806-B593E40ABDEF40C5B4A165508F1E080B","AT","PR","4119806","B593E40ABDEF40C5B4A165508F1E080B","PR4119806B593E40ABDEF40C5B4A165508F1E080B"
"218","PR-4119806-8A43D19CDD0D41878BD0F4F6D77431BF","AT","PR","4119806","8A43D19CDD0D41878BD0F4F6D77431BF","PR41198068A43D19CDD0D41878BD0F4F6D77431BF"
"219","PR-4119806-BCD4A826626D4B2FA56657A50E335960","AT","PR","4119806","BCD4A826626D4B2FA56657A50E335960","PR4119806BCD4A826626D4B2FA56657A50E335960"
"220","PR-4119806-DA616E575EE3423F9F0A8A5CAB478F08","AT","PR","4119806","DA616E575EE3423F9F0A8A5CAB478F08","PR4119806DA616E575EE3423F9F0A8A5CAB478F08"
"221","PR-4119806-40A0E169D459404CA0CBD5F1A456C98B","AT","PR","4119806","40A0E169D459404CA0CBD5F1A456C98B","PR411980640A0E169D459404CA0CBD5F1A456C98B"
"222","PR-4119806-E68ED8E2B6C445B2BBF006BD56F690F3","AT","PR","4119806","E68ED8E2B6C445B2BBF006BD56F690F3","PR4119806E68ED8E2B6C445B2BBF006BD56F690F3"
"223","PR-4119806-030F955768EB4C6E8E7FC016B3FD0FA3","AT","PR","4119806","030F955768EB4C6E8E7FC016B3FD0FA3","PR4119806030F955768EB4C6E8E7FC016B3FD0FA3"
"224","PR-4119806-1E9AD2689A47404791598C6133BCEE3D","AT","PR","4119806","1E9AD2689A47404791598C6133BCEE3D","PR41198061E9AD2689A47404791598C6133BCEE3D"
"225","PR-4119806-CD64D833D7DB4BE4B9C008C04C281BE0","AT","PR","4119806","CD64D833D7DB4BE4B9C008C04C281BE0","PR4119806CD64D833D7DB4BE4B9C008C04C281BE0"
"226","PR-4119806-384815812B9B4F508F8B34FFB9746BFA","AT","PR","4119806","384815812B9B4F508F8B34FFB9746BFA","PR4119806384815812B9B4F508F8B34FFB9746BFA"
"227","PR-4119806-B19FA11DE64F4094B0536F5DD7CA9B61","AT","PR","4119806","B19FA11DE64F4094B0536F5DD7CA9B61","PR4119806B19FA11DE64F4094B0536F5DD7CA9B61"
"228","PR-4119806-47EE3CDB99D647208D9B4B2B42EBE183","AT","PR","4119806","47EE3CDB99D647208D9B4B2B42EBE183","PR411980647EE3CDB99D647208D9B4B2B42EBE183"
"229","PR-4119806-0CBC9D1D49E14D4F8B71ACD1616A6C22","AT","PR","4119806","0CBC9D1D49E14D4F8B71ACD1616A6C22","PR41198060CBC9D1D49E14D4F8B71ACD1616A6C22"
"230","PR-4119806-074C683AD48144B38B9D5BFBE82E6C5F","AT","PR","4119806","074C683AD48144B38B9D5BFBE82E6C5F","PR4119806074C683AD48144B38B9D5BFBE82E6C5F"
"231","PR-4119806-A8004B9C536A4436BAF48B71E4399AA4","AT","PR","4119806","A8004B9C536A4436BAF48B71E4399AA4","PR4119806A8004B9C536A4436BAF48B71E4399AA4"
"232","PR-4119806-8DC2D3DAD52A4E67854CD1EA830C0EEB","AT","PR","4119806","8DC2D3DAD52A4E67854CD1EA830C0EEB","PR41198068DC2D3DAD52A4E67854CD1EA830C0EEB"
"233","PR-4119806-ADD78ADF29614AD981C9871F9CFC40DF","AT","PR","4119806","ADD78ADF29614AD981C9871F9CFC40DF","PR4119806ADD78ADF29614AD981C9871F9CFC40DF"
"234","PR-4119806-5F8E5467E7DA42869D032FBBDAE0C3DA","AT","PR","4119806","5F8E5467E7DA42869D032FBBDAE0C3DA","PR41198065F8E5467E7DA42869D032FBBDAE0C3DA"
"235","PR-4119806-E17D5A9F34F14E6FB3D0BBA6AF4B34F9","AT","PR","4119806","E17D5A9F34F14E6FB3D0BBA6AF4B34F9","PR4119806E17D5A9F34F14E6FB3D0BBA6AF4B34F9"
"236","PR-4119806-D38A909138114B64B06057ADDD282879","AT","PR","4119806","D38A909138114B64B06057ADDD282879","PR4119806D38A909138114B64B06057ADDD282879"
"237","PR-4119806-FF382B15E3914D1A8F34DA53EE851865","AT","PR","4119806","FF382B15E3914D1A8F34DA53EE851865","PR4119806FF382B15E3914D1A8F34DA53EE851865"
"238","PR-4119806-B12726525F254B9487A77E405AE31C80","AT","PR","4119806","B12726525F254B9487A77E405AE31C80","PR4119806B12726525F254B9487A77E405AE31C80"
"239","PR-4119806-B65F6BC90FBF45479BC594BC949E8D5D","AT","PR","4119806","B65F6BC90FBF45479BC594BC949E8D5D","PR4119806B65F6BC90FBF45479BC594BC949E8D5D"
"240","PR-4119806-0818C1DD494349D781F7298B49DDCC95","AT","PR","4119806","0818C1DD494349D781F7298B49DDCC95","PR41198060818C1DD494349D781F7298B49DDCC95"
"241","PR-4119806-9F8EFC323BB54A27AE0354CF27EFA469","CA","PR","4119806","9F8EFC323BB54A27AE0354CF27EFA469","PR41198069F8EFC323BB54A27AE0354CF27EFA469"
"242","PR-4119806-CB4A7DEDA7844936AFDD473ABE23BC67","AT","PR","4119806","CB4A7DEDA7844936AFDD473ABE23BC67","PR4119806CB4A7DEDA7844936AFDD473ABE23BC67"
"243","PR-4119806-D21C1B42B0014E31A6BC6451A220BEAC","AT","PR","4119806","D21C1B42B0014E31A6BC6451A220BEAC","PR4119806D21C1B42B0014E31A6BC6451A220BEAC"
"244","PR-4119806-2B90073A1EB241979740113E42174261","AT","PR","4119806","2B90073A1EB241979740113E42174261","PR41198062B90073A1EB241979740113E42174261"
"245","PR-4119806-EC8939FD54FC46D68E5A72B2E608695D","AT","PR","4119806","EC8939FD54FC46D68E5A72B2E608695D","PR4119806EC8939FD54FC46D68E5A72B2E608695D"
"246","PR-4119806-3B0BF7FA6AF847D8AEF2780F856DEFB8","AT","PR","4119806","3B0BF7FA6AF847D8AEF2780F856DEFB8","PR41198063B0BF7FA6AF847D8AEF2780F856DEFB8"
"247","PR-4119806-87C3838E514B42F6B49C3FCE5DE5FDF3","AT","PR","4119806","87C3838E514B42F6B49C3FCE5DE5FDF3","PR411980687C3838E514B42F6B49C3FCE5DE5FDF3"
"248","PR-4119806-58975A54B57D41EBB8F7D996FA6AE475","AT","PR","4119806","58975A54B57D41EBB8F7D996FA6AE475","PR411980658975A54B57D41EBB8F7D996FA6AE475"
"249","PR-4119806-894C4FFC58324704BA3E3079E3A61FD3","AT","PR","4119806","894C4FFC58324704BA3E3079E3A61FD3","PR4119806894C4FFC58324704BA3E3079E3A61FD3"
"250","PR-4119806-37828963FDDF42B98FC1323757F0D4DD","AT","PR","4119806","37828963FDDF42B98FC1323757F0D4DD","PR411980637828963FDDF42B98FC1323757F0D4DD"
"251","PR-4119806-5DEFF2F3FEEB4FC285CC3412799D427D","AT","PR","4119806","5DEFF2F3FEEB4FC285CC3412799D427D","PR41198065DEFF2F3FEEB4FC285CC3412799D427D"
"252","PR-4119806-076F926F22AA4DB197255A30873DABC6","AT","PR","4119806","076F926F22AA4DB197255A30873DABC6","PR4119806076F926F22AA4DB197255A30873DABC6"
"253","PR-4119806-F13BCB5CBD8D4B9F8EEC1AB2B1C43F25","AT","PR","4119806","F13BCB5CBD8D4B9F8EEC1AB2B1C43F25","PR4119806F13BCB5CBD8D4B9F8EEC1AB2B1C43F25"
"254","PR-4119806-7D8759E93066420ABFCB7586ED5BC385","AT","PR","4119806","7D8759E93066420ABFCB7586ED5BC385","PR41198067D8759E93066420ABFCB7586ED5BC385"
"255","PR-4119806-131660DA1C4B4B29A59DAA6129B1C02D","AT","PR","4119806","131660DA1C4B4B29A59DAA6129B1C02D","PR4119806131660DA1C4B4B29A59DAA6129B1C02D"
"256","PR-4119806-1FC63A6716D94A9284AE10A221D937DD","AT","PR","4119806","1FC63A6716D94A9284AE10A221D937DD","PR41198061FC63A6716D94A9284AE10A221D937DD"
"257","PR-4119806-01C279E69D094D46AD946E8CC17001B7","AT","PR","4119806","01C279E69D094D46AD946E8CC17001B7","PR411980601C279E69D094D46AD946E8CC17001B7"
"258","PR-4119806-3E598B796C1D4490A055D869C954B349","AT","PR","4119806","3E598B796C1D4490A055D869C954B349","PR41198063E598B796C1D4490A055D869C954B349"
"259","PR-4119806-59A95748E8C7437993C4ED995B852877","AT","PR","4119806","59A95748E8C7437993C4ED995B852877","PR411980659A95748E8C7437993C4ED995B852877"
"260","PR-4119806-1B94728DC8CC4C1B8D86CCC542B24CA9","AT","PR","4119806","1B94728DC8CC4C1B8D86CCC542B24CA9","PR41198061B94728DC8CC4C1B8D86CCC542B24CA9"
"261","PR-4119806-78842EE5D63E4DF6B283B0F59CA997F8","AT","PR","4119806","78842EE5D63E4DF6B283B0F59CA997F8","PR411980678842EE5D63E4DF6B283B0F59CA997F8"
"262","PR-4119806-6D6F826BDD974550833D52B26EE0ED1A","AT","PR","4119806","6D6F826BDD974550833D52B26EE0ED1A","PR41198066D6F826BDD974550833D52B26EE0ED1A"
"263","PR-4119806-9851EFC2C23D4790BE549EADA66AE7D3","AT","PR","4119806","9851EFC2C23D4790BE549EADA66AE7D3","PR41198069851EFC2C23D4790BE549EADA66AE7D3"
"264","PR-4119806-E6861777B3394052A9D606F41AF406A6","AT","PR","4119806","E6861777B3394052A9D606F41AF406A6","PR4119806E6861777B3394052A9D606F41AF406A6"
"265","PR-4119806-751D94FD51754EB5A721EAABFB7ABA1A","AT","PR","4119806","751D94FD51754EB5A721EAABFB7ABA1A","PR4119806751D94FD51754EB5A721EAABFB7ABA1A"
"266","PR-4119806-2A8ECFCC995741C8A7788088F41E833F","AT","PR","4119806","2A8ECFCC995741C8A7788088F41E833F","PR41198062A8ECFCC995741C8A7788088F41E833F"
"267","PR-4119806-2305B8EC226141D098464CAF2B0595D3","AT","PR","4119806","2305B8EC226141D098464CAF2B0595D3","PR41198062305B8EC226141D098464CAF2B0595D3"
"268","PR-4119806-47989E4C8D414E46B541A96FA953EBBB","AT","PR","4119806","47989E4C8D414E46B541A96FA953EBBB","PR411980647989E4C8D414E46B541A96FA953EBBB"
"269","PR-4119806-441C3BBF4E2E4FF489730A650BA993C5","AT","PR","4119806","441C3BBF4E2E4FF489730A650BA993C5","PR4119806441C3BBF4E2E4FF489730A650BA993C5"
"270","PR-4119806-6CC82E1ABA26473893448271BD6D8BE1","AT","PR","4119806","6CC82E1ABA26473893448271BD6D8BE1","PR41198066CC82E1ABA26473893448271BD6D8BE1"
"271","PR-4119806-FC4D70533E78489EAEB1DD6941FBC368","AT","PR","4119806","FC4D70533E78489EAEB1DD6941FBC368","PR4119806FC4D70533E78489EAEB1DD6941FBC368"
"272","PR-4119806-F4D0313C37D34DD9BBB0889E3593F5F5","AT","PR","4119806","F4D0313C37D34DD9BBB0889E3593F5F5","PR4119806F4D0313C37D34DD9BBB0889E3593F5F5"
"273","PR-4119806-FC75A1A6AC3244A9A7D4240456F4C6A0","AT","PR","4119806","FC75A1A6AC3244A9A7D4240456F4C6A0","PR4119806FC75A1A6AC3244A9A7D4240456F4C6A0"
"274","PR-4119806-F0D2EAEEB34441CBBFCC8C26895F40F5","AT","PR","4119806","F0D2EAEEB34441CBBFCC8C26895F40F5","PR4119806F0D2EAEEB34441CBBFCC8C26895F40F5"
"275","PR-4119806-B01F78B40EAD47B89A25E47967A2A5F0","AT","PR","4119806","B01F78B40EAD47B89A25E47967A2A5F0","PR4119806B01F78B40EAD47B89A25E47967A2A5F0"
"276","PR-4119806-0CF7AFEC991B46F1AF8DC62BF8E0D3A7","AT","PR","4119806","0CF7AFEC991B46F1AF8DC62BF8E0D3A7","PR41198060CF7AFEC991B46F1AF8DC62BF8E0D3A7"
"277","PR-4119806-40E31EDF0CF64FDBADA1438958E9F4C5","AT","PR","4119806","40E31EDF0CF64FDBADA1438958E9F4C5","PR411980640E31EDF0CF64FDBADA1438958E9F4C5"
"278","PR-4119806-DCDC3A3D31F443C78856783A0A6EE2F3","AT","PR","4119806","DCDC3A3D31F443C78856783A0A6EE2F3","PR4119806DCDC3A3D31F443C78856783A0A6EE2F3"
"279","PR-4119806-306BA812DDA94553881A0CEFCDAC42F3","AT","PR","4119806","306BA812DDA94553881A0CEFCDAC42F3","PR4119806306BA812DDA94553881A0CEFCDAC42F3"
"280","PR-4119806-23A5EA782E274C0C88A2516469016FF4","AT","PR","4119806","23A5EA782E274C0C88A2516469016FF4","PR411980623A5EA782E274C0C88A2516469016FF4"
"281","PR-4119806-DE0E7898D106493394E37A904723916A","AT","PR","4119806","DE0E7898D106493394E37A904723916A","PR4119806DE0E7898D106493394E37A904723916A"
"282","PR-4119806-FA610DBD50A1494DB3391B3B8857A413","AT","PR","4119806","FA610DBD50A1494DB3391B3B8857A413","PR4119806FA610DBD50A1494DB3391B3B8857A413"
"283","PR-4119806-134D78ECA1A648B7B974AD10473AFD47","AT","PR","4119806","134D78ECA1A648B7B974AD10473AFD47","PR4119806134D78ECA1A648B7B974AD10473AFD47"
"284","PR-4119806-6BBA1DDF6BC34198A19CD6F4707385B1","AT","PR","4119806","6BBA1DDF6BC34198A19CD6F4707385B1","PR41198066BBA1DDF6BC34198A19CD6F4707385B1"
"285","PR-4119806-A6ABCBF84FC24CB7918646C380786868","AT","PR","4119806","A6ABCBF84FC24CB7918646C380786868","PR4119806A6ABCBF84FC24CB7918646C380786868"
"286","PR-4119806-0FC6ACA06C8044018D8CC51BD083C6F3","AT","PR","4119806","0FC6ACA06C8044018D8CC51BD083C6F3","PR41198060FC6ACA06C8044018D8CC51BD083C6F3"
"287","PR-4119806-D5FF2691C92B4F41BDD61E5B3D330543","AT","PR","4119806","D5FF2691C92B4F41BDD61E5B3D330543","PR4119806D5FF2691C92B4F41BDD61E5B3D330543"
"288","PR-4119806-3DC9D5B245BF4BD6959A7F7B2007D6D1","AT","PR","4119806","3DC9D5B245BF4BD6959A7F7B2007D6D1","PR41198063DC9D5B245BF4BD6959A7F7B2007D6D1"
"289","PR-4119806-DC563666FB7A42889185C68390910FD2","AT","PR","4119806","DC563666FB7A42889185C68390910FD2","PR4119806DC563666FB7A42889185C68390910FD2"
"290","PR-4119806-39A034A393524525893215F7C8AF7415","AT","PR","4119806","39A034A393524525893215F7C8AF7415","PR411980639A034A393524525893215F7C8AF7415"
"291","PR-4119806-CA5EB57951724E4E8ADF2DDCFDD5949E","AT","PR","4119806","CA5EB57951724E4E8ADF2DDCFDD5949E","PR4119806CA5EB57951724E4E8ADF2DDCFDD5949E"
"292","PR-4119806-FDC264202ED94F88949CA41A25F1266B","AT","PR","4119806","FDC264202ED94F88949CA41A25F1266B","PR4119806FDC264202ED94F88949CA41A25F1266B"
"293","PR-4119806-B47AC66583FA429B8B6DE1F9065A7C09","AT","PR","4119806","B47AC66583FA429B8B6DE1F9065A7C09","PR4119806B47AC66583FA429B8B6DE1F9065A7C09"
"294","PR-4119806-4F46E4C489304B80ACD5A0A7E8B498CC","AT","PR","4119806","4F46E4C489304B80ACD5A0A7E8B498CC","PR41198064F46E4C489304B80ACD5A0A7E8B498CC"
"295","PR-4119806-C2395D32EEE747CAABBDE390B72AF291","AT","PR","4119806","C2395D32EEE747CAABBDE390B72AF291","PR4119806C2395D32EEE747CAABBDE390B72AF291"
"296","PR-4119806-35F9A50B45D84E778A28FAE82D74CE0C","AT","PR","4119806","35F9A50B45D84E778A28FAE82D74CE0C","PR411980635F9A50B45D84E778A28FAE82D74CE0C"
"297","PR-4119806-65D89046CDAC4409AA3F9B6C325514EF","AT","PR","4119806","65D89046CDAC4409AA3F9B6C325514EF","PR411980665D89046CDAC4409AA3F9B6C325514EF"
"298","PR-4119806-EA60EDA91C80473D96B7E71B74211E53","AT","PR","4119806","EA60EDA91C80473D96B7E71B74211E53","PR4119806EA60EDA91C80473D96B7E71B74211E53"
"299","PR-4119806-1593E33696BD4EFFA110F7A91DC474A1","AT","PR","4119806","1593E33696BD4EFFA110F7A91DC474A1","PR41198061593E33696BD4EFFA110F7A91DC474A1"
"300","PR-4119806-E876D4FC4248461588CE083C83EC354C","AT","PR","4119806","E876D4FC4248461588CE083C83EC354C","PR4119806E876D4FC4248461588CE083C83EC354C"
"301","PR-4119806-11558319E52545FDA72697F5BDF07510","AT","PR","4119806","11558319E52545FDA72697F5BDF07510","PR411980611558319E52545FDA72697F5BDF07510"
"302","PR-4119806-E4A12D4B3FD343D389F5778C6577C60E","AT","PR","4119806","E4A12D4B3FD343D389F5778C6577C60E","PR4119806E4A12D4B3FD343D389F5778C6577C60E"
"303","PR-4119806-7146B714BBE24B62AD48D4F621FAE86F","AT","PR","4119806","7146B714BBE24B62AD48D4F621FAE86F","PR41198067146B714BBE24B62AD48D4F621FAE86F"
"304","PR-4119806-1590207B3DA44600AFDB3EAF3CDF55F3","AT","PR","4119806","1590207B3DA44600AFDB3EAF3CDF55F3","PR41198061590207B3DA44600AFDB3EAF3CDF55F3"
"305","PR-4119806-7BCD6C3679CE438B8E60BCFCBB32AD95","AT","PR","4119806","7BCD6C3679CE438B8E60BCFCBB32AD95","PR41198067BCD6C3679CE438B8E60BCFCBB32AD95"
"306","PR-4119806-0BEDAA322897401C88B84F029D75E26E","AT","PR","4119806","0BEDAA322897401C88B84F029D75E26E","PR41198060BEDAA322897401C88B84F029D75E26E"
"307","PR-4119806-92361B60ECD44048883799EBAF5C95F8","AT","PR","4119806","92361B60ECD44048883799EBAF5C95F8","PR411980692361B60ECD44048883799EBAF5C95F8"
"308","PR-4119806-D061B7DDB4B9435DBFADE99776FFECED","AT","PR","4119806","D061B7DDB4B9435DBFADE99776FFECED","PR4119806D061B7DDB4B9435DBFADE99776FFECED"
"309","PR-4119806-4BB07A30F0A24083AE67EC5B59A61B6D","AT","PR","4119806","4BB07A30F0A24083AE67EC5B59A61B6D","PR41198064BB07A30F0A24083AE67EC5B59A61B6D"
"310","PR-4119806-C2E1C166C6964AD2A6B48053535335A0","AT","PR","4119806","C2E1C166C6964AD2A6B48053535335A0","PR4119806C2E1C166C6964AD2A6B48053535335A0"
"311","PR-4119806-76B0679CC12E44FF927A8F59E430482D","AT","PR","4119806","76B0679CC12E44FF927A8F59E430482D","PR411980676B0679CC12E44FF927A8F59E430482D"
"312","PR-4119806-37D03B6278A14B9EB5735544E63DA938","AT","PR","4119806","37D03B6278A14B9EB5735544E63DA938","PR411980637D03B6278A14B9EB5735544E63DA938"
"313","PR-4119806-7DC5E3DD928E4565A373DE56DD31103A","AT","PR","4119806","7DC5E3DD928E4565A373DE56DD31103A","PR41198067DC5E3DD928E4565A373DE56DD31103A"
"314","PR-4119806-3920AB1347094B209BC612D10D563DA6","AT","PR","4119806","3920AB1347094B209BC612D10D563DA6","PR41198063920AB1347094B209BC612D10D563DA6"
"315","PR-4119806-D80F82CD491A4C7F89F0514D4974DD95","AT","PR","4119806","D80F82CD491A4C7F89F0514D4974DD95","PR4119806D80F82CD491A4C7F89F0514D4974DD95"
"316","PR-4119806-F019F8298D3C4BCAB79AFFE4AA93D8B3","AT","PR","4119806","F019F8298D3C4BCAB79AFFE4AA93D8B3","PR4119806F019F8298D3C4BCAB79AFFE4AA93D8B3"
"317","PR-4119806-4DC7DFE9FB844EDE8BDDA9B64AEF62A9","AT","PR","4119806","4DC7DFE9FB844EDE8BDDA9B64AEF62A9","PR41198064DC7DFE9FB844EDE8BDDA9B64AEF62A9"
"318","PR-4119806-6EFE51F314C64FBEB45DE98AA686AD42","AT","PR","4119806","6EFE51F314C64FBEB45DE98AA686AD42","PR41198066EFE51F314C64FBEB45DE98AA686AD42"
"319","PR-4119806-EE13F4EBD31D4046BE39EE72497FA7AB","AT","PR","4119806","EE13F4EBD31D4046BE39EE72497FA7AB","PR4119806EE13F4EBD31D4046BE39EE72497FA7AB"
"320","PR-4119806-821DECB3D8174BE196A67CC143C290B9","AT","PR","4119806","821DECB3D8174BE196A67CC143C290B9","PR4119806821DECB3D8174BE196A67CC143C290B9"
"321","PR-4119806-4E75AFA2AE684B17AB9BE435D1CB7335","AT","PR","4119806","4E75AFA2AE684B17AB9BE435D1CB7335","PR41198064E75AFA2AE684B17AB9BE435D1CB7335"
"322","PR-4119806-AAF1FA26643342249883B42F9E3357CF","AT","PR","4119806","AAF1FA26643342249883B42F9E3357CF","PR4119806AAF1FA26643342249883B42F9E3357CF"
"323","PR-4119806-5798C67713824F06999E752196A2890A","AT","PR","4119806","5798C67713824F06999E752196A2890A","PR41198065798C67713824F06999E752196A2890A"
"324","PR-4119806-162201BED62F49A39E6A12D4AD0E23DF","AT","PR","4119806","162201BED62F49A39E6A12D4AD0E23DF","PR4119806162201BED62F49A39E6A12D4AD0E23DF"
"325","PR-4119806-9576D07F83194E07996590E91A1A8361","AT","PR","4119806","9576D07F83194E07996590E91A1A8361","PR41198069576D07F83194E07996590E91A1A8361"
"326","PR-4119806-8D07C23754E645EBADC7BFEE6977BF5D","AT","PR","4119806","8D07C23754E645EBADC7BFEE6977BF5D","PR41198068D07C23754E645EBADC7BFEE6977BF5D"
"327","PR-4119806-8228D96D5083441B8EBBCBCF8019238B","AT","PR","4119806","8228D96D5083441B8EBBCBCF8019238B","PR41198068228D96D5083441B8EBBCBCF8019238B"
"328","PR-4119806-1F872B7835D54F6F9205A34A627DB569","AT","PR","4119806","1F872B7835D54F6F9205A34A627DB569","PR41198061F872B7835D54F6F9205A34A627DB569"
"329","PR-4119806-999E848B5F7F4598A574E3A4505DB90B","AT","PR","4119806","999E848B5F7F4598A574E3A4505DB90B","PR4119806999E848B5F7F4598A574E3A4505DB90B"
"330","PR-4119806-8E5FE8F4B97841A2B9337536110B7823","AT","PR","4119806","8E5FE8F4B97841A2B9337536110B7823","PR41198068E5FE8F4B97841A2B9337536110B7823"
"331","PR-4119806-F0BC7F9F91124972BEE0DBDBF62C334A","AT","PR","4119806","F0BC7F9F91124972BEE0DBDBF62C334A","PR4119806F0BC7F9F91124972BEE0DBDBF62C334A"
"332","PR-4119806-C3D05D0911A74D75921BD69B5F1AF88B","AT","PR","4119806","C3D05D0911A74D75921BD69B5F1AF88B","PR4119806C3D05D0911A74D75921BD69B5F1AF88B"
"333","PR-4119806-7DD89C42F49C474E84FA5098CB83DF24","AT","PR","4119806","7DD89C42F49C474E84FA5098CB83DF24","PR41198067DD89C42F49C474E84FA5098CB83DF24"
"334","PR-4119806-1A7116FAC5A344698CDB3EC737FB70D9","AT","PR","4119806","1A7116FAC5A344698CDB3EC737FB70D9","PR41198061A7116FAC5A344698CDB3EC737FB70D9"
"335","PR-4119806-E78917AE7CDD451A9764F05090AC5984","AT","PR","4119806","E78917AE7CDD451A9764F05090AC5984","PR4119806E78917AE7CDD451A9764F05090AC5984"
"336","PR-4119806-91294702131C4643BFC8FC4C7896DFA8","AT","PR","4119806","91294702131C4643BFC8FC4C7896DFA8","PR411980691294702131C4643BFC8FC4C7896DFA8"
"337","PR-4119806-221D7AD50DCA44969254802272C1DE7B","AT","PR","4119806","221D7AD50DCA44969254802272C1DE7B","PR4119806221D7AD50DCA44969254802272C1DE7B"
"338","PR-4119806-84AD6CE591DA4231BD25E0E31F0890A5","AT","PR","4119806","84AD6CE591DA4231BD25E0E31F0890A5","PR411980684AD6CE591DA4231BD25E0E31F0890A5"
"339","PR-4119806-A34E7230152745D6ACA03AC5F7BF8724","AT","PR","4119806","A34E7230152745D6ACA03AC5F7BF8724","PR4119806A34E7230152745D6ACA03AC5F7BF8724"
"340","PR-4119806-A3E8056113B14EF38074FBF1A1B9378D","AT","PR","4119806","A3E8056113B14EF38074FBF1A1B9378D","PR4119806A3E8056113B14EF38074FBF1A1B9378D"
"341","PR-4119806-EC867AD3A1C44F4F98B928CCD44135A0","AT","PR","4119806","EC867AD3A1C44F4F98B928CCD44135A0","PR4119806EC867AD3A1C44F4F98B928CCD44135A0"
"342","PR-4119806-E548927A29E14DCE95C1F27147116D95","AT","PR","4119806","E548927A29E14DCE95C1F27147116D95","PR4119806E548927A29E14DCE95C1F27147116D95"
"343","PR-4119806-6569514BC2F54D979287BB17F95B144C","AT","PR","4119806","6569514BC2F54D979287BB17F95B144C","PR41198066569514BC2F54D979287BB17F95B144C"
"344","PR-4119806-98DD72C3C34C4E9389317690E5E572B5","AT","PR","4119806","98DD72C3C34C4E9389317690E5E572B5","PR411980698DD72C3C34C4E9389317690E5E572B5"
"345","PR-4119806-21A90FB453AF4EC9B7701CABD963AC9A","AT","PR","4119806","21A90FB453AF4EC9B7701CABD963AC9A","PR411980621A90FB453AF4EC9B7701CABD963AC9A"
"346","PR-4119806-C51B5B064DF44DA7BDE4291F78434B6C","AT","PR","4119806","C51B5B064DF44DA7BDE4291F78434B6C","PR4119806C51B5B064DF44DA7BDE4291F78434B6C"
"347","PR-4119806-1ECDEA27F3224B0FACBF59B9D3BFF361","AT","PR","4119806","1ECDEA27F3224B0FACBF59B9D3BFF361","PR41198061ECDEA27F3224B0FACBF59B9D3BFF361"
"348","PR-4119806-62D15987BD6145748E6FA14203D9C8A2","AT","PR","4119806","62D15987BD6145748E6FA14203D9C8A2","PR411980662D15987BD6145748E6FA14203D9C8A2"
"349","PR-4119806-34608B87D911439A8470D7B9273A6739","AT","PR","4119806","34608B87D911439A8470D7B9273A6739","PR411980634608B87D911439A8470D7B9273A6739"
"350","PR-4119806-2BB0FFE3D84F46BCABB00127776E3FE7","AT","PR","4119806","2BB0FFE3D84F46BCABB00127776E3FE7","PR41198062BB0FFE3D84F46BCABB00127776E3FE7"
"351","PR-4119806-ADE24B624EC1471F9357B597FFAE241C","AT","PR","4119806","ADE24B624EC1471F9357B597FFAE241C","PR4119806ADE24B624EC1471F9357B597FFAE241C"
"352","PR-4119806-309ACF55C6E64ADE9C1DC8C737DE87AD","AT","PR","4119806","309ACF55C6E64ADE9C1DC8C737DE87AD","PR4119806309ACF55C6E64ADE9C1DC8C737DE87AD"
"353","PR-4119806-6085EA24355240DE9ECC68CF1801EECA","AT","PR","4119806","6085EA24355240DE9ECC68CF1801EECA","PR41198066085EA24355240DE9ECC68CF1801EECA"
"354","PR-4119806-F1A17640C19D448C86F338B69A5E3535","AT","PR","4119806","F1A17640C19D448C86F338B69A5E3535","PR4119806F1A17640C19D448C86F338B69A5E3535"
"355","PR-4119806-91E265EB950B47BCA05728C67E55E97D","AT","PR","4119806","91E265EB950B47BCA05728C67E55E97D","PR411980691E265EB950B47BCA05728C67E55E97D"
"356","PR-4119806-43F69570D78D45D4B030B929C7BECCAC","AT","PR","4119806","43F69570D78D45D4B030B929C7BECCAC","PR411980643F69570D78D45D4B030B929C7BECCAC"
"357","PR-4119806-08570757A21A4D5089E19685F1A4FD48","AT","PR","4119806","08570757A21A4D5089E19685F1A4FD48","PR411980608570757A21A4D5089E19685F1A4FD48"
"358","PR-4119806-C6E8B90F5BC04EA591B8E7F440698191","AT","PR","4119806","C6E8B90F5BC04EA591B8E7F440698191","PR4119806C6E8B90F5BC04EA591B8E7F440698191"
"359","PR-4119806-959F6B1953EB4E3F9DE5990FAD8D2CD8","AT","PR","4119806","959F6B1953EB4E3F9DE5990FAD8D2CD8","PR4119806959F6B1953EB4E3F9DE5990FAD8D2CD8"
"360","PR-4119806-1428862DA304442FACEB60408C24B1AB","AT","PR","4119806","1428862DA304442FACEB60408C24B1AB","PR41198061428862DA304442FACEB60408C24B1AB"
"361","PR-4119806-50CA781AD480468AB66AA33221D0717B","AT","PR","4119806","50CA781AD480468AB66AA33221D0717B","PR411980650CA781AD480468AB66AA33221D0717B"
"362","PR-4119806-C0A8059197364EB5B42FC559D7FABF1B","AT","PR","4119806","C0A8059197364EB5B42FC559D7FABF1B","PR4119806C0A8059197364EB5B42FC559D7FABF1B"
"363","PR-4119806-47192051209742C39BE7E19D75ED9B9D","AT","PR","4119806","47192051209742C39BE7E19D75ED9B9D","PR411980647192051209742C39BE7E19D75ED9B9D"
"364","PR-4119806-1FEEEA56656A49F89D2EE960C61DD3C9","AT","PR","4119806","1FEEEA56656A49F89D2EE960C61DD3C9","PR41198061FEEEA56656A49F89D2EE960C61DD3C9"
"365","PR-4119806-79F3D3F141674B99A1FBE8B91A1DE919","AT","PR","4119806","79F3D3F141674B99A1FBE8B91A1DE919","PR411980679F3D3F141674B99A1FBE8B91A1DE919"
"366","PR-4119806-9942D20641B24FF68B48CF1BB73E947B","AT","PR","4119806","9942D20641B24FF68B48CF1BB73E947B","PR41198069942D20641B24FF68B48CF1BB73E947B"
"367","PR-4119806-FF71A2A215FC45C3872A643E93A1389F","AT","PR","4119806","FF71A2A215FC45C3872A643E93A1389F","PR4119806FF71A2A215FC45C3872A643E93A1389F"
"368","PR-4119806-A944E30F058D49CD94D30F07CF1F4974","AT","PR","4119806","A944E30F058D49CD94D30F07CF1F4974","PR4119806A944E30F058D49CD94D30F07CF1F4974"
"369","PR-4119806-F003F7F9F7E24F36AE49CDF9D63720DB","AT","PR","4119806","F003F7F9F7E24F36AE49CDF9D63720DB","PR4119806F003F7F9F7E24F36AE49CDF9D63720DB"
"370","PR-4119806-6B027DCC7FED439D92E5AD49A5D029AB","AT","PR","4119806","6B027DCC7FED439D92E5AD49A5D029AB","PR41198066B027DCC7FED439D92E5AD49A5D029AB"
"371","PR-4119806-9695E14AB1814E1BBE8C7C6FFC901B92","AT","PR","4119806","9695E14AB1814E1BBE8C7C6FFC901B92","PR41198069695E14AB1814E1BBE8C7C6FFC901B92"
"372","PR-4119806-49B4DD43C8AD4FD0B536BF81D6C02539","AT","PR","4119806","49B4DD43C8AD4FD0B536BF81D6C02539","PR411980649B4DD43C8AD4FD0B536BF81D6C02539"
"373","PR-4119806-4E8F626CBC5F423F84B7E2C21991F2F2","AT","PR","4119806","4E8F626CBC5F423F84B7E2C21991F2F2","PR41198064E8F626CBC5F423F84B7E2C21991F2F2"
"374","PR-4119806-6D14D946F7F749E59EACB649471F3AA9","AT","PR","4119806","6D14D946F7F749E59EACB649471F3AA9","PR41198066D14D946F7F749E59EACB649471F3AA9"
"375","PR-4119806-EAC23D3BB3A64EAFB0674B59A4D939D4","AT","PR","4119806","EAC23D3BB3A64EAFB0674B59A4D939D4","PR4119806EAC23D3BB3A64EAFB0674B59A4D939D4"
"376","PR-4119806-A69517101BDD45A5A8D8E10094DABA36","AT","PR","4119806","A69517101BDD45A5A8D8E10094DABA36","PR4119806A69517101BDD45A5A8D8E10094DABA36"
"377","PR-4119806-A13002D1555245459F19ED0268A7AE76","AT","PR","4119806","A13002D1555245459F19ED0268A7AE76","PR4119806A13002D1555245459F19ED0268A7AE76"
"378","PR-4119806-C96B7E7E8F264F30B500707924B9AFB1","AT","PR","4119806","C96B7E7E8F264F30B500707924B9AFB1","PR4119806C96B7E7E8F264F30B500707924B9AFB1"
"379","PR-4119806-4A54E6B201784A0C9197F61D0E1444B7","AT","PR","4119806","4A54E6B201784A0C9197F61D0E1444B7","PR41198064A54E6B201784A0C9197F61D0E1444B7"
"380","PR-4119806-6A016239B2614E128B6BA3163B12A97F","AT","PR","4119806","6A016239B2614E128B6BA3163B12A97F","PR41198066A016239B2614E128B6BA3163B12A97F"
"381","PR-4119806-2597129D7DD449A9874BB7966A06A86A","AT","PR","4119806","2597129D7DD449A9874BB7966A06A86A","PR41198062597129D7DD449A9874BB7966A06A86A"
"382","PR-4119806-23FB6219F528475CAA941C8CAB41715A","AT","PR","4119806","23FB6219F528475CAA941C8CAB41715A","PR411980623FB6219F528475CAA941C8CAB41715A"
"383","PR-4119806-BF3FBFDE9116490E91C6F0DEB0D1243A","AT","PR","4119806","BF3FBFDE9116490E91C6F0DEB0D1243A","PR4119806BF3FBFDE9116490E91C6F0DEB0D1243A"
"384","PR-4119806-7EB8E2B26DEF4686BF1383806ED9CACD","AT","PR","4119806","7EB8E2B26DEF4686BF1383806ED9CACD","PR41198067EB8E2B26DEF4686BF1383806ED9CACD"
"385","PR-4119806-EA0460979A6244E289B187D3BA4EB4EB","AT","PR","4119806","EA0460979A6244E289B187D3BA4EB4EB","PR4119806EA0460979A6244E289B187D3BA4EB4EB"
"386","PR-4119806-6681C6E53E954A02897949E2ABA25FEC","AT","PR","4119806","6681C6E53E954A02897949E2ABA25FEC","PR41198066681C6E53E954A02897949E2ABA25FEC"
"387","PR-4119806-EC7D42FAD44641EDA239A2B7A98475E0","AT","PR","4119806","EC7D42FAD44641EDA239A2B7A98475E0","PR4119806EC7D42FAD44641EDA239A2B7A98475E0"
"388","PR-4119806-B3F88C15090C47F6921985E646B9E6AC","AT","PR","4119806","B3F88C15090C47F6921985E646B9E6AC","PR4119806B3F88C15090C47F6921985E646B9E6AC"
"389","PR-4119806-6061C199B06A46EAB673491A0206CD37","AT","PR","4119806","6061C199B06A46EAB673491A0206CD37","PR41198066061C199B06A46EAB673491A0206CD37"
"390","PR-4119806-846407830F974BDC888D0B9524FF1D11","AT","PR","4119806","846407830F974BDC888D0B9524FF1D11","PR4119806846407830F974BDC888D0B9524FF1D11"
"391","PR-4119806-6F02A7DAD9BD497B8E088FB05EABC0AA","AT","PR","4119806","6F02A7DAD9BD497B8E088FB05EABC0AA","PR41198066F02A7DAD9BD497B8E088FB05EABC0AA"
"392","PR-4119806-E641C8E0560948199BEDC823A45CB353","AT","PR","4119806","E641C8E0560948199BEDC823A45CB353","PR4119806E641C8E0560948199BEDC823A45CB353"
"393","PR-4119806-9E7E6DB4DF28408499923EDB795823A8","AT","PR","4119806","9E7E6DB4DF28408499923EDB795823A8","PR41198069E7E6DB4DF28408499923EDB795823A8"
"394","PR-4119806-AC71F3AFC696467FA476AF26F424E204","AT","PR","4119806","AC71F3AFC696467FA476AF26F424E204","PR4119806AC71F3AFC696467FA476AF26F424E204"
"395","PR-4119806-13647FD3DF71487EB60795E084345B54","AT","PR","4119806","13647FD3DF71487EB60795E084345B54","PR411980613647FD3DF71487EB60795E084345B54"
"396","PR-4119806-C4B818959416437282B4E2AB5C539BBA","AT","PR","4119806","C4B818959416437282B4E2AB5C539BBA","PR4119806C4B818959416437282B4E2AB5C539BBA"
"397","PR-4119806-B4502259D9F2435290107121B09D43A6","AT","PR","4119806","B4502259D9F2435290107121B09D43A6","PR4119806B4502259D9F2435290107121B09D43A6"
"398","PR-4119806-FDC835AE8858430E85338F65D8B77B27","AT","PR","4119806","FDC835AE8858430E85338F65D8B77B27","PR4119806FDC835AE8858430E85338F65D8B77B27"
"399","PR-4119806-5CEB05E5DFBC439885FD11C25F4E6FF3","AT","PR","4119806","5CEB05E5DFBC439885FD11C25F4E6FF3","PR41198065CEB05E5DFBC439885FD11C25F4E6FF3"
"400","PR-4119806-CAD69FE0EF99488FBF00BA135DC1BEC7","AT","PR","4119806","CAD69FE0EF99488FBF00BA135DC1BEC7","PR4119806CAD69FE0EF99488FBF00BA135DC1BEC7"
"401","PR-4119806-4D00D21C00D341A0843B163183881D3A","AT","PR","4119806","4D00D21C00D341A0843B163183881D3A","PR41198064D00D21C00D341A0843B163183881D3A"
"402","PR-4119806-A9DE848BC9134DF89089CE7F662AEDFC","AT","PR","4119806","A9DE848BC9134DF89089CE7F662AEDFC","PR4119806A9DE848BC9134DF89089CE7F662AEDFC"
"403","PR-4119806-D656D02A45224B0793CD96CA15A69666","AT","PR","4119806","D656D02A45224B0793CD96CA15A69666","PR4119806D656D02A45224B0793CD96CA15A69666"
"404","PR-4119806-D06710ADBCE444BDA6C080ECBE18800B","AT","PR","4119806","D06710ADBCE444BDA6C080ECBE18800B","PR4119806D06710ADBCE444BDA6C080ECBE18800B"
"405","PR-4119806-5B14644D8DBB4BD4AF4475A4D3C92428","AT","PR","4119806","5B14644D8DBB4BD4AF4475A4D3C92428","PR41198065B14644D8DBB4BD4AF4475A4D3C92428"
"406","PR-4119806-A03F3559CA5B467B880E29CA74E85376","AT","PR","4119806","A03F3559CA5B467B880E29CA74E85376","PR4119806A03F3559CA5B467B880E29CA74E85376"
"407","PR-4119806-11C15A26961C4C00895220F426AFF327","AT","PR","4119806","11C15A26961C4C00895220F426AFF327","PR411980611C15A26961C4C00895220F426AFF327"
"408","PR-4119806-E09D98ADA5D1414997B78051589B93B4","AT","PR","4119806","E09D98ADA5D1414997B78051589B93B4","PR4119806E09D98ADA5D1414997B78051589B93B4"
"409","PR-4119806-4B1069216E744F538547C6CC1B5B3D4A","AT","PR","4119806","4B1069216E744F538547C6CC1B5B3D4A","PR41198064B1069216E744F538547C6CC1B5B3D4A"
"410","PR-4119806-75F1138E665549159F425D45137A373C","AT","PR","4119806","75F1138E665549159F425D45137A373C","PR411980675F1138E665549159F425D45137A373C"
"411","PR-4119806-5D96A754B0E349A6A28E18A9D5F038C7","AT","PR","4119806","5D96A754B0E349A6A28E18A9D5F038C7","PR41198065D96A754B0E349A6A28E18A9D5F038C7"
"412","PR-4119806-BEF8E8B6378644CB86EC533FFCC1BE2A","AT","PR","4119806","BEF8E8B6378644CB86EC533FFCC1BE2A","PR4119806BEF8E8B6378644CB86EC533FFCC1BE2A"
"413","PR-4119806-3F569546A69A4F75BD7C7EEA1C950CA3","AT","PR","4119806","3F569546A69A4F75BD7C7EEA1C950CA3","PR41198063F569546A69A4F75BD7C7EEA1C950CA3"
"414","PR-4119806-1672D3E3AB4E475491DEF6BD83C702F2","AT","PR","4119806","1672D3E3AB4E475491DEF6BD83C702F2","PR41198061672D3E3AB4E475491DEF6BD83C702F2"
"415","PR-4119806-9925D73A232F4A3E8532E365112CB9D7","AT","PR","4119806","9925D73A232F4A3E8532E365112CB9D7","PR41198069925D73A232F4A3E8532E365112CB9D7"
"416","PR-4119806-84651C40D8BA49FFBB62ABB684C8547A","AT","PR","4119806","84651C40D8BA49FFBB62ABB684C8547A","PR411980684651C40D8BA49FFBB62ABB684C8547A"
"417","PR-4119806-53D4688018384531A3132B2DAE6E1BE2","AT","PR","4119806","53D4688018384531A3132B2DAE6E1BE2","PR411980653D4688018384531A3132B2DAE6E1BE2"
"418","PR-4119806-E9E348D7EAFE475295E3628CF73D892F","AT","PR","4119806","E9E348D7EAFE475295E3628CF73D892F","PR4119806E9E348D7EAFE475295E3628CF73D892F"
"419","PR-4119806-0361A7D555EE4C14B6694FD8FB5FDD58","AT","PR","4119806","0361A7D555EE4C14B6694FD8FB5FDD58","PR41198060361A7D555EE4C14B6694FD8FB5FDD58"
"420","PR-4119806-D9F432A8D66D4E6284AB589FE365A0DE","AT","PR","4119806","D9F432A8D66D4E6284AB589FE365A0DE","PR4119806D9F432A8D66D4E6284AB589FE365A0DE"
"421","PR-4119806-E0744B9FEC8141CF9CC604D3244AAF32","AT","PR","4119806","E0744B9FEC8141CF9CC604D3244AAF32","PR4119806E0744B9FEC8141CF9CC604D3244AAF32"
"422","PR-4119806-8CAC2D075CC1464683F3555E7F2629E0","AT","PR","4119806","8CAC2D075CC1464683F3555E7F2629E0","PR41198068CAC2D075CC1464683F3555E7F2629E0"
"423","PR-4119806-B435391D38124A4E90198A26B2F9C06A","AT","PR","4119806","B435391D38124A4E90198A26B2F9C06A","PR4119806B435391D38124A4E90198A26B2F9C06A"
"424","PR-4119806-51828EBC4D2746E28E0267C9BDF35703","AT","PR","4119806","51828EBC4D2746E28E0267C9BDF35703","PR411980651828EBC4D2746E28E0267C9BDF35703"
"425","PR-4119806-A535E4EBA7A44C85980CF9C49C3737A8","AT","PR","4119806","A535E4EBA7A44C85980CF9C49C3737A8","PR4119806A535E4EBA7A44C85980CF9C49C3737A8"
"426","PR-4119806-6062A9C5B4A04F90B8968DA88BB4EC78","AT","PR","4119806","6062A9C5B4A04F90B8968DA88BB4EC78","PR41198066062A9C5B4A04F90B8968DA88BB4EC78"
"427","PR-4119806-CC8D64A316904F0F8A6512F73AFCEFBB","AT","PR","4119806","CC8D64A316904F0F8A6512F73AFCEFBB","PR4119806CC8D64A316904F0F8A6512F73AFCEFBB"
"428","PR-4119806-357A2A8AC26D4BE2AF5FC3F83563456F","AT","PR","4119806","357A2A8AC26D4BE2AF5FC3F83563456F","PR4119806357A2A8AC26D4BE2AF5FC3F83563456F"
"429","PR-4119806-D930764E9DB0445D93BC22DC8AF7C1EC","AT","PR","4119806","D930764E9DB0445D93BC22DC8AF7C1EC","PR4119806D930764E9DB0445D93BC22DC8AF7C1EC"
"430","PR-4119806-219C97C3DD744EF1BD81C5A2E16CFDF3","AT","PR","4119806","219C97C3DD744EF1BD81C5A2E16CFDF3","PR4119806219C97C3DD744EF1BD81C5A2E16CFDF3"
"431","PR-4119806-A103BE0F85E24CF6AC7573F6CFF1267D","AT","PR","4119806","A103BE0F85E24CF6AC7573F6CFF1267D","PR4119806A103BE0F85E24CF6AC7573F6CFF1267D"
"432","PR-4119806-864BFD5F3657450589444C0D9D53B3F2","AT","PR","4119806","864BFD5F3657450589444C0D9D53B3F2","PR4119806864BFD5F3657450589444C0D9D53B3F2"
"433","PR-4119806-04F74755096C4267AAF5794B6E50D3AE","AT","PR","4119806","04F74755096C4267AAF5794B6E50D3AE","PR411980604F74755096C4267AAF5794B6E50D3AE"
"434","PR-4119806-425BAA36DD734B019C99452317FA6390","AT","PR","4119806","425BAA36DD734B019C99452317FA6390","PR4119806425BAA36DD734B019C99452317FA6390"
"435","PR-4119806-5F6EC8D6AB4743D58B26AE907B71C791","AT","PR","4119806","5F6EC8D6AB4743D58B26AE907B71C791","PR41198065F6EC8D6AB4743D58B26AE907B71C791"
"436","PR-4119806-61A154FDF66344438F219B8F4F73F0B4","AT","PR","4119806","61A154FDF66344438F219B8F4F73F0B4","PR411980661A154FDF66344438F219B8F4F73F0B4"
"437","PR-4119806-5D2FB9B93BB446DDB46C533FBFB32CDA","AT","PR","4119806","5D2FB9B93BB446DDB46C533FBFB32CDA","PR41198065D2FB9B93BB446DDB46C533FBFB32CDA"
"438","PR-4119806-68E4E2B2F1EB439E81A9F0FC306F63C7","AT","PR","4119806","68E4E2B2F1EB439E81A9F0FC306F63C7","PR411980668E4E2B2F1EB439E81A9F0FC306F63C7"
"439","PR-4119806-C0919EA44D0D499591EF9AC15A358354","AT","PR","4119806","C0919EA44D0D499591EF9AC15A358354","PR4119806C0919EA44D0D499591EF9AC15A358354"
"440","PR-4119806-8EBA1E9B19DC43F98745AB4659397A42","AT","PR","4119806","8EBA1E9B19DC43F98745AB4659397A42","PR41198068EBA1E9B19DC43F98745AB4659397A42"
"441","PR-4119806-E47A2495A6FC46C58223326195BE9951","AT","PR","4119806","E47A2495A6FC46C58223326195BE9951","PR4119806E47A2495A6FC46C58223326195BE9951"
"442","PR-4119806-7E1A98FA8AC84F11AF179EB562BACB72","AT","PR","4119806","7E1A98FA8AC84F11AF179EB562BACB72","PR41198067E1A98FA8AC84F11AF179EB562BACB72"
"443","PR-4119806-7DBCC07913C7465B829A7FBAC7419397","AT","PR","4119806","7DBCC07913C7465B829A7FBAC7419397","PR41198067DBCC07913C7465B829A7FBAC7419397"
"444","PR-4119806-26BBDFB4F3104D328DA29B81AAF1A33A","AT","PR","4119806","26BBDFB4F3104D328DA29B81AAF1A33A","PR411980626BBDFB4F3104D328DA29B81AAF1A33A"
"445","PR-4119806-12810BA1A90C4F37B2F5738DFA0AA191","AT","PR","4119806","12810BA1A90C4F37B2F5738DFA0AA191","PR411980612810BA1A90C4F37B2F5738DFA0AA191"
"446","PR-4119806-01BB3440A4B04C10BBA7CE8D3FE70C4C","AT","PR","4119806","01BB3440A4B04C10BBA7CE8D3FE70C4C","PR411980601BB3440A4B04C10BBA7CE8D3FE70C4C"
"447","PR-4119806-DE525D8BAB414D3DB50A0B008C8BAE0A","AT","PR","4119806","DE525D8BAB414D3DB50A0B008C8BAE0A","PR4119806DE525D8BAB414D3DB50A0B008C8BAE0A"
"448","PR-4119806-5F2E28F1F0FE49B3A60D10DA74232A31","AT","PR","4119806","5F2E28F1F0FE49B3A60D10DA74232A31","PR41198065F2E28F1F0FE49B3A60D10DA74232A31"
"449","PR-4119806-1CF79E05C1974A7CB2576A8E89156A60","AT","PR","4119806","1CF79E05C1974A7CB2576A8E89156A60","PR41198061CF79E05C1974A7CB2576A8E89156A60"
"450","PR-4119806-0C657291D1E747D3A91F895636227337","AT","PR","4119806","0C657291D1E747D3A91F895636227337","PR41198060C657291D1E747D3A91F895636227337"
"451","PR-4119806-FD56E630410149FE920EB2A4DCE9BADA","AT","PR","4119806","FD56E630410149FE920EB2A4DCE9BADA","PR4119806FD56E630410149FE920EB2A4DCE9BADA"
"452","PR-4119806-FB00944CBA20454FA78049C1D7D50086","AT","PR","4119806","FB00944CBA20454FA78049C1D7D50086","PR4119806FB00944CBA20454FA78049C1D7D50086"
"453","PR-4119806-A30E29A8006947A182F5ED2B227A93AF","AT","PR","4119806","A30E29A8006947A182F5ED2B227A93AF","PR4119806A30E29A8006947A182F5ED2B227A93AF"
"454","PR-4119806-A97F302070884586AD4FBD867E89ADDA","AT","PR","4119806","A97F302070884586AD4FBD867E89ADDA","PR4119806A97F302070884586AD4FBD867E89ADDA"
"455","PR-4119806-FD8352F9CB2D415B9A49432F19B34E00","AT","PR","4119806","FD8352F9CB2D415B9A49432F19B34E00","PR4119806FD8352F9CB2D415B9A49432F19B34E00"
"456","PR-4119806-351D731654BC4C56BF70B14707EC7FEC","AT","PR","4119806","351D731654BC4C56BF70B14707EC7FEC","PR4119806351D731654BC4C56BF70B14707EC7FEC"
"457","PR-4119806-B85B6CE67C8F4A09AEAAF4A4EEC9498E","AT","PR","4119806","B85B6CE67C8F4A09AEAAF4A4EEC9498E","PR4119806B85B6CE67C8F4A09AEAAF4A4EEC9498E"
"458","PR-4119806-5B69F09B8031414FA691BCC1E4C6B350","AT","PR","4119806","5B69F09B8031414FA691BCC1E4C6B350","PR41198065B69F09B8031414FA691BCC1E4C6B350"
"459","PR-4119806-CF449B680CF74086AC678DB6111C92BB","AT","PR","4119806","CF449B680CF74086AC678DB6111C92BB","PR4119806CF449B680CF74086AC678DB6111C92BB"
"460","PR-4119806-C1232A7B1E4D4BBD93EE415663A496FC","AT","PR","4119806","C1232A7B1E4D4BBD93EE415663A496FC","PR4119806C1232A7B1E4D4BBD93EE415663A496FC"
"461","PR-4119806-82A67F079C734A1CA5033E1C1FAE7314","AT","PR","4119806","82A67F079C734A1CA5033E1C1FAE7314","PR411980682A67F079C734A1CA5033E1C1FAE7314"
"462","PR-4119806-29AD1BD32BB24C69A70FCAD7B4FBBC1A","AT","PR","4119806","29AD1BD32BB24C69A70FCAD7B4FBBC1A","PR411980629AD1BD32BB24C69A70FCAD7B4FBBC1A"
"463","PR-4119806-1F59E09FD3A843E3AA8FCC28EC5E5332","AT","PR","4119806","1F59E09FD3A843E3AA8FCC28EC5E5332","PR41198061F59E09FD3A843E3AA8FCC28EC5E5332"
"464","PR-4119806-048A37AAF3AD4DE9A9ED5439090AA023","AT","PR","4119806","048A37AAF3AD4DE9A9ED5439090AA023","PR4119806048A37AAF3AD4DE9A9ED5439090AA023"
"465","PR-4119806-1CE16C1690634048BCD966C04C87A7A7","AT","PR","4119806","1CE16C1690634048BCD966C04C87A7A7","PR41198061CE16C1690634048BCD966C04C87A7A7"
"466","PR-4119806-058090E4898640A0844A8C2EE0D3EB58","AT","PR","4119806","058090E4898640A0844A8C2EE0D3EB58","PR4119806058090E4898640A0844A8C2EE0D3EB58"
"467","PR-4119806-1568233D05FB4B33926299EEBC0498B4","AT","PR","4119806","1568233D05FB4B33926299EEBC0498B4","PR41198061568233D05FB4B33926299EEBC0498B4"
"468","PR-4119806-212132BC9CE746D686D7B7462360D6A0","AT","PR","4119806","212132BC9CE746D686D7B7462360D6A0","PR4119806212132BC9CE746D686D7B7462360D6A0"
"469","PR-4119806-99357FF498964177985BD5156A99FD5F","AT","PR","4119806","99357FF498964177985BD5156A99FD5F","PR411980699357FF498964177985BD5156A99FD5F"
"470","PR-4119806-8DC026179D654635BB67B0329BE01866","AT","PR","4119806","8DC026179D654635BB67B0329BE01866","PR41198068DC026179D654635BB67B0329BE01866"
"471","PR-4119806-C2D4B8370F3846CD8868B85A2786E723","AT","PR","4119806","C2D4B8370F3846CD8868B85A2786E723","PR4119806C2D4B8370F3846CD8868B85A2786E723"
"472","PR-4119806-B8319C8647E1440DAE6E1CC9B2721A24","AT","PR","4119806","B8319C8647E1440DAE6E1CC9B2721A24","PR4119806B8319C8647E1440DAE6E1CC9B2721A24"
"473","PR-4119806-F3192A4C1F0B44339365B94EE802DBCB","AT","PR","4119806","F3192A4C1F0B44339365B94EE802DBCB","PR4119806F3192A4C1F0B44339365B94EE802DBCB"
"474","PR-4119806-50D441EDB4E74C17B6EB7F0A302537BF","AT","PR","4119806","50D441EDB4E74C17B6EB7F0A302537BF","PR411980650D441EDB4E74C17B6EB7F0A302537BF"
"475","PR-4119806-0139FF159F134077A9CA8FE5A726F0D5","AT","PR","4119806","0139FF159F134077A9CA8FE5A726F0D5","PR41198060139FF159F134077A9CA8FE5A726F0D5"
"476","PR-4119806-7061FC1ECDC740EEB1BC043721154747","AT","PR","4119806","7061FC1ECDC740EEB1BC043721154747","PR41198067061FC1ECDC740EEB1BC043721154747"
"477","PR-4119806-8FEFFFF4035B41FDA1613C48F1F4580E","AT","PR","4119806","8FEFFFF4035B41FDA1613C48F1F4580E","PR41198068FEFFFF4035B41FDA1613C48F1F4580E"
"478","PR-4119806-9FA7815C31A3408F84076F6BE0E3E89E","AT","PR","4119806","9FA7815C31A3408F84076F6BE0E3E89E","PR41198069FA7815C31A3408F84076F6BE0E3E89E"
"479","PR-4119806-7FF171D2E0EB41BA932511254A3982F7","AT","PR","4119806","7FF171D2E0EB41BA932511254A3982F7","PR41198067FF171D2E0EB41BA932511254A3982F7"
"480","PR-4119806-40B4B8E4805347E387623E80E013DDE4","AT","PR","4119806","40B4B8E4805347E387623E80E013DDE4","PR411980640B4B8E4805347E387623E80E013DDE4"
"481","PR-4119806-8B52C3666A3F4A42AE04AF947F81F1C4","AT","PR","4119806","8B52C3666A3F4A42AE04AF947F81F1C4","PR41198068B52C3666A3F4A42AE04AF947F81F1C4"
"482","PR-4119806-2DD5C818857241409ADDFABD936CB979","AT","PR","4119806","2DD5C818857241409ADDFABD936CB979","PR41198062DD5C818857241409ADDFABD936CB979"
"483","PR-4119806-A5D51C819879461BA85FAC1D1531BA9F","AT","PR","4119806","A5D51C819879461BA85FAC1D1531BA9F","PR4119806A5D51C819879461BA85FAC1D1531BA9F"
"484","PR-4119806-16BF519AB3DC4ADF893AA42912CE3501","AT","PR","4119806","16BF519AB3DC4ADF893AA42912CE3501","PR411980616BF519AB3DC4ADF893AA42912CE3501"
"485","PR-4119806-AB4C15FABD6C4D849FAF1CF889AC7228","AT","PR","4119806","AB4C15FABD6C4D849FAF1CF889AC7228","PR4119806AB4C15FABD6C4D849FAF1CF889AC7228"
"486","PR-4119806-DF075D7143884603B46B900D62ED9357","AT","PR","4119806","DF075D7143884603B46B900D62ED9357","PR4119806DF075D7143884603B46B900D62ED9357"
"487","PR-4119806-84F8F912FE8E49599372381F0CB4C6D3","AT","PR","4119806","84F8F912FE8E49599372381F0CB4C6D3","PR411980684F8F912FE8E49599372381F0CB4C6D3"
"488","PR-4119806-DE24D7AD80C9494F82EF4CBD3F6FC908","AT","PR","4119806","DE24D7AD80C9494F82EF4CBD3F6FC908","PR4119806DE24D7AD80C9494F82EF4CBD3F6FC908"
"489","PR-4119806-E665E2DD1F1E4697B761A6A314C3F398","AT","PR","4119806","E665E2DD1F1E4697B761A6A314C3F398","PR4119806E665E2DD1F1E4697B761A6A314C3F398"
"490","PR-4119806-FA3EF8996E5B431994608643C07687B2","AT","PR","4119806","FA3EF8996E5B431994608643C07687B2","PR4119806FA3EF8996E5B431994608643C07687B2"
"491","PR-4119806-A42C6E8C3BC448BA9D3B143E66CC2505","AT","PR","4119806","A42C6E8C3BC448BA9D3B143E66CC2505","PR4119806A42C6E8C3BC448BA9D3B143E66CC2505"
"492","PR-4119806-4F0F6040A6694CFE903B9DF899BEE8DE","AT","PR","4119806","4F0F6040A6694CFE903B9DF899BEE8DE","PR41198064F0F6040A6694CFE903B9DF899BEE8DE"
"493","PR-4119806-6127773917454EF69554A4856C667200","AT","PR","4119806","6127773917454EF69554A4856C667200","PR41198066127773917454EF69554A4856C667200"
"494","PR-4119806-28388661F3F144DB9CAB8DA17E379B1F","AT","PR","4119806","28388661F3F144DB9CAB8DA17E379B1F","PR411980628388661F3F144DB9CAB8DA17E379B1F"
"495","PR-4119806-C2BA776A29C04FE7B1E2AC6D65BF05A8","AT","PR","4119806","C2BA776A29C04FE7B1E2AC6D65BF05A8","PR4119806C2BA776A29C04FE7B1E2AC6D65BF05A8"
"496","PR-4119806-22F19039B69D4FE280B82B8333CD52E2","AT","PR","4119806","22F19039B69D4FE280B82B8333CD52E2","PR411980622F19039B69D4FE280B82B8333CD52E2"
"497","PR-4119806-883DC96DD2EC414693CE71FA84BED673","AT","PR","4119806","883DC96DD2EC414693CE71FA84BED673","PR4119806883DC96DD2EC414693CE71FA84BED673"
"498","PR-4119806-D0272477C557421BBBBF7915D08CEF30","AT","PR","4119806","D0272477C557421BBBBF7915D08CEF30","PR4119806D0272477C557421BBBBF7915D08CEF30"
"499","PR-4119806-72438D8B9C75475E9F877CB50016857E","AT","PR","4119806","72438D8B9C75475E9F877CB50016857E","PR411980672438D8B9C75475E9F877CB50016857E"
"500","PR-4119806-2086D6B00AFC43E8A470660322BC2C1D","AT","PR","4119806","2086D6B00AFC43E8A470660322BC2C1D","PR41198062086D6B00AFC43E8A470660322BC2C1D"
"501","PR-4119806-7C9F52FAC7F24DDEB04515C8C1C0D3C4","AT","PR","4119806","7C9F52FAC7F24DDEB04515C8C1C0D3C4","PR41198067C9F52FAC7F24DDEB04515C8C1C0D3C4"
"502","PR-4119806-ACDE382A5A97417084A2199B12ACEB26","AT","PR","4119806","ACDE382A5A97417084A2199B12ACEB26","PR4119806ACDE382A5A97417084A2199B12ACEB26"
"503","PR-4119806-11ECD929C74A4FF38DE557DAD663BB9A","AT","PR","4119806","11ECD929C74A4FF38DE557DAD663BB9A","PR411980611ECD929C74A4FF38DE557DAD663BB9A"
"504","PR-4119806-9D9A19361EEE417CB2927B3A5D49B74B","AT","PR","4119806","9D9A19361EEE417CB2927B3A5D49B74B","PR41198069D9A19361EEE417CB2927B3A5D49B74B"
"505","PR-4119806-DAAB0814850F44DF88EE93F38A201352","AT","PR","4119806","DAAB0814850F44DF88EE93F38A201352","PR4119806DAAB0814850F44DF88EE93F38A201352"
"506","PR-4119806-C8E9623190DA405AA4D62F849E9A913E","AT","PR","4119806","C8E9623190DA405AA4D62F849E9A913E","PR4119806C8E9623190DA405AA4D62F849E9A913E"
"507","PR-4119806-3F286369FB15493585E0FFD707DF9C49","AT","PR","4119806","3F286369FB15493585E0FFD707DF9C49","PR41198063F286369FB15493585E0FFD707DF9C49"
"508","PR-4119806-554CB377D7AC470EA4B655F68E4EC899","AT","PR","4119806","554CB377D7AC470EA4B655F68E4EC899","PR4119806554CB377D7AC470EA4B655F68E4EC899"
"509","PR-4119806-E13E5777C3D547308E532A0D2759A171","AT","PR","4119806","E13E5777C3D547308E532A0D2759A171","PR4119806E13E5777C3D547308E532A0D2759A171"
"510","PR-4119806-DE3D004FEC6A4B65B3F18A6B2DA1D126","AT","PR","4119806","DE3D004FEC6A4B65B3F18A6B2DA1D126","PR4119806DE3D004FEC6A4B65B3F18A6B2DA1D126"
"511","PR-4119806-B46C1FE3B7E54597852A8787DE45DFD6","AT","PR","4119806","B46C1FE3B7E54597852A8787DE45DFD6","PR4119806B46C1FE3B7E54597852A8787DE45DFD6"
"512","PR-4119806-B246005A4C1B4A0E8D6182BA4B9B80D0","AT","PR","4119806","B246005A4C1B4A0E8D6182BA4B9B80D0","PR4119806B246005A4C1B4A0E8D6182BA4B9B80D0"
"513","PR-4119806-E455A0B983834D73ADA4730496EAFF77","AT","PR","4119806","E455A0B983834D73ADA4730496EAFF77","PR4119806E455A0B983834D73ADA4730496EAFF77"
"514","PR-4119806-BE667E7040874F6AA5B9CE063A0C09BE","AT","PR","4119806","BE667E7040874F6AA5B9CE063A0C09BE","PR4119806BE667E7040874F6AA5B9CE063A0C09BE"
"515","PR-4119806-9BE28C7E0A8E49B2A3F19EF1217B38BF","AT","PR","4119806","9BE28C7E0A8E49B2A3F19EF1217B38BF","PR41198069BE28C7E0A8E49B2A3F19EF1217B38BF"
"516","PR-4119806-2532519A7D3644649F92DC3C3329172D","AT","PR","4119806","2532519A7D3644649F92DC3C3329172D","PR41198062532519A7D3644649F92DC3C3329172D"
"517","PR-4119806-836E37A6AF1E4D099E5614DA4281F8F5","AT","PR","4119806","836E37A6AF1E4D099E5614DA4281F8F5","PR4119806836E37A6AF1E4D099E5614DA4281F8F5"
"518","PR-4119806-B743A0800C5542BBB99DC08E1676F120","AT","PR","4119806","B743A0800C5542BBB99DC08E1676F120","PR4119806B743A0800C5542BBB99DC08E1676F120"
"519","PR-4119806-7FE0FE00F1944345A45B40FFBE7F9F4E","AT","PR","4119806","7FE0FE00F1944345A45B40FFBE7F9F4E","PR41198067FE0FE00F1944345A45B40FFBE7F9F4E"
"520","PR-4119806-885BECAC8E24432DBC9B0095A2AE1BD3","AT","PR","4119806","885BECAC8E24432DBC9B0095A2AE1BD3","PR4119806885BECAC8E24432DBC9B0095A2AE1BD3"
"521","PR-4119806-C4463396E2AE40B483901A79C27DC9AE","AT","PR","4119806","C4463396E2AE40B483901A79C27DC9AE","PR4119806C4463396E2AE40B483901A79C27DC9AE"
"522","PR-4119806-6F8C473850454E598BCAB26B3D176EAF","AT","PR","4119806","6F8C473850454E598BCAB26B3D176EAF","PR41198066F8C473850454E598BCAB26B3D176EAF"
"523","PR-4119806-15BBF4A106874289BDBB227A809480EA","AT","PR","4119806","15BBF4A106874289BDBB227A809480EA","PR411980615BBF4A106874289BDBB227A809480EA"
"524","PR-4119806-CCE5AE292631460F99B4831E5E932174","AT","PR","4119806","CCE5AE292631460F99B4831E5E932174","PR4119806CCE5AE292631460F99B4831E5E932174"
"525","PR-4119806-D59819D5AFBE4BB0B21AC9409212A138","AT","PR","4119806","D59819D5AFBE4BB0B21AC9409212A138","PR4119806D59819D5AFBE4BB0B21AC9409212A138"
"526","PR-4119806-B08EF8A30EE64F1FBC5D7891262A4B42","AT","PR","4119806","B08EF8A30EE64F1FBC5D7891262A4B42","PR4119806B08EF8A30EE64F1FBC5D7891262A4B42"
"527","PR-4119806-1F34677FB42548CCB54D787F2664358B","AT","PR","4119806","1F34677FB42548CCB54D787F2664358B","PR41198061F34677FB42548CCB54D787F2664358B"
"528","PR-4119806-598AB300888B4E0F925E326391241CEB","AT","PR","4119806","598AB300888B4E0F925E326391241CEB","PR4119806598AB300888B4E0F925E326391241CEB"
"529","PR-4119806-32A0CE5EB83C415DBA57FEF7B7CDD771","AT","PR","4119806","32A0CE5EB83C415DBA57FEF7B7CDD771","PR411980632A0CE5EB83C415DBA57FEF7B7CDD771"
"530","PR-4119806-582DC80B2FC448CD808C5F667C199338","AT","PR","4119806","582DC80B2FC448CD808C5F667C199338","PR4119806582DC80B2FC448CD808C5F667C199338"
"531","PR-4119806-987D2392CD0A4878B2B1645510EF0863","AT","PR","4119806","987D2392CD0A4878B2B1645510EF0863","PR4119806987D2392CD0A4878B2B1645510EF0863"
"532","PR-4119806-D351E327F53D49589DF7DEB522B287BB","AT","PR","4119806","D351E327F53D49589DF7DEB522B287BB","PR4119806D351E327F53D49589DF7DEB522B287BB"
"533","PR-4119806-E0B095FCB76147C7BAF5CE95F84980E8","AT","PR","4119806","E0B095FCB76147C7BAF5CE95F84980E8","PR4119806E0B095FCB76147C7BAF5CE95F84980E8"
"534","PR-4119806-087DCD47A3814C4986F586A4C1EF8316","AT","PR","4119806","087DCD47A3814C4986F586A4C1EF8316","PR4119806087DCD47A3814C4986F586A4C1EF8316"
"535","PR-4119806-7507496404514A7881F72AF1B9525230","AT","PR","4119806","7507496404514A7881F72AF1B9525230","PR41198067507496404514A7881F72AF1B9525230"
"536","PR-4119806-F1A6889A96B647EB9C0594B66E2F4ADE","AT","PR","4119806","F1A6889A96B647EB9C0594B66E2F4ADE","PR4119806F1A6889A96B647EB9C0594B66E2F4ADE"
"537","PR-4119806-B6CB3911AC5D49C69DA8521AF5F7BD1F","AT","PR","4119806","B6CB3911AC5D49C69DA8521AF5F7BD1F","PR4119806B6CB3911AC5D49C69DA8521AF5F7BD1F"
"538","PR-4119806-545705A8B10D46F493C622CFA070E702","AT","PR","4119806","545705A8B10D46F493C622CFA070E702","PR4119806545705A8B10D46F493C622CFA070E702"
"539","PR-4119806-8834BC9D4A974B9EB88D9042DEABB865","AT","PR","4119806","8834BC9D4A974B9EB88D9042DEABB865","PR41198068834BC9D4A974B9EB88D9042DEABB865"
"540","PR-4119806-7247CF10A4E443419004F6B12360D427","AT","PR","4119806","7247CF10A4E443419004F6B12360D427","PR41198067247CF10A4E443419004F6B12360D427"
"541","PR-4119806-F69D39D6465347978F8E780420179949","AT","PR","4119806","F69D39D6465347978F8E780420179949","PR4119806F69D39D6465347978F8E780420179949"
"542","PR-4119806-0DDBF462322141C6BE092EF55AA9FD21","AT","PR","4119806","0DDBF462322141C6BE092EF55AA9FD21","PR41198060DDBF462322141C6BE092EF55AA9FD21"
"543","PR-4119806-B312E01E26964FDA91FF630699C33B09","AT","PR","4119806","B312E01E26964FDA91FF630699C33B09","PR4119806B312E01E26964FDA91FF630699C33B09"
"544","PR-4119806-4D979740B9FE4A8C84F06A4B30FD7EE9","AT","PR","4119806","4D979740B9FE4A8C84F06A4B30FD7EE9","PR41198064D979740B9FE4A8C84F06A4B30FD7EE9"
"545","PR-4119806-279FDF63A7604A9B89F5925EAC18561B","AT","PR","4119806","279FDF63A7604A9B89F5925EAC18561B","PR4119806279FDF63A7604A9B89F5925EAC18561B"
"546","PR-4119806-3B9BC7AEB0C547DAA0C01B876082CB5B","AT","PR","4119806","3B9BC7AEB0C547DAA0C01B876082CB5B","PR41198063B9BC7AEB0C547DAA0C01B876082CB5B"
"547","PR-4119806-39C7815D64124F5F94034D977174E8FD","AT","PR","4119806","39C7815D64124F5F94034D977174E8FD","PR411980639C7815D64124F5F94034D977174E8FD"
"548","PR-4119806-215CE95D7839403CBE213CD898E222D6","AT","PR","4119806","215CE95D7839403CBE213CD898E222D6","PR4119806215CE95D7839403CBE213CD898E222D6"
"549","PR-4119806-6777D0D3F5FD419981D58FE00E55441A","AT","PR","4119806","6777D0D3F5FD419981D58FE00E55441A","PR41198066777D0D3F5FD419981D58FE00E55441A"
"550","PR-4119806-F6AE33DD62F44C5CBB74C19967FF2331","AT","PR","4119806","F6AE33DD62F44C5CBB74C19967FF2331","PR4119806F6AE33DD62F44C5CBB74C19967FF2331"
"551","PR-4119806-59E800C7C4DF4482A4237860D120D340","AT","PR","4119806","59E800C7C4DF4482A4237860D120D340","PR411980659E800C7C4DF4482A4237860D120D340"
"552","PR-4119806-4BE3DB80365A4161871EDA22278C5A14","AT","PR","4119806","4BE3DB80365A4161871EDA22278C5A14","PR41198064BE3DB80365A4161871EDA22278C5A14"
"553","PR-4119806-01DE102CBC764792A64B605BEE01C08D","AT","PR","4119806","01DE102CBC764792A64B605BEE01C08D","PR411980601DE102CBC764792A64B605BEE01C08D"
"554","PR-4119806-2335BC45E9D64AA98F3E5A6CA3CBCCB0","AT","PR","4119806","2335BC45E9D64AA98F3E5A6CA3CBCCB0","PR41198062335BC45E9D64AA98F3E5A6CA3CBCCB0"
"555","PR-4119806-B0C4AF6E81E94A76A3881B5B856AFFBD","AT","PR","4119806","B0C4AF6E81E94A76A3881B5B856AFFBD","PR4119806B0C4AF6E81E94A76A3881B5B856AFFBD"
"556","PR-4119806-54DE3040DE394A4CB248D6BA991DDF23","AT","PR","4119806","54DE3040DE394A4CB248D6BA991DDF23","PR411980654DE3040DE394A4CB248D6BA991DDF23"
"557","PR-4119806-874F0E2614494047B3C3CF7CAA6AAF62","AT","PR","4119806","874F0E2614494047B3C3CF7CAA6AAF62","PR4119806874F0E2614494047B3C3CF7CAA6AAF62"
"558","PR-4119806-E1A75AC6BF9B4D99BDA990CA115A63B3","AT","PR","4119806","E1A75AC6BF9B4D99BDA990CA115A63B3","PR4119806E1A75AC6BF9B4D99BDA990CA115A63B3"
"559","PR-4119806-1C6E793BE5C146778012A44ACA467E14","AT","PR","4119806","1C6E793BE5C146778012A44ACA467E14","PR41198061C6E793BE5C146778012A44ACA467E14"
"560","PR-4119806-8339AECA659E410BB0CD2A10AB500FB3","AT","PR","4119806","8339AECA659E410BB0CD2A10AB500FB3","PR41198068339AECA659E410BB0CD2A10AB500FB3"
"561","PR-4119806-959C0C6EF9D34476B0EE5D05384FB2C4","AT","PR","4119806","959C0C6EF9D34476B0EE5D05384FB2C4","PR4119806959C0C6EF9D34476B0EE5D05384FB2C4"
"562","PR-4119806-2408C4D0F126494CB5BA6F7AB34AA379","AT","PR","4119806","2408C4D0F126494CB5BA6F7AB34AA379","PR41198062408C4D0F126494CB5BA6F7AB34AA379"
"563","PR-4119806-6D9D93EA6F2E4B93B4376F1132655C78","AT","PR","4119806","6D9D93EA6F2E4B93B4376F1132655C78","PR41198066D9D93EA6F2E4B93B4376F1132655C78"
"564","PR-4119806-3828197F78BF4F8CAA84D6696DF3D511","AT","PR","4119806","3828197F78BF4F8CAA84D6696DF3D511","PR41198063828197F78BF4F8CAA84D6696DF3D511"
"565","PR-4119806-B111AECCB4E4432F9D1F7D6D9409B392","AT","PR","4119806","B111AECCB4E4432F9D1F7D6D9409B392","PR4119806B111AECCB4E4432F9D1F7D6D9409B392"
"566","PR-4119806-B8DE6731C8E04CF0B0D89090255EFCD6","AT","PR","4119806","B8DE6731C8E04CF0B0D89090255EFCD6","PR4119806B8DE6731C8E04CF0B0D89090255EFCD6"
"567","PR-4119806-0D0FE6A7A6A545999B061D68247B24C2","AT","PR","4119806","0D0FE6A7A6A545999B061D68247B24C2","PR41198060D0FE6A7A6A545999B061D68247B24C2"
"568","PR-4119806-ECAE7438CFC04C31B865BE216DB0DC3D","AT","PR","4119806","ECAE7438CFC04C31B865BE216DB0DC3D","PR4119806ECAE7438CFC04C31B865BE216DB0DC3D"
"569","PR-4119806-101A7D858D6749248E4ED76DE51DC95D","AT","PR","4119806","101A7D858D6749248E4ED76DE51DC95D","PR4119806101A7D858D6749248E4ED76DE51DC95D"
"570","PR-4119806-02BCCB32E7F24C389EC7CC8C3E7F3156","AT","PR","4119806","02BCCB32E7F24C389EC7CC8C3E7F3156","PR411980602BCCB32E7F24C389EC7CC8C3E7F3156"
"571","PR-4119806-E077B580458349CB8F7087BEE93CB600","AT","PR","4119806","E077B580458349CB8F7087BEE93CB600","PR4119806E077B580458349CB8F7087BEE93CB600"
"572","PR-4119806-03B31E2C3611422BB623E790B1365191","AT","PR","4119806","03B31E2C3611422BB623E790B1365191","PR411980603B31E2C3611422BB623E790B1365191"
"573","PR-4119806-0C7B4D1D78BA4A09BC9354266022FE5F","AT","PR","4119806","0C7B4D1D78BA4A09BC9354266022FE5F","PR41198060C7B4D1D78BA4A09BC9354266022FE5F"
"574","PR-4119806-4070F31FD4B641D3BE77CF2360B88AC9","AT","PR","4119806","4070F31FD4B641D3BE77CF2360B88AC9","PR41198064070F31FD4B641D3BE77CF2360B88AC9"
"575","PR-4119806-6BA09E898D6C4D86BDD42E168077B132","AT","PR","4119806","6BA09E898D6C4D86BDD42E168077B132","PR41198066BA09E898D6C4D86BDD42E168077B132"
"576","PR-4119806-7DD33122206C450B8649D78B5E6FEE3E","AT","PR","4119806","7DD33122206C450B8649D78B5E6FEE3E","PR41198067DD33122206C450B8649D78B5E6FEE3E"
"577","PR-4119806-B465505C7DEE44958334B5C85F76D5D6","AT","PR","4119806","B465505C7DEE44958334B5C85F76D5D6","PR4119806B465505C7DEE44958334B5C85F76D5D6"
"578","PR-4119806-1364CFA11F5943D583DEAF5AD2560320","AT","PR","4119806","1364CFA11F5943D583DEAF5AD2560320","PR41198061364CFA11F5943D583DEAF5AD2560320"
"579","PR-4119806-D33EDF9085834EA2B251D42F6B9FDB96","AT","PR","4119806","D33EDF9085834EA2B251D42F6B9FDB96","PR4119806D33EDF9085834EA2B251D42F6B9FDB96"
"580","PR-4119806-131DDA2E578141CAB5038E381D6A630A","AT","PR","4119806","131DDA2E578141CAB5038E381D6A630A","PR4119806131DDA2E578141CAB5038E381D6A630A"
"581","PR-4119806-BE95FBFEA9D8433795DB929667882CB9","AT","PR","4119806","BE95FBFEA9D8433795DB929667882CB9","PR4119806BE95FBFEA9D8433795DB929667882CB9"
"582","PR-4119806-E786B1E1550B470F885A69F1217B4DA8","AT","PR","4119806","E786B1E1550B470F885A69F1217B4DA8","PR4119806E786B1E1550B470F885A69F1217B4DA8"
"583","PR-4119806-7890C5739C8544189AD2C09ACCB46E28","AT","PR","4119806","7890C5739C8544189AD2C09ACCB46E28","PR41198067890C5739C8544189AD2C09ACCB46E28"
"584","PR-4119806-4452105678AB4DC49EA08877632FDBFC","AT","PR","4119806","4452105678AB4DC49EA08877632FDBFC","PR41198064452105678AB4DC49EA08877632FDBFC"
"585","PR-4119806-23FDF365C16641E399F76EF3BDE4B950","AT","PR","4119806","23FDF365C16641E399F76EF3BDE4B950","PR411980623FDF365C16641E399F76EF3BDE4B950"
"586","PR-4119806-089CFCCA9E954BE5AB926B4DCF913937","AT","PR","4119806","089CFCCA9E954BE5AB926B4DCF913937","PR4119806089CFCCA9E954BE5AB926B4DCF913937"
"587","PR-4119806-3F3E66E5B2564671BC605D401B13A041","AT","PR","4119806","3F3E66E5B2564671BC605D401B13A041","PR41198063F3E66E5B2564671BC605D401B13A041"
"588","PR-4119806-535F5BA2A8234D5DB96B65A16C5EA9C5","AT","PR","4119806","535F5BA2A8234D5DB96B65A16C5EA9C5","PR4119806535F5BA2A8234D5DB96B65A16C5EA9C5"
"589","PR-4119806-D2B8FF68351943B3893F4FEA5E5FBEA9","AT","PR","4119806","D2B8FF68351943B3893F4FEA5E5FBEA9","PR4119806D2B8FF68351943B3893F4FEA5E5FBEA9"
"590","PR-4119806-7CFE0D47AF1E48708EDCE99099BAA68B","AT","PR","4119806","7CFE0D47AF1E48708EDCE99099BAA68B","PR41198067CFE0D47AF1E48708EDCE99099BAA68B"
"591","PR-4119806-633312C336EA493581EEFEF4AE4FE15B","AT","PR","4119806","633312C336EA493581EEFEF4AE4FE15B","PR4119806633312C336EA493581EEFEF4AE4FE15B"
"592","PR-4119806-D37A6056312E4E169B089E7D9FBF3063","AT","PR","4119806","D37A6056312E4E169B089E7D9FBF3063","PR4119806D37A6056312E4E169B089E7D9FBF3063"
"593","PR-4119806-E8FDA0BA864440BB8E0304369C078E54","AT","PR","4119806","E8FDA0BA864440BB8E0304369C078E54","PR4119806E8FDA0BA864440BB8E0304369C078E54"
"594","PR-4119806-82112B442FAF43C682BE188C821CDD83","AT","PR","4119806","82112B442FAF43C682BE188C821CDD83","PR411980682112B442FAF43C682BE188C821CDD83"
"595","PR-4119806-1B2582691A8C43E0877EFE71B5F4A40B","AT","PR","4119806","1B2582691A8C43E0877EFE71B5F4A40B","PR41198061B2582691A8C43E0877EFE71B5F4A40B"
"596","PR-4119806-8CCA5C1DE51E45F3BFAAF9438EABD5D8","AT","PR","4119806","8CCA5C1DE51E45F3BFAAF9438EABD5D8","PR41198068CCA5C1DE51E45F3BFAAF9438EABD5D8"
"597","PR-4119806-7028CE6F78FF454094F0C81727CF8405","AT","PR","4119806","7028CE6F78FF454094F0C81727CF8405","PR41198067028CE6F78FF454094F0C81727CF8405"
"598","PR-4119806-8925185CB1D2485CA0EE13090B0E5368","AT","PR","4119806","8925185CB1D2485CA0EE13090B0E5368","PR41198068925185CB1D2485CA0EE13090B0E5368"
"599","PR-4119806-53FE084CA8484959807AF86C310E544A","AT","PR","4119806","53FE084CA8484959807AF86C310E544A","PR411980653FE084CA8484959807AF86C310E544A"
"600","PR-4119806-7681CB1BD9424B87B6D4036D6B8BF62B","AT","PR","4119806","7681CB1BD9424B87B6D4036D6B8BF62B","PR41198067681CB1BD9424B87B6D4036D6B8BF62B"
"601","PR-4119806-A1A30694902C48F396D0880BEF91F47C","AT","PR","4119806","A1A30694902C48F396D0880BEF91F47C","PR4119806A1A30694902C48F396D0880BEF91F47C"
"602","PR-4119806-1F973A3FCC44497A9377DEEA2B719C13","AT","PR","4119806","1F973A3FCC44497A9377DEEA2B719C13","PR41198061F973A3FCC44497A9377DEEA2B719C13"
"603","PR-4119806-9189AF6EE60643D4B6BC2FD1E1F003E9","AT","PR","4119806","9189AF6EE60643D4B6BC2FD1E1F003E9","PR41198069189AF6EE60643D4B6BC2FD1E1F003E9"
"604","PR-4119806-B023395A21C9492FAA84E5CE2F4E9DB0","AT","PR","4119806","B023395A21C9492FAA84E5CE2F4E9DB0","PR4119806B023395A21C9492FAA84E5CE2F4E9DB0"
"605","PR-4119806-70793D7EDD924DF5BB7BAF947A56A72C","AT","PR","4119806","70793D7EDD924DF5BB7BAF947A56A72C","PR411980670793D7EDD924DF5BB7BAF947A56A72C"
"606","PR-4119806-CCA290D166F14C6C9F5E530608273552","AT","PR","4119806","CCA290D166F14C6C9F5E530608273552","PR4119806CCA290D166F14C6C9F5E530608273552"
"607","PR-4119806-54E63559E520403E972045D36B8DC669","AT","PR","4119806","54E63559E520403E972045D36B8DC669","PR411980654E63559E520403E972045D36B8DC669"
"608","PR-4119806-A522D0E490B44D2CB5759666CA23FCE4","AT","PR","4119806","A522D0E490B44D2CB5759666CA23FCE4","PR4119806A522D0E490B44D2CB5759666CA23FCE4"
"609","PR-4119806-6B8EFC40E6D44D318A9CC90E1FF261EA","AT","PR","4119806","6B8EFC40E6D44D318A9CC90E1FF261EA","PR41198066B8EFC40E6D44D318A9CC90E1FF261EA"
"610","PR-4119806-102242BFCE864D72AEE70BF6C7D52BE0","AT","PR","4119806","102242BFCE864D72AEE70BF6C7D52BE0","PR4119806102242BFCE864D72AEE70BF6C7D52BE0"
"611","PR-4119806-E846F95FDF7040F495536BDFAF246E9C","AT","PR","4119806","E846F95FDF7040F495536BDFAF246E9C","PR4119806E846F95FDF7040F495536BDFAF246E9C"
"612","PR-4119806-FCE32EA878C24877AF14C48504AEC760","AT","PR","4119806","FCE32EA878C24877AF14C48504AEC760","PR4119806FCE32EA878C24877AF14C48504AEC760"
"613","PR-4119806-E0A0DE1237E44A318509F0DADF317E4C","AT","PR","4119806","E0A0DE1237E44A318509F0DADF317E4C","PR4119806E0A0DE1237E44A318509F0DADF317E4C"
"614","PR-4119806-B222DC80BDB14758BF2A3B193F324087","AT","PR","4119806","B222DC80BDB14758BF2A3B193F324087","PR4119806B222DC80BDB14758BF2A3B193F324087"
"615","PR-4119806-9693B79AB1A544CC9E5A0AE3D2FAA248","AT","PR","4119806","9693B79AB1A544CC9E5A0AE3D2FAA248","PR41198069693B79AB1A544CC9E5A0AE3D2FAA248"
"616","PR-4119806-24CE1FAE565F4D03ADD3177CEA9389B5","AT","PR","4119806","24CE1FAE565F4D03ADD3177CEA9389B5","PR411980624CE1FAE565F4D03ADD3177CEA9389B5"
"617","PR-4119806-1B5A1A8EFD1D4FEA9321F6629167A56E","AT","PR","4119806","1B5A1A8EFD1D4FEA9321F6629167A56E","PR41198061B5A1A8EFD1D4FEA9321F6629167A56E"
"618","PR-4119806-CC3C40F2172C48D99EEEB1A3A3915250","AT","PR","4119806","CC3C40F2172C48D99EEEB1A3A3915250","PR4119806CC3C40F2172C48D99EEEB1A3A3915250"
"619","PR-4119806-27BC13A5D13A4F74A05E8639230B7758","AT","PR","4119806","27BC13A5D13A4F74A05E8639230B7758","PR411980627BC13A5D13A4F74A05E8639230B7758"
"620","PR-4119806-A14DD97B8DB7422FB0EE1E302E2A2804","AT","PR","4119806","A14DD97B8DB7422FB0EE1E302E2A2804","PR4119806A14DD97B8DB7422FB0EE1E302E2A2804"
"621","PR-4119806-B497954DCAD247A7BB31F1A6CE0DABEE","AT","PR","4119806","B497954DCAD247A7BB31F1A6CE0DABEE","PR4119806B497954DCAD247A7BB31F1A6CE0DABEE"
"622","PR-4119806-60A011F6F3B8443588042A16A11AB8EA","AT","PR","4119806","60A011F6F3B8443588042A16A11AB8EA","PR411980660A011F6F3B8443588042A16A11AB8EA"
"623","PR-4119806-9B8CD4DECD5D42428F1A7397A1F7DD33","AT","PR","4119806","9B8CD4DECD5D42428F1A7397A1F7DD33","PR41198069B8CD4DECD5D42428F1A7397A1F7DD33"
"624","PR-4119806-25966A9C210A49C7B37A98B0D66B5F7A","AT","PR","4119806","25966A9C210A49C7B37A98B0D66B5F7A","PR411980625966A9C210A49C7B37A98B0D66B5F7A"
"625","PR-4119806-B8EF1E50487A4BA5928DF6215E1868B8","AT","PR","4119806","B8EF1E50487A4BA5928DF6215E1868B8","PR4119806B8EF1E50487A4BA5928DF6215E1868B8"
"626","PR-4119806-4212D6EBB5BE4C21831976B8D55743A1","AT","PR","4119806","4212D6EBB5BE4C21831976B8D55743A1","PR41198064212D6EBB5BE4C21831976B8D55743A1"
"627","PR-4119806-D0EED1E95E5C4C05BB381C4D45E072F1","AT","PR","4119806","D0EED1E95E5C4C05BB381C4D45E072F1","PR4119806D0EED1E95E5C4C05BB381C4D45E072F1"
"628","PR-4119806-98D75A19C54F42CAA5B698AC6589EF55","AT","PR","4119806","98D75A19C54F42CAA5B698AC6589EF55","PR411980698D75A19C54F42CAA5B698AC6589EF55"
"629","PR-4119806-8EAF80DDEC1B4229AFD3D5B06803F49C","AT","PR","4119806","8EAF80DDEC1B4229AFD3D5B06803F49C","PR41198068EAF80DDEC1B4229AFD3D5B06803F49C"
"630","PR-4119806-78A065F8435A4A6D8C15C4D814DB7577","AT","PR","4119806","78A065F8435A4A6D8C15C4D814DB7577","PR411980678A065F8435A4A6D8C15C4D814DB7577"
"631","PR-4119806-BB844E1EF7AE45C2B0A01D9699D2E8B5","AT","PR","4119806","BB844E1EF7AE45C2B0A01D9699D2E8B5","PR4119806BB844E1EF7AE45C2B0A01D9699D2E8B5"
"632","PR-4119806-AC0CCAB3A2E64F46840F75A857D13F74","AT","PR","4119806","AC0CCAB3A2E64F46840F75A857D13F74","PR4119806AC0CCAB3A2E64F46840F75A857D13F74"
"633","PR-4119806-9E861DAE61174D6DBFAD77E458EC8CCB","AT","PR","4119806","9E861DAE61174D6DBFAD77E458EC8CCB","PR41198069E861DAE61174D6DBFAD77E458EC8CCB"
"634","PR-4119806-0A3E215A9D314394A985093D8D9C289D","AT","PR","4119806","0A3E215A9D314394A985093D8D9C289D","PR41198060A3E215A9D314394A985093D8D9C289D"
"635","PR-4119806-564747DAD369417CA160BFE749B29DC6","CA","PR","4119806","564747DAD369417CA160BFE749B29DC6","PR4119806564747DAD369417CA160BFE749B29DC6"
"636","PR-4119806-A86771FFF7E0451C9BACA15450862414","CA","PR","4119806","A86771FFF7E0451C9BACA15450862414","PR4119806A86771FFF7E0451C9BACA15450862414"
"637","PR-4119806-647A49E3B1ED42A6A85CBBDE9AF82515","CA","PR","4119806","647A49E3B1ED42A6A85CBBDE9AF82515","PR4119806647A49E3B1ED42A6A85CBBDE9AF82515"
"638","PR-4119806-176E7F3F8B9A4277AF09F5247B6FAA84","AT","PR","4119806","176E7F3F8B9A4277AF09F5247B6FAA84","PR4119806176E7F3F8B9A4277AF09F5247B6FAA84"
"639","PR-4119806-1B489B45CBC742189AACDD1439231787","AT","PR","4119806","1B489B45CBC742189AACDD1439231787","PR41198061B489B45CBC742189AACDD1439231787"
"640","PR-4119806-3C6C605D26FC479393F638A4F3C8505F","AT","PR","4119806","3C6C605D26FC479393F638A4F3C8505F","PR41198063C6C605D26FC479393F638A4F3C8505F"
"641","PR-4119806-0C28EB1C00E446CC8E428DC54F462732","AT","PR","4119806","0C28EB1C00E446CC8E428DC54F462732","PR41198060C28EB1C00E446CC8E428DC54F462732"
"642","PR-4119806-1CAC6CAB426B425A9EE45FD7565E6901","AT","PR","4119806","1CAC6CAB426B425A9EE45FD7565E6901","PR41198061CAC6CAB426B425A9EE45FD7565E6901"
"643","PR-4119806-5D9D374D877B45BA9CD63369551B6663","AT","PR","4119806","5D9D374D877B45BA9CD63369551B6663","PR41198065D9D374D877B45BA9CD63369551B6663"
"644","PR-4119806-050BFE0E120B4683ABA8356BD45ECE1C","AT","PR","4119806","050BFE0E120B4683ABA8356BD45ECE1C","PR4119806050BFE0E120B4683ABA8356BD45ECE1C"
"645","PR-4119806-DA3483BD29E948F28551DEB92EC7FF0B","AT","PR","4119806","DA3483BD29E948F28551DEB92EC7FF0B","PR4119806DA3483BD29E948F28551DEB92EC7FF0B"
"646","PR-4119806-F6F2960F598643CD83004F6793DA7307","AT","PR","4119806","F6F2960F598643CD83004F6793DA7307","PR4119806F6F2960F598643CD83004F6793DA7307"
"647","PR-4119806-F26841F8E5BA4D348EB127C2011FD7A5","AT","PR","4119806","F26841F8E5BA4D348EB127C2011FD7A5","PR4119806F26841F8E5BA4D348EB127C2011FD7A5"
"648","PR-4119806-EA785A62EAAC4DA8A34591A43C523ED4","AT","PR","4119806","EA785A62EAAC4DA8A34591A43C523ED4","PR4119806EA785A62EAAC4DA8A34591A43C523ED4"
"649","PR-4119806-5C4F766E088C4573A6C83D5A0F32DA26","AT","PR","4119806","5C4F766E088C4573A6C83D5A0F32DA26","PR41198065C4F766E088C4573A6C83D5A0F32DA26"
"650","PR-4119806-5BB7E9E57A504E9A91E749E16446496D","AT","PR","4119806","5BB7E9E57A504E9A91E749E16446496D","PR41198065BB7E9E57A504E9A91E749E16446496D"
"651","PR-4119806-C1C6EBEF8EDF4DB3BBF6092FEC8636FC","AT","PR","4119806","C1C6EBEF8EDF4DB3BBF6092FEC8636FC","PR4119806C1C6EBEF8EDF4DB3BBF6092FEC8636FC"
"652","PR-4119806-5C93914FB0C64596B0242C303D3E33CE","AT","PR","4119806","5C93914FB0C64596B0242C303D3E33CE","PR41198065C93914FB0C64596B0242C303D3E33CE"
"653","PR-4119806-BAA530560D56475392610C4020EE7878","AT","PR","4119806","BAA530560D56475392610C4020EE7878","PR4119806BAA530560D56475392610C4020EE7878"
"654","PR-4119806-ED5FB5BE9401484D84F3A390FA3904D7","AT","PR","4119806","ED5FB5BE9401484D84F3A390FA3904D7","PR4119806ED5FB5BE9401484D84F3A390FA3904D7"
"655","PR-4119806-A20DB049F8DB4DB69D5335351A9BFE06","AT","PR","4119806","A20DB049F8DB4DB69D5335351A9BFE06","PR4119806A20DB049F8DB4DB69D5335351A9BFE06"
"656","PR-4119806-286B3E473B39450BA3CC82FB19E6AA25","AT","PR","4119806","286B3E473B39450BA3CC82FB19E6AA25","PR4119806286B3E473B39450BA3CC82FB19E6AA25"
"657","PR-4119806-D0DA91ADDF5E4DFFB3A3F662D5EF53DD","AT","PR","4119806","D0DA91ADDF5E4DFFB3A3F662D5EF53DD","PR4119806D0DA91ADDF5E4DFFB3A3F662D5EF53DD"
"658","PR-4119806-586D1CE44393410BBE565233006AAE06","AT","PR","4119806","586D1CE44393410BBE565233006AAE06","PR4119806586D1CE44393410BBE565233006AAE06"
"659","PR-4119806-3565ED0D123341828B114BE5ED5F01DA","AT","PR","4119806","3565ED0D123341828B114BE5ED5F01DA","PR41198063565ED0D123341828B114BE5ED5F01DA"
"660","PR-4119806-EADAD70C19824AE3A555541E4B667432","AT","PR","4119806","EADAD70C19824AE3A555541E4B667432","PR4119806EADAD70C19824AE3A555541E4B667432"
"661","PR-4119806-829C1C1A55E74F6D8B0DFF9517BDC6F7","AT","PR","4119806","829C1C1A55E74F6D8B0DFF9517BDC6F7","PR4119806829C1C1A55E74F6D8B0DFF9517BDC6F7"
"662","PR-4119806-955188BCCC0E42F5AB40D84FA3BDCD0A","AT","PR","4119806","955188BCCC0E42F5AB40D84FA3BDCD0A","PR4119806955188BCCC0E42F5AB40D84FA3BDCD0A"
"663","PR-4119806-5FD956E5281A4A79A580D4FE4F5F5E8E","AT","PR","4119806","5FD956E5281A4A79A580D4FE4F5F5E8E","PR41198065FD956E5281A4A79A580D4FE4F5F5E8E"
"664","PR-4119806-1CA363FEC0964EAF888A7044904AE1A7","AT","PR","4119806","1CA363FEC0964EAF888A7044904AE1A7","PR41198061CA363FEC0964EAF888A7044904AE1A7"
"665","PR-4119806-22BB538B52654F3BAD3BD84781BF0165","AT","PR","4119806","22BB538B52654F3BAD3BD84781BF0165","PR411980622BB538B52654F3BAD3BD84781BF0165"
"666","PR-4119806-F11176C450BF4F19BECD7D35C810BA9A","AT","PR","4119806","F11176C450BF4F19BECD7D35C810BA9A","PR4119806F11176C450BF4F19BECD7D35C810BA9A"
"667","PR-4119806-1C0391C9A21B46D0A39713013650198F","AT","PR","4119806","1C0391C9A21B46D0A39713013650198F","PR41198061C0391C9A21B46D0A39713013650198F"
"668","PR-4119806-994F6391AD884878B5658F6BE95294BC","AT","PR","4119806","994F6391AD884878B5658F6BE95294BC","PR4119806994F6391AD884878B5658F6BE95294BC"
"669","PR-4119806-3FC5059999F64B9CBDA0F45D43CC3853","AT","PR","4119806","3FC5059999F64B9CBDA0F45D43CC3853","PR41198063FC5059999F64B9CBDA0F45D43CC3853"
"670","PR-4119806-6AB3FDE52C8E4F3BB224072AFE8B66D2","AT","PR","4119806","6AB3FDE52C8E4F3BB224072AFE8B66D2","PR41198066AB3FDE52C8E4F3BB224072AFE8B66D2"
"671","PR-4119806-E99EA6A5BA374546A02CB17E9B657D29","AT","PR","4119806","E99EA6A5BA374546A02CB17E9B657D29","PR4119806E99EA6A5BA374546A02CB17E9B657D29"
"672","PR-4119806-E5344FAFBAFD424BBA1A0D93B4780AB7","AT","PR","4119806","E5344FAFBAFD424BBA1A0D93B4780AB7","PR4119806E5344FAFBAFD424BBA1A0D93B4780AB7"
"673","PR-4119806-2F32D02024ED4FEA99318AE8E333EEAD","AT","PR","4119806","2F32D02024ED4FEA99318AE8E333EEAD","PR41198062F32D02024ED4FEA99318AE8E333EEAD"
"674","PR-4119806-AEB45509395C48A7A6BD7695AE4C455D","AT","PR","4119806","AEB45509395C48A7A6BD7695AE4C455D","PR4119806AEB45509395C48A7A6BD7695AE4C455D"
"675","PR-4119806-25E915635F664E9C9BBB4EBF978935AF","AT","PR","4119806","25E915635F664E9C9BBB4EBF978935AF","PR411980625E915635F664E9C9BBB4EBF978935AF"
"676","PR-4119806-9708D2E8C0D149DFA3645C101E09C8D3","AT","PR","4119806","9708D2E8C0D149DFA3645C101E09C8D3","PR41198069708D2E8C0D149DFA3645C101E09C8D3"
"677","PR-4119806-9174F905833E4D51AE12DBC49021D35C","AT","PR","4119806","9174F905833E4D51AE12DBC49021D35C","PR41198069174F905833E4D51AE12DBC49021D35C"
"678","PR-4119806-5FF6A669137642F78C232A5C9FBDBA8A","AT","PR","4119806","5FF6A669137642F78C232A5C9FBDBA8A","PR41198065FF6A669137642F78C232A5C9FBDBA8A"
"679","PR-4119806-E8CB89540BE64BE4BF0505C9B18730BC","AT","PR","4119806","E8CB89540BE64BE4BF0505C9B18730BC","PR4119806E8CB89540BE64BE4BF0505C9B18730BC"
"680","PR-4119806-1B141B1FA96D48319D1FF13DF23C0BA1","AT","PR","4119806","1B141B1FA96D48319D1FF13DF23C0BA1","PR41198061B141B1FA96D48319D1FF13DF23C0BA1"
"681","PR-4119806-4E77D42FE81C44239519C9ABC7562F2E","AT","PR","4119806","4E77D42FE81C44239519C9ABC7562F2E","PR41198064E77D42FE81C44239519C9ABC7562F2E"
"682","PR-4119806-DF52236062354C318413E149CDBE5050","AT","PR","4119806","DF52236062354C318413E149CDBE5050","PR4119806DF52236062354C318413E149CDBE5050"
"683","PR-4119806-91095202F75F4BB6BC640235B488FA9F","AT","PR","4119806","91095202F75F4BB6BC640235B488FA9F","PR411980691095202F75F4BB6BC640235B488FA9F"
"684","PR-4119806-49F106890EF0457C99179D4B253A9EBE","AT","PR","4119806","49F106890EF0457C99179D4B253A9EBE","PR411980649F106890EF0457C99179D4B253A9EBE"
"685","PR-4119806-B3D789A7664E407E942347E2F7B991C5","AT","PR","4119806","B3D789A7664E407E942347E2F7B991C5","PR4119806B3D789A7664E407E942347E2F7B991C5"
"686","PR-4119806-B4986CF24DCC4224A123333D12C2D49A","AT","PR","4119806","B4986CF24DCC4224A123333D12C2D49A","PR4119806B4986CF24DCC4224A123333D12C2D49A"
"687","PR-4119806-D96005A3E98441C7BADF7F418EAF84A5","AT","PR","4119806","D96005A3E98441C7BADF7F418EAF84A5","PR4119806D96005A3E98441C7BADF7F418EAF84A5"
"688","PR-4119806-E9E3C85B23074CFB8CFA03CA175E01C7","AT","PR","4119806","E9E3C85B23074CFB8CFA03CA175E01C7","PR4119806E9E3C85B23074CFB8CFA03CA175E01C7"
"689","PR-4119806-F44809C0117747DBB4DD95DEDF7FF2C7","AT","PR","4119806","F44809C0117747DBB4DD95DEDF7FF2C7","PR4119806F44809C0117747DBB4DD95DEDF7FF2C7"
"690","PR-4119806-009293F87A1D4AD69147FADEA2BAA7B7","AT","PR","4119806","009293F87A1D4AD69147FADEA2BAA7B7","PR4119806009293F87A1D4AD69147FADEA2BAA7B7"
"691","PR-4119806-6641132B6723458FA88BD8F2192A6121","AT","PR","4119806","6641132B6723458FA88BD8F2192A6121","PR41198066641132B6723458FA88BD8F2192A6121"
"692","PR-4119806-F503D2561A35461FA979A302F46B6D76","AT","PR","4119806","F503D2561A35461FA979A302F46B6D76","PR4119806F503D2561A35461FA979A302F46B6D76"
"693","PR-4119806-025E956A76BD49FDAEC05DFF36CA0ADF","AT","PR","4119806","025E956A76BD49FDAEC05DFF36CA0ADF","PR4119806025E956A76BD49FDAEC05DFF36CA0ADF"
"694","PR-4119806-55AD23559415480C92F8C1B8E4A0AE6A","AT","PR","4119806","55AD23559415480C92F8C1B8E4A0AE6A","PR411980655AD23559415480C92F8C1B8E4A0AE6A"
"695","PR-4119806-F58F5F30B7554821B8DF7C9E4B8674CE","AT","PR","4119806","F58F5F30B7554821B8DF7C9E4B8674CE","PR4119806F58F5F30B7554821B8DF7C9E4B8674CE"
"696","PR-4119806-6234AAEA9D4A465EB1DBBE3CB87F1E52","AT","PR","4119806","6234AAEA9D4A465EB1DBBE3CB87F1E52","PR41198066234AAEA9D4A465EB1DBBE3CB87F1E52"
"697","PR-4119806-21D7AC22B4A14AD8A89C8BBBC59BD1A1","AT","PR","4119806","21D7AC22B4A14AD8A89C8BBBC59BD1A1","PR411980621D7AC22B4A14AD8A89C8BBBC59BD1A1"
"698","PR-4119806-6EA372420790497798CE9E3DF0B67B51","AT","PR","4119806","6EA372420790497798CE9E3DF0B67B51","PR41198066EA372420790497798CE9E3DF0B67B51"
"699","PR-4119806-D997A09796AC43F2BEB5DD656ABE6134","AT","PR","4119806","D997A09796AC43F2BEB5DD656ABE6134","PR4119806D997A09796AC43F2BEB5DD656ABE6134"
"700","PR-4119806-D4EE8DD99B5D4DAE83C89F51D53A0A86","AT","PR","4119806","D4EE8DD99B5D4DAE83C89F51D53A0A86","PR4119806D4EE8DD99B5D4DAE83C89F51D53A0A86"
"701","PR-4119806-4107379746B54E139B00B4951E9EB732","AT","PR","4119806","4107379746B54E139B00B4951E9EB732","PR41198064107379746B54E139B00B4951E9EB732"
"702","PR-4119806-9E7CE9A0D34144089DBA9AA035CBA81E","AT","PR","4119806","9E7CE9A0D34144089DBA9AA035CBA81E","PR41198069E7CE9A0D34144089DBA9AA035CBA81E"
"703","PR-4119806-B67973CAF61647599D7F64D715922B03","AT","PR","4119806","B67973CAF61647599D7F64D715922B03","PR4119806B67973CAF61647599D7F64D715922B03"
"704","PR-4119806-77EBA1BC965A44B79B37065AC0CBC6D7","AT","PR","4119806","77EBA1BC965A44B79B37065AC0CBC6D7","PR411980677EBA1BC965A44B79B37065AC0CBC6D7"
"705","PR-4119806-9E98279C17794EC5B6A1FE8AE2F641C6","AT","PR","4119806","9E98279C17794EC5B6A1FE8AE2F641C6","PR41198069E98279C17794EC5B6A1FE8AE2F641C6"
"706","PR-4119806-E52BCD16F37044AA9EDED0B0721D7D8E","AT","PR","4119806","E52BCD16F37044AA9EDED0B0721D7D8E","PR4119806E52BCD16F37044AA9EDED0B0721D7D8E"
"707","PR-4119806-B17120D4AA8A41D99BCB6A3957860B1D","AT","PR","4119806","B17120D4AA8A41D99BCB6A3957860B1D","PR4119806B17120D4AA8A41D99BCB6A3957860B1D"
"708","PR-4119806-61036BBD5D494526882E0B645706189F","AT","PR","4119806","61036BBD5D494526882E0B645706189F","PR411980661036BBD5D494526882E0B645706189F"
"709","PR-4119806-FF1645F890F84AC786ABD2F6C2DBB0F2","AT","PR","4119806","FF1645F890F84AC786ABD2F6C2DBB0F2","PR4119806FF1645F890F84AC786ABD2F6C2DBB0F2"
"710","PR-4119806-F6C1AF3C72054FB7BFD7CDBC1C112A92","AT","PR","4119806","F6C1AF3C72054FB7BFD7CDBC1C112A92","PR4119806F6C1AF3C72054FB7BFD7CDBC1C112A92"
"711","PR-4119806-9F2F3DA7851A479E8B21CCDE191A9108","AT","PR","4119806","9F2F3DA7851A479E8B21CCDE191A9108","PR41198069F2F3DA7851A479E8B21CCDE191A9108"
"712","PR-4119806-5B51DF830B0C4EA8AAABB473D95C9BC2","AT","PR","4119806","5B51DF830B0C4EA8AAABB473D95C9BC2","PR41198065B51DF830B0C4EA8AAABB473D95C9BC2"
"713","PR-4119806-56BCC19B871C4284BDA41AD7ABE8D49F","AT","PR","4119806","56BCC19B871C4284BDA41AD7ABE8D49F","PR411980656BCC19B871C4284BDA41AD7ABE8D49F"
"714","PR-4119806-A44FE87B1FE04A258DFAE25F4080C3AF","AT","PR","4119806","A44FE87B1FE04A258DFAE25F4080C3AF","PR4119806A44FE87B1FE04A258DFAE25F4080C3AF"
"715","PR-4119806-7BE4B91168E24A4D84990234E7CA8751","AT","PR","4119806","7BE4B91168E24A4D84990234E7CA8751","PR41198067BE4B91168E24A4D84990234E7CA8751"
"716","PR-4119806-15249BEBFE7A41D28A5F11D747344DA8","CA","PR","4119806","15249BEBFE7A41D28A5F11D747344DA8","PR411980615249BEBFE7A41D28A5F11D747344DA8"
"717","PR-4119806-249B44A7829C44C2A87E5CE1FCFFCE54","AT","PR","4119806","249B44A7829C44C2A87E5CE1FCFFCE54","PR4119806249B44A7829C44C2A87E5CE1FCFFCE54"
"718","PR-4119806-E27336ADD29947859616D282C4F0E753","AT","PR","4119806","E27336ADD29947859616D282C4F0E753","PR4119806E27336ADD29947859616D282C4F0E753"
"719","PR-4119806-8A4E3F006CBA4FCE9574ABA9DABDF51B","AT","PR","4119806","8A4E3F006CBA4FCE9574ABA9DABDF51B","PR41198068A4E3F006CBA4FCE9574ABA9DABDF51B"
"720","PR-4119806-E523B93255C64D8D88428DB8248F456B","AT","PR","4119806","E523B93255C64D8D88428DB8248F456B","PR4119806E523B93255C64D8D88428DB8248F456B"
"721","PR-4119806-8726AFA7FA9E4793B88215F2BC8F197A","AT","PR","4119806","8726AFA7FA9E4793B88215F2BC8F197A","PR41198068726AFA7FA9E4793B88215F2BC8F197A"
"722","PR-4119806-2C863450CDF7449EB9F685BE5CB5BB7E","AT","PR","4119806","2C863450CDF7449EB9F685BE5CB5BB7E","PR41198062C863450CDF7449EB9F685BE5CB5BB7E"
"723","PR-4119806-EFC0B3451D184DE892358AD88A9B26C2","AT","PR","4119806","EFC0B3451D184DE892358AD88A9B26C2","PR4119806EFC0B3451D184DE892358AD88A9B26C2"
"724","PR-4119806-EC1EAE3F3CBC424BBDB18DDD699CEA80","AT","PR","4119806","EC1EAE3F3CBC424BBDB18DDD699CEA80","PR4119806EC1EAE3F3CBC424BBDB18DDD699CEA80"
"725","PR-4119806-CD2DFD318455480DACFECB52AF99AF18","AT","PR","4119806","CD2DFD318455480DACFECB52AF99AF18","PR4119806CD2DFD318455480DACFECB52AF99AF18"
"726","PR-4119806-2931C174BD874D33BBC768C4E57CEBD9","AT","PR","4119806","2931C174BD874D33BBC768C4E57CEBD9","PR41198062931C174BD874D33BBC768C4E57CEBD9"
"727","PR-4119806-F23F3C8331B546CEB9057EE81C175DE1","AT","PR","4119806","F23F3C8331B546CEB9057EE81C175DE1","PR4119806F23F3C8331B546CEB9057EE81C175DE1"
"728","PR-4119806-CB7B3430ACDC45968E67788D2C916A38","AT","PR","4119806","CB7B3430ACDC45968E67788D2C916A38","PR4119806CB7B3430ACDC45968E67788D2C916A38"
"729","PR-4119806-0C58E143CC554AFB901965F3D7D7E523","AT","PR","4119806","0C58E143CC554AFB901965F3D7D7E523","PR41198060C58E143CC554AFB901965F3D7D7E523"
"730","PR-4119806-9B66DC3BB06C4CC3AC724D044916E3F9","AT","PR","4119806","9B66DC3BB06C4CC3AC724D044916E3F9","PR41198069B66DC3BB06C4CC3AC724D044916E3F9"
"731","PR-4119806-A6375766AFAD4FCE97AF70A4198FC517","AT","PR","4119806","A6375766AFAD4FCE97AF70A4198FC517","PR4119806A6375766AFAD4FCE97AF70A4198FC517"
"732","PR-4119806-7B6E7B3B08274B2283B0852E2EB6E1E9","AT","PR","4119806","7B6E7B3B08274B2283B0852E2EB6E1E9","PR41198067B6E7B3B08274B2283B0852E2EB6E1E9"
"733","PR-4119806-B24FA1961E334DF69D7043A70B0291CD","AT","PR","4119806","B24FA1961E334DF69D7043A70B0291CD","PR4119806B24FA1961E334DF69D7043A70B0291CD"
"734","PR-4119806-161D54817078497A86DA705787CE4481","AT","PR","4119806","161D54817078497A86DA705787CE4481","PR4119806161D54817078497A86DA705787CE4481"
"735","PR-4119806-E5C6C7F523394FB9A374E598C996FC8E","AT","PR","4119806","E5C6C7F523394FB9A374E598C996FC8E","PR4119806E5C6C7F523394FB9A374E598C996FC8E"
"736","PR-4119806-A45C5696DA2D4966B0B10F4D658BC0AF","AT","PR","4119806","A45C5696DA2D4966B0B10F4D658BC0AF","PR4119806A45C5696DA2D4966B0B10F4D658BC0AF"
"737","PR-4119806-DA783A27A96F46D99124586751613F20","AT","PR","4119806","DA783A27A96F46D99124586751613F20","PR4119806DA783A27A96F46D99124586751613F20"
"738","PR-4119806-456F833FCFFD43479312D59D8C7922C2","AT","PR","4119806","456F833FCFFD43479312D59D8C7922C2","PR4119806456F833FCFFD43479312D59D8C7922C2"
"739","PR-4119806-F5DD930A2A4A41B7AEF4CF46D020C6F6","AT","PR","4119806","F5DD930A2A4A41B7AEF4CF46D020C6F6","PR4119806F5DD930A2A4A41B7AEF4CF46D020C6F6"
"740","PR-4119806-CFE1DBD0208A44A8914B487D0425FE4E","AT","PR","4119806","CFE1DBD0208A44A8914B487D0425FE4E","PR4119806CFE1DBD0208A44A8914B487D0425FE4E"
"741","PR-4119806-DF5B05E496C94B05BF3AE6D4447AF4E7","AT","PR","4119806","DF5B05E496C94B05BF3AE6D4447AF4E7","PR4119806DF5B05E496C94B05BF3AE6D4447AF4E7"
"742","PR-4119806-E3A084608BCD40AEBAA5E6F39C0A8BDB","AT","PR","4119806","E3A084608BCD40AEBAA5E6F39C0A8BDB","PR4119806E3A084608BCD40AEBAA5E6F39C0A8BDB"
"743","PR-4119806-87D5949DCFCB44D3B5D9F68940725CD6","AT","PR","4119806","87D5949DCFCB44D3B5D9F68940725CD6","PR411980687D5949DCFCB44D3B5D9F68940725CD6"
"744","PR-4119806-F1236D791DCB45A3AA921F82DB1F54CD","AT","PR","4119806","F1236D791DCB45A3AA921F82DB1F54CD","PR4119806F1236D791DCB45A3AA921F82DB1F54CD"
"745","PR-4119806-44515F5E9DAA42CB96D7AB1024C3A12B","AT","PR","4119806","44515F5E9DAA42CB96D7AB1024C3A12B","PR411980644515F5E9DAA42CB96D7AB1024C3A12B"
"746","PR-4119806-E5B57FDE822543CE9B47828F04399B56","AT","PR","4119806","E5B57FDE822543CE9B47828F04399B56","PR4119806E5B57FDE822543CE9B47828F04399B56"
"747","PR-4119806-02DB36A5D6EB4D75A99CF34B076B955E","AT","PR","4119806","02DB36A5D6EB4D75A99CF34B076B955E","PR411980602DB36A5D6EB4D75A99CF34B076B955E"
"748","PR-4119806-45A5C1D59F1047DBB85F044909B0425F","AT","PR","4119806","45A5C1D59F1047DBB85F044909B0425F","PR411980645A5C1D59F1047DBB85F044909B0425F"
"749","PR-4119806-B7F6BE53DE0C417AA262D2AB2B917917","AT","PR","4119806","B7F6BE53DE0C417AA262D2AB2B917917","PR4119806B7F6BE53DE0C417AA262D2AB2B917917"
"750","PR-4119806-74AE2B3A04B148BD9AA64D6E3EBF2AAA","AT","PR","4119806","74AE2B3A04B148BD9AA64D6E3EBF2AAA","PR411980674AE2B3A04B148BD9AA64D6E3EBF2AAA"
"751","PR-4119806-3EE813DB47A049A4BA15F6143EB2DB93","AT","PR","4119806","3EE813DB47A049A4BA15F6143EB2DB93","PR41198063EE813DB47A049A4BA15F6143EB2DB93"
"752","PR-4119806-BF8FD9D868B94FE7829C07D2385E8943","AT","PR","4119806","BF8FD9D868B94FE7829C07D2385E8943","PR4119806BF8FD9D868B94FE7829C07D2385E8943"
"753","PR-4119806-80E4B01D37354F02B2F5F612E4BF2B84","AT","PR","4119806","80E4B01D37354F02B2F5F612E4BF2B84","PR411980680E4B01D37354F02B2F5F612E4BF2B84"
"754","PR-4119806-EC0851CC104C45E5AB3A6FAE278B7368","AT","PR","4119806","EC0851CC104C45E5AB3A6FAE278B7368","PR4119806EC0851CC104C45E5AB3A6FAE278B7368"
"755","PR-4119806-36F6F71F411941F38870F8308F0E8821","AT","PR","4119806","36F6F71F411941F38870F8308F0E8821","PR411980636F6F71F411941F38870F8308F0E8821"
"756","PR-4119806-8B528B49B0D54C05B51A82AC77AF3A65","AT","PR","4119806","8B528B49B0D54C05B51A82AC77AF3A65","PR41198068B528B49B0D54C05B51A82AC77AF3A65"
"757","PR-4119806-8E1CB41A86EB481CBA02AF7AB38D6B4D","AT","PR","4119806","8E1CB41A86EB481CBA02AF7AB38D6B4D","PR41198068E1CB41A86EB481CBA02AF7AB38D6B4D"
"758","PR-4119806-DCD2CBC8101A4F16A43EB032778FED84","AT","PR","4119806","DCD2CBC8101A4F16A43EB032778FED84","PR4119806DCD2CBC8101A4F16A43EB032778FED84"
"759","PR-4119806-6D4F4EF6B84C4EC1B999E9FE0EA05A2B","AT","PR","4119806","6D4F4EF6B84C4EC1B999E9FE0EA05A2B","PR41198066D4F4EF6B84C4EC1B999E9FE0EA05A2B"
"760","PR-4119806-32EFC52166D74DFC88A37F5F672B6600","AT","PR","4119806","32EFC52166D74DFC88A37F5F672B6600","PR411980632EFC52166D74DFC88A37F5F672B6600"
"761","PR-4119806-E5D8D8BD15FA40048B5A27110CC24415","AT","PR","4119806","E5D8D8BD15FA40048B5A27110CC24415","PR4119806E5D8D8BD15FA40048B5A27110CC24415"
"762","PR-4119806-C68C94E2755842D29A349940B1196B26","AT","PR","4119806","C68C94E2755842D29A349940B1196B26","PR4119806C68C94E2755842D29A349940B1196B26"
"763","PR-4119806-7345881485834FD287093237BEF236E5","AT","PR","4119806","7345881485834FD287093237BEF236E5","PR41198067345881485834FD287093237BEF236E5"
"764","PR-4119806-ED9E35A64E2D46FD9C5AE91803FB07AD","AT","PR","4119806","ED9E35A64E2D46FD9C5AE91803FB07AD","PR4119806ED9E35A64E2D46FD9C5AE91803FB07AD"
"765","PR-4119806-C97900E7A2274201B60A7F6C62369875","AT","PR","4119806","C97900E7A2274201B60A7F6C62369875","PR4119806C97900E7A2274201B60A7F6C62369875"
"766","PR-4119806-097DA3023B7C46269070E0285F67DC44","AT","PR","4119806","097DA3023B7C46269070E0285F67DC44","PR4119806097DA3023B7C46269070E0285F67DC44"
"767","PR-4119806-F7E1C9A0E5134C98865C032A9A817EF4","AT","PR","4119806","F7E1C9A0E5134C98865C032A9A817EF4","PR4119806F7E1C9A0E5134C98865C032A9A817EF4"
"768","PR-4119806-98BCC53911C9453C868D0B3AE013A0A9","AT","PR","4119806","98BCC53911C9453C868D0B3AE013A0A9","PR411980698BCC53911C9453C868D0B3AE013A0A9"
"769","PR-4119806-165C04F0E7F44A3AB0334E596B7C8C43","AT","PR","4119806","165C04F0E7F44A3AB0334E596B7C8C43","PR4119806165C04F0E7F44A3AB0334E596B7C8C43"
"770","PR-4119806-612EC3BCE4D94D9689B2F989DD68F7FC","AT","PR","4119806","612EC3BCE4D94D9689B2F989DD68F7FC","PR4119806612EC3BCE4D94D9689B2F989DD68F7FC"
"771","PR-4119806-FA3FEA83348B4569B05B5C7BB37CEF05","AT","PR","4119806","FA3FEA83348B4569B05B5C7BB37CEF05","PR4119806FA3FEA83348B4569B05B5C7BB37CEF05"
"772","PR-4119806-6F920B63F2A04890BE51FD0A96A8803B","AT","PR","4119806","6F920B63F2A04890BE51FD0A96A8803B","PR41198066F920B63F2A04890BE51FD0A96A8803B"
"773","PR-4119806-2846B0B39EDE4748BE27F543BFB6D8EC","AT","PR","4119806","2846B0B39EDE4748BE27F543BFB6D8EC","PR41198062846B0B39EDE4748BE27F543BFB6D8EC"
"774","PR-4119806-EB083D6979CE46CD9A90E80FC2C75B4C","AT","PR","4119806","EB083D6979CE46CD9A90E80FC2C75B4C","PR4119806EB083D6979CE46CD9A90E80FC2C75B4C"
"775","PR-4119806-890A1F84F75642E68760299E3EA40301","AT","PR","4119806","890A1F84F75642E68760299E3EA40301","PR4119806890A1F84F75642E68760299E3EA40301"
"776","PR-4119806-C06A76973FB54369819D9C901E27D76F","AT","PR","4119806","C06A76973FB54369819D9C901E27D76F","PR4119806C06A76973FB54369819D9C901E27D76F"
"777","PR-4119806-54864C8034F24B74B6E0CD06D645B442","AT","PR","4119806","54864C8034F24B74B6E0CD06D645B442","PR411980654864C8034F24B74B6E0CD06D645B442"
"778","PR-4119806-56D6810F3C2247EEAADD9466460B7327","AT","PR","4119806","56D6810F3C2247EEAADD9466460B7327","PR411980656D6810F3C2247EEAADD9466460B7327"
"779","PR-4119806-B37A582C72044D8CA609DE3E31234F14","AT","PR","4119806","B37A582C72044D8CA609DE3E31234F14","PR4119806B37A582C72044D8CA609DE3E31234F14"
"780","PR-4119806-CE005FB7EE7F4E7184356E9859EE7A11","AT","PR","4119806","CE005FB7EE7F4E7184356E9859EE7A11","PR4119806CE005FB7EE7F4E7184356E9859EE7A11"
"781","PR-4119806-C8779C4CC1F54C66AE51A40EA1B4F032","AT","PR","4119806","C8779C4CC1F54C66AE51A40EA1B4F032","PR4119806C8779C4CC1F54C66AE51A40EA1B4F032"
"782","PR-4119806-C0FF414FFD2D4085941B88597433B0D7","AT","PR","4119806","C0FF414FFD2D4085941B88597433B0D7","PR4119806C0FF414FFD2D4085941B88597433B0D7"
"783","PR-4119806-ED065CD996584AC5BEDDBAFEE83B984E","AT","PR","4119806","ED065CD996584AC5BEDDBAFEE83B984E","PR4119806ED065CD996584AC5BEDDBAFEE83B984E"
"784","PR-4119806-416E6E05E2B84F1EBDB0640A7265C668","AT","PR","4119806","416E6E05E2B84F1EBDB0640A7265C668","PR4119806416E6E05E2B84F1EBDB0640A7265C668"
"785","PR-4119806-85358BE1FE0D47A9AA52CEB8F87AC8C0","AT","PR","4119806","85358BE1FE0D47A9AA52CEB8F87AC8C0","PR411980685358BE1FE0D47A9AA52CEB8F87AC8C0"
"786","PR-4119806-BC22F1FBFF034408B73E1367197451FD","AT","PR","4119806","BC22F1FBFF034408B73E1367197451FD","PR4119806BC22F1FBFF034408B73E1367197451FD"
"787","PR-4119806-68BEC341018443A2A1D40966985E39A7","AT","PR","4119806","68BEC341018443A2A1D40966985E39A7","PR411980668BEC341018443A2A1D40966985E39A7"
"788","PR-4119806-03C262EA5101439C852417B4490EE3CB","AT","PR","4119806","03C262EA5101439C852417B4490EE3CB","PR411980603C262EA5101439C852417B4490EE3CB"
"789","PR-4119806-26BCF8C8500D4638A6CB0A899D313BF5","AT","PR","4119806","26BCF8C8500D4638A6CB0A899D313BF5","PR411980626BCF8C8500D4638A6CB0A899D313BF5"
"790","PR-4119806-740EC585879741C693FB6045E0097D45","AT","PR","4119806","740EC585879741C693FB6045E0097D45","PR4119806740EC585879741C693FB6045E0097D45"
"791","PR-4119806-4558961245F241AA938FBE106467F896","AT","PR","4119806","4558961245F241AA938FBE106467F896","PR41198064558961245F241AA938FBE106467F896"
"792","PR-4119806-E7E2E353DAEA46D7A27A9630DD208521","AT","PR","4119806","E7E2E353DAEA46D7A27A9630DD208521","PR4119806E7E2E353DAEA46D7A27A9630DD208521"
"793","PR-4119806-B1E15C9AC1624E3A90973841461EE199","AT","PR","4119806","B1E15C9AC1624E3A90973841461EE199","PR4119806B1E15C9AC1624E3A90973841461EE199"
"794","PR-4119806-3C11A1CDB9554A9E8CABF0987387E844","AT","PR","4119806","3C11A1CDB9554A9E8CABF0987387E844","PR41198063C11A1CDB9554A9E8CABF0987387E844"
"795","PR-4119806-29D0C1F882B843438DEA755385B00505","AT","PR","4119806","29D0C1F882B843438DEA755385B00505","PR411980629D0C1F882B843438DEA755385B00505"
"796","PR-4119806-DCCD64C7A005418E8F7FBFD15DE236AA","AT","PR","4119806","DCCD64C7A005418E8F7FBFD15DE236AA","PR4119806DCCD64C7A005418E8F7FBFD15DE236AA"
"797","PR-4119806-6ACB45158DA84DF5A037C5F1C634F36F","AT","PR","4119806","6ACB45158DA84DF5A037C5F1C634F36F","PR41198066ACB45158DA84DF5A037C5F1C634F36F"
"798","PR-4119806-684527F67C85480EA78C4C0BA6007FD0","AT","PR","4119806","684527F67C85480EA78C4C0BA6007FD0","PR4119806684527F67C85480EA78C4C0BA6007FD0"
"799","PR-4119806-E9E77EE048D041B69E2CB9D44D31AB27","AT","PR","4119806","E9E77EE048D041B69E2CB9D44D31AB27","PR4119806E9E77EE048D041B69E2CB9D44D31AB27"
"800","PR-4119806-02B62B7C7FF54DBEBA84ADC2F27E4CD8","AT","PR","4119806","02B62B7C7FF54DBEBA84ADC2F27E4CD8","PR411980602B62B7C7FF54DBEBA84ADC2F27E4CD8"
"801","PR-4119806-B23B2C232A114D98A81B5F7A755F239B","AT","PR","4119806","B23B2C232A114D98A81B5F7A755F239B","PR4119806B23B2C232A114D98A81B5F7A755F239B"
"802","PR-4119806-EAB1829B5E804A3591F7DA7B18ACCCD0","AT","PR","4119806","EAB1829B5E804A3591F7DA7B18ACCCD0","PR4119806EAB1829B5E804A3591F7DA7B18ACCCD0"
"803","PR-4119806-F6586D5B997649AD975A2AA113585BB4","AT","PR","4119806","F6586D5B997649AD975A2AA113585BB4","PR4119806F6586D5B997649AD975A2AA113585BB4"
"804","PR-4119806-5300E9D242BE423681FC7FA2A0E9DEA9","AT","PR","4119806","5300E9D242BE423681FC7FA2A0E9DEA9","PR41198065300E9D242BE423681FC7FA2A0E9DEA9"
"805","PR-4119806-69E750C8D873462FAB33E93ECDF8AC43","AT","PR","4119806","69E750C8D873462FAB33E93ECDF8AC43","PR411980669E750C8D873462FAB33E93ECDF8AC43"
"806","PR-4119806-A6627B844EA443719B54C95F7B243F52","AT","PR","4119806","A6627B844EA443719B54C95F7B243F52","PR4119806A6627B844EA443719B54C95F7B243F52"
"807","PR-4119806-BC1C35AC4F4A4F0BABE4627DD26AE337","AT","PR","4119806","BC1C35AC4F4A4F0BABE4627DD26AE337","PR4119806BC1C35AC4F4A4F0BABE4627DD26AE337"
"808","PR-4119806-29110233EF16476C91FE9C2ACCCB51B6","AT","PR","4119806","29110233EF16476C91FE9C2ACCCB51B6","PR411980629110233EF16476C91FE9C2ACCCB51B6"
"809","PR-4119806-373445D369B74B50A6F876F561406DDA","AT","PR","4119806","373445D369B74B50A6F876F561406DDA","PR4119806373445D369B74B50A6F876F561406DDA"
"810","PR-4119806-7F6A9574685F490E9063B4F6954EA557","AT","PR","4119806","7F6A9574685F490E9063B4F6954EA557","PR41198067F6A9574685F490E9063B4F6954EA557"
"811","PR-4119806-BE1ABFA82F9F451395F08CAE980BEBCE","AT","PR","4119806","BE1ABFA82F9F451395F08CAE980BEBCE","PR4119806BE1ABFA82F9F451395F08CAE980BEBCE"
"812","PR-4119806-4E286B6877074D59BF106029DD66E5DD","AT","PR","4119806","4E286B6877074D59BF106029DD66E5DD","PR41198064E286B6877074D59BF106029DD66E5DD"
"813","PR-4119806-451B51C099DB4654BCAA53428A10AAF2","AT","PR","4119806","451B51C099DB4654BCAA53428A10AAF2","PR4119806451B51C099DB4654BCAA53428A10AAF2"
"814","PR-4119806-4E4D04B5E17E4BA2A9FC3F774A298CAB","AT","PR","4119806","4E4D04B5E17E4BA2A9FC3F774A298CAB","PR41198064E4D04B5E17E4BA2A9FC3F774A298CAB"
"815","PR-4119806-BEE3E2124D714B4AAC42AF01AF87CABD","AT","PR","4119806","BEE3E2124D714B4AAC42AF01AF87CABD","PR4119806BEE3E2124D714B4AAC42AF01AF87CABD"
"816","PR-4119806-2B5310CDCCD44A5187CFE3C9BBFE03D6","AT","PR","4119806","2B5310CDCCD44A5187CFE3C9BBFE03D6","PR41198062B5310CDCCD44A5187CFE3C9BBFE03D6"
"817","PR-4119806-576818CBE7654FB49089D16274C7DA0A","AT","PR","4119806","576818CBE7654FB49089D16274C7DA0A","PR4119806576818CBE7654FB49089D16274C7DA0A"
"818","PR-4119806-8DDD1AAE19C343CC8BF2E0403BA9D327","AT","PR","4119806","8DDD1AAE19C343CC8BF2E0403BA9D327","PR41198068DDD1AAE19C343CC8BF2E0403BA9D327"
"819","PR-4119806-0A8687F81A6C48D5A00CF489A1ECD23D","AT","PR","4119806","0A8687F81A6C48D5A00CF489A1ECD23D","PR41198060A8687F81A6C48D5A00CF489A1ECD23D"
"820","PR-4119806-E80374BA3E8E45E4B59F71AE770AD6FE","AT","PR","4119806","E80374BA3E8E45E4B59F71AE770AD6FE","PR4119806E80374BA3E8E45E4B59F71AE770AD6FE"
"821","PR-4119806-B36ACC9DCB164C1EA0C8F2108281DB1C","AT","PR","4119806","B36ACC9DCB164C1EA0C8F2108281DB1C","PR4119806B36ACC9DCB164C1EA0C8F2108281DB1C"
"822","PR-4119806-2EA2FD5FDADE433FB1F8A8DCA311745D","AT","PR","4119806","2EA2FD5FDADE433FB1F8A8DCA311745D","PR41198062EA2FD5FDADE433FB1F8A8DCA311745D"
"823","PR-4119806-236588EF0B0B4451AA1DE1D18858C03F","AT","PR","4119806","236588EF0B0B4451AA1DE1D18858C03F","PR4119806236588EF0B0B4451AA1DE1D18858C03F"
"824","PR-4119806-789637D03D8D4FC1991F6E40B9176DC9","AT","PR","4119806","789637D03D8D4FC1991F6E40B9176DC9","PR4119806789637D03D8D4FC1991F6E40B9176DC9"
"825","PR-4119806-EADC2D9F32A14EA68A25C965417DA3F7","AT","PR","4119806","EADC2D9F32A14EA68A25C965417DA3F7","PR4119806EADC2D9F32A14EA68A25C965417DA3F7"
"826","PR-4119806-CFC023D0E3914281A6A1E318D0C2D6B5","AT","PR","4119806","CFC023D0E3914281A6A1E318D0C2D6B5","PR4119806CFC023D0E3914281A6A1E318D0C2D6B5"
"827","PR-4119806-6A968DED933641A7B0D99FE9862AF335","AT","PR","4119806","6A968DED933641A7B0D99FE9862AF335","PR41198066A968DED933641A7B0D99FE9862AF335"
"828","PR-4119806-A7389F35945A4FD997B5322269AB5809","AT","PR","4119806","A7389F35945A4FD997B5322269AB5809","PR4119806A7389F35945A4FD997B5322269AB5809"
"829","PR-4119806-18FCE4B38D7345B8BDC336ADEE2CD192","AT","PR","4119806","18FCE4B38D7345B8BDC336ADEE2CD192","PR411980618FCE4B38D7345B8BDC336ADEE2CD192"
"830","PR-4119806-A52EE33F53DA470AAAA3293AA58D9F81","AT","PR","4119806","A52EE33F53DA470AAAA3293AA58D9F81","PR4119806A52EE33F53DA470AAAA3293AA58D9F81"
"831","PR-4119806-DB78A67EC44B4657977D09A50A4B14D3","AT","PR","4119806","DB78A67EC44B4657977D09A50A4B14D3","PR4119806DB78A67EC44B4657977D09A50A4B14D3"
"832","PR-4119806-E9B0A96E3DD64B87BD01E8553FDCE6DB","AT","PR","4119806","E9B0A96E3DD64B87BD01E8553FDCE6DB","PR4119806E9B0A96E3DD64B87BD01E8553FDCE6DB"
"833","PR-4119806-D29C70F8AC804BF18623349A2D0BA051","AT","PR","4119806","D29C70F8AC804BF18623349A2D0BA051","PR4119806D29C70F8AC804BF18623349A2D0BA051"
"834","PR-4119806-0899AE2F662D405D9724FE73D4539F3F","AT","PR","4119806","0899AE2F662D405D9724FE73D4539F3F","PR41198060899AE2F662D405D9724FE73D4539F3F"
"835","PR-4119806-4D8F768735FE4882905DEEA89B171EBF","AT","PR","4119806","4D8F768735FE4882905DEEA89B171EBF","PR41198064D8F768735FE4882905DEEA89B171EBF"
"836","PR-4119806-5EC0E3B7EBD84152BFE0D44A2A78163F","AT","PR","4119806","5EC0E3B7EBD84152BFE0D44A2A78163F","PR41198065EC0E3B7EBD84152BFE0D44A2A78163F"
"837","PR-4119806-B6B78CE7C0CB4F59B08EF0BAE83E90F3","AT","PR","4119806","B6B78CE7C0CB4F59B08EF0BAE83E90F3","PR4119806B6B78CE7C0CB4F59B08EF0BAE83E90F3"
"838","PR-4119806-6A65DEA1F7F743B0926E7112E127C031","AT","PR","4119806","6A65DEA1F7F743B0926E7112E127C031","PR41198066A65DEA1F7F743B0926E7112E127C031"
"839","PR-4119806-98620C836B6F440F94D0847FFEA2E51A","AT","PR","4119806","98620C836B6F440F94D0847FFEA2E51A","PR411980698620C836B6F440F94D0847FFEA2E51A"
"840","PR-4119806-7F1FB8B1168245E78F8DBFC55DBFEDFF","AT","PR","4119806","7F1FB8B1168245E78F8DBFC55DBFEDFF","PR41198067F1FB8B1168245E78F8DBFC55DBFEDFF"
"841","PR-4119806-95137B38C9D2404CAECB5B6E9FB07655","AT","PR","4119806","95137B38C9D2404CAECB5B6E9FB07655","PR411980695137B38C9D2404CAECB5B6E9FB07655"
"842","PR-4119806-D884C8BF32F342039DCE50ABB173322D","AT","PR","4119806","D884C8BF32F342039DCE50ABB173322D","PR4119806D884C8BF32F342039DCE50ABB173322D"
"843","PR-4119806-02B693246BCF40369F04D494FBEA2299","AT","PR","4119806","02B693246BCF40369F04D494FBEA2299","PR411980602B693246BCF40369F04D494FBEA2299"
"844","PR-4119806-62AAB02C59BC4975984F61B8D321DD88","AT","PR","4119806","62AAB02C59BC4975984F61B8D321DD88","PR411980662AAB02C59BC4975984F61B8D321DD88"
"845","PR-4119806-58E7134132EA405CB228D878D2DBC126","AT","PR","4119806","58E7134132EA405CB228D878D2DBC126","PR411980658E7134132EA405CB228D878D2DBC126"
"846","PR-4119806-8143D1E11C204D908D060ED54AA4DEC7","AT","PR","4119806","8143D1E11C204D908D060ED54AA4DEC7","PR41198068143D1E11C204D908D060ED54AA4DEC7"
"847","PR-4119806-95179D59D3E34ED79566DF296B9103C7","AT","PR","4119806","95179D59D3E34ED79566DF296B9103C7","PR411980695179D59D3E34ED79566DF296B9103C7"
"848","PR-4119806-00FF70264A044557B1679579047E48C2","AT","PR","4119806","00FF70264A044557B1679579047E48C2","PR411980600FF70264A044557B1679579047E48C2"
"849","PR-4119806-4C582AE1D7284859B59CB9FBB337F73C","AT","PR","4119806","4C582AE1D7284859B59CB9FBB337F73C","PR41198064C582AE1D7284859B59CB9FBB337F73C"
"850","PR-4119806-D1704E6076DD47109380239389B03BB6","AT","PR","4119806","D1704E6076DD47109380239389B03BB6","PR4119806D1704E6076DD47109380239389B03BB6"
"851","PR-4119806-4B190DF1325A42269DAA912B6D407B19","AT","PR","4119806","4B190DF1325A42269DAA912B6D407B19","PR41198064B190DF1325A42269DAA912B6D407B19"
"852","PR-4119806-D2507F08822643608BFD70F1A1D314DD","AT","PR","4119806","D2507F08822643608BFD70F1A1D314DD","PR4119806D2507F08822643608BFD70F1A1D314DD"
"853","PR-4119806-F47337BC4B2942C68A2042E35D3AE999","AT","PR","4119806","F47337BC4B2942C68A2042E35D3AE999","PR4119806F47337BC4B2942C68A2042E35D3AE999"
"854","PR-4119806-15938BB1653E4A7C893122FBA20462D5","AT","PR","4119806","15938BB1653E4A7C893122FBA20462D5","PR411980615938BB1653E4A7C893122FBA20462D5"
"855","PR-4119806-2133734363694759A32A3FB96566A697","AT","PR","4119806","2133734363694759A32A3FB96566A697","PR41198062133734363694759A32A3FB96566A697"
"856","PR-4119806-20AF5F7B1849419492E3915FA3E27B66","AT","PR","4119806","20AF5F7B1849419492E3915FA3E27B66","PR411980620AF5F7B1849419492E3915FA3E27B66"
"857","PR-4119806-83300FAF24E542F5B474C561DBA76939","AT","PR","4119806","83300FAF24E542F5B474C561DBA76939","PR411980683300FAF24E542F5B474C561DBA76939"
"858","PR-4119806-23BD5BDCE7F94C3EBE2215E8827B27B5","AT","PR","4119806","23BD5BDCE7F94C3EBE2215E8827B27B5","PR411980623BD5BDCE7F94C3EBE2215E8827B27B5"
"859","PR-4119806-75358FAF0FD040E983279EC1D0EB21CE","AT","PR","4119806","75358FAF0FD040E983279EC1D0EB21CE","PR411980675358FAF0FD040E983279EC1D0EB21CE"
"860","PR-4119806-A0A8DA608ADE4005953628FF2BABC1BF","AT","PR","4119806","A0A8DA608ADE4005953628FF2BABC1BF","PR4119806A0A8DA608ADE4005953628FF2BABC1BF"
"861","PR-4119806-BF49F81668C64579815B10CE691306E9","AT","PR","4119806","BF49F81668C64579815B10CE691306E9","PR4119806BF49F81668C64579815B10CE691306E9"
"862","PR-4119806-EB7371B8B295464FBCB3D4BA451D632C","AT","PR","4119806","EB7371B8B295464FBCB3D4BA451D632C","PR4119806EB7371B8B295464FBCB3D4BA451D632C"
"863","PR-4119806-7A0C2549FB394211B0D8F9D986D727F8","AT","PR","4119806","7A0C2549FB394211B0D8F9D986D727F8","PR41198067A0C2549FB394211B0D8F9D986D727F8"
"864","PR-4119806-C8DEF245A6C041849BD156C32321CE02","AT","PR","4119806","C8DEF245A6C041849BD156C32321CE02","PR4119806C8DEF245A6C041849BD156C32321CE02"
"865","PR-4119806-0323BFCB91144E01B15B8DE7C415CACD","AT","PR","4119806","0323BFCB91144E01B15B8DE7C415CACD","PR41198060323BFCB91144E01B15B8DE7C415CACD"
"866","PR-4119806-B11A5C13D0F0403EBB16978289A0A595","AT","PR","4119806","B11A5C13D0F0403EBB16978289A0A595","PR4119806B11A5C13D0F0403EBB16978289A0A595"
"867","PR-4119806-7A0A939D05C94A9393380734074A1823","AT","PR","4119806","7A0A939D05C94A9393380734074A1823","PR41198067A0A939D05C94A9393380734074A1823"
"868","PR-4119806-61D17C9E30314B26B6F0D17EEF4E0468","AT","PR","4119806","61D17C9E30314B26B6F0D17EEF4E0468","PR411980661D17C9E30314B26B6F0D17EEF4E0468"
"869","PR-4119806-CAF4F9E66075491B913707C1EE0D3DC0","AT","PR","4119806","CAF4F9E66075491B913707C1EE0D3DC0","PR4119806CAF4F9E66075491B913707C1EE0D3DC0"
"870","PR-4119806-61E5B4AD8F584E33978DB09C3E75EF7E","AT","PR","4119806","61E5B4AD8F584E33978DB09C3E75EF7E","PR411980661E5B4AD8F584E33978DB09C3E75EF7E"
"871","PR-4119806-C4FA6F7E89E04A218FCB08FCB482B139","AT","PR","4119806","C4FA6F7E89E04A218FCB08FCB482B139","PR4119806C4FA6F7E89E04A218FCB08FCB482B139"
"872","PR-4119806-24F1931FE97A42C6AC151D2B71601640","AT","PR","4119806","24F1931FE97A42C6AC151D2B71601640","PR411980624F1931FE97A42C6AC151D2B71601640"
"873","PR-4119806-D665BA8BAC364907965CBB284419D249","AT","PR","4119806","D665BA8BAC364907965CBB284419D249","PR4119806D665BA8BAC364907965CBB284419D249"
"874","PR-4119806-FE983C6B01294E2493D7AF6C59252F68","AT","PR","4119806","FE983C6B01294E2493D7AF6C59252F68","PR4119806FE983C6B01294E2493D7AF6C59252F68"
"875","PR-4119806-BE78E1E8BF934E3AB2B426FD24B51FA7","AT","PR","4119806","BE78E1E8BF934E3AB2B426FD24B51FA7","PR4119806BE78E1E8BF934E3AB2B426FD24B51FA7"
"876","PR-4119806-4CABCFC637B342D18C139E40FD93544C","AT","PR","4119806","4CABCFC637B342D18C139E40FD93544C","PR41198064CABCFC637B342D18C139E40FD93544C"
"877","PR-4119806-9A336CE7F9114FB6955D35E621A367F0","AT","PR","4119806","9A336CE7F9114FB6955D35E621A367F0","PR41198069A336CE7F9114FB6955D35E621A367F0"
"878","PR-4119806-CF10CDEA9138473580D00A113184852F","AT","PR","4119806","CF10CDEA9138473580D00A113184852F","PR4119806CF10CDEA9138473580D00A113184852F"
"879","PR-4119806-9D38006858A4434A9AD8241272EA4F2C","AT","PR","4119806","9D38006858A4434A9AD8241272EA4F2C","PR41198069D38006858A4434A9AD8241272EA4F2C"
"880","PR-4119806-85AD025947614332A3BC281B3A2FD761","AT","PR","4119806","85AD025947614332A3BC281B3A2FD761","PR411980685AD025947614332A3BC281B3A2FD761"
"881","PR-4119806-A8C624C994504E6A9B17ACB28A8E05E6","AT","PR","4119806","A8C624C994504E6A9B17ACB28A8E05E6","PR4119806A8C624C994504E6A9B17ACB28A8E05E6"
"882","PR-4119806-B32110EA9D8A44AD86E35DC2FD79B8C0","AT","PR","4119806","B32110EA9D8A44AD86E35DC2FD79B8C0","PR4119806B32110EA9D8A44AD86E35DC2FD79B8C0"
"883","PR-4119806-DD67C9A3DA394E228E95F3105F43C3AD","AT","PR","4119806","DD67C9A3DA394E228E95F3105F43C3AD","PR4119806DD67C9A3DA394E228E95F3105F43C3AD"
"884","PR-4119806-D16E4CEF0F9441B7947E547D89167FFD","AT","PR","4119806","D16E4CEF0F9441B7947E547D89167FFD","PR4119806D16E4CEF0F9441B7947E547D89167FFD"
"885","PR-4119806-5CCFC72B67064174928598EEBED11EA9","AT","PR","4119806","5CCFC72B67064174928598EEBED11EA9","PR41198065CCFC72B67064174928598EEBED11EA9"
"886","PR-4119806-66598F7DE7134AA595E5387EC9E48344","AT","PR","4119806","66598F7DE7134AA595E5387EC9E48344","PR411980666598F7DE7134AA595E5387EC9E48344"
"887","PR-4119806-ECF9AC14D1D44BA49E9E966E0A4AAC54","AT","PR","4119806","ECF9AC14D1D44BA49E9E966E0A4AAC54","PR4119806ECF9AC14D1D44BA49E9E966E0A4AAC54"
"888","PR-4119806-879143DCF99B4508935D3076969E26AB","AT","PR","4119806","879143DCF99B4508935D3076969E26AB","PR4119806879143DCF99B4508935D3076969E26AB"
"889","PR-4119806-0C151C69EB08440586557F61A290BE85","AT","PR","4119806","0C151C69EB08440586557F61A290BE85","PR41198060C151C69EB08440586557F61A290BE85"
"890","PR-4119806-6E6ACCFFFA2045DD93B47C7870749FC5","AT","PR","4119806","6E6ACCFFFA2045DD93B47C7870749FC5","PR41198066E6ACCFFFA2045DD93B47C7870749FC5"
"891","PR-4119806-006A4FC209644D01BD47B62F179F34EB","AT","PR","4119806","006A4FC209644D01BD47B62F179F34EB","PR4119806006A4FC209644D01BD47B62F179F34EB"
"892","PR-4119806-9B6F836940F04E66B36618457063883A","AT","PR","4119806","9B6F836940F04E66B36618457063883A","PR41198069B6F836940F04E66B36618457063883A"
"893","PR-4119806-6DA3EF141D3942728C152670DEF20DFB","AT","PR","4119806","6DA3EF141D3942728C152670DEF20DFB","PR41198066DA3EF141D3942728C152670DEF20DFB"
"894","PR-4119806-A9481781AFD440C3BAEB6CE7D03041B8","AT","PR","4119806","A9481781AFD440C3BAEB6CE7D03041B8","PR4119806A9481781AFD440C3BAEB6CE7D03041B8"
"895","PR-4119806-880D15BC6B124327AC4F79CFB304C4DB","AT","PR","4119806","880D15BC6B124327AC4F79CFB304C4DB","PR4119806880D15BC6B124327AC4F79CFB304C4DB"
"896","PR-4119806-D1506C4F8813409E8A3BCAFEB76B7E22","AT","PR","4119806","D1506C4F8813409E8A3BCAFEB76B7E22","PR4119806D1506C4F8813409E8A3BCAFEB76B7E22"
"897","PR-4119806-294A194781DC4E8F9ABCF67185DE7180","AT","PR","4119806","294A194781DC4E8F9ABCF67185DE7180","PR4119806294A194781DC4E8F9ABCF67185DE7180"
"898","PR-4119806-072BC988309F470A8E5CF470B36A97E7","AT","PR","4119806","072BC988309F470A8E5CF470B36A97E7","PR4119806072BC988309F470A8E5CF470B36A97E7"
"899","PR-4119806-551005B85C674C98AF67A332950DB19C","AT","PR","4119806","551005B85C674C98AF67A332950DB19C","PR4119806551005B85C674C98AF67A332950DB19C"
"900","PR-4119806-E8849329187C49A6AD678B74515EFEEE","AT","PR","4119806","E8849329187C49A6AD678B74515EFEEE","PR4119806E8849329187C49A6AD678B74515EFEEE"
"901","PR-4119806-06144A9163544485B354FB03E8149CE0","AT","PR","4119806","06144A9163544485B354FB03E8149CE0","PR411980606144A9163544485B354FB03E8149CE0"
"902","PR-4119806-D77F2B137F8E4D74A0745821D0683F62","AT","PR","4119806","D77F2B137F8E4D74A0745821D0683F62","PR4119806D77F2B137F8E4D74A0745821D0683F62"
"903","PR-4119806-896FE2C686804B5890CD36F1D2796E0E","AT","PR","4119806","896FE2C686804B5890CD36F1D2796E0E","PR4119806896FE2C686804B5890CD36F1D2796E0E"
"904","PR-4119806-2AEF577B72194C848BEDA1A697B95899","AT","PR","4119806","2AEF577B72194C848BEDA1A697B95899","PR41198062AEF577B72194C848BEDA1A697B95899"
"905","PR-4119806-D939BCDD937C42F790BB11AA8051E1A2","AT","PR","4119806","D939BCDD937C42F790BB11AA8051E1A2","PR4119806D939BCDD937C42F790BB11AA8051E1A2"
"906","PR-4119806-4B601B601B284F4D85DAD4C8C7614D06","AT","PR","4119806","4B601B601B284F4D85DAD4C8C7614D06","PR41198064B601B601B284F4D85DAD4C8C7614D06"
"907","PR-4119806-0EE764FDEB3241808DAC352A1CF62963","AT","PR","4119806","0EE764FDEB3241808DAC352A1CF62963","PR41198060EE764FDEB3241808DAC352A1CF62963"
"908","PR-4119806-841F70367EDC4EB58D3FD5332DAB4BA7","AT","PR","4119806","841F70367EDC4EB58D3FD5332DAB4BA7","PR4119806841F70367EDC4EB58D3FD5332DAB4BA7"
"909","PR-4119806-D51D0E79187042F58CB0F1429F058AAA","AT","PR","4119806","D51D0E79187042F58CB0F1429F058AAA","PR4119806D51D0E79187042F58CB0F1429F058AAA"
"910","PR-4119806-B2CE84416F914417BDC5F8A6DAB347A5","AT","PR","4119806","B2CE84416F914417BDC5F8A6DAB347A5","PR4119806B2CE84416F914417BDC5F8A6DAB347A5"
"911","PR-4119806-88F384191C464D4199E0301AEA109DD3","AT","PR","4119806","88F384191C464D4199E0301AEA109DD3","PR411980688F384191C464D4199E0301AEA109DD3"
"912","PR-4119806-129C02363BCF4424B93C7CD1277B6ED4","AT","PR","4119806","129C02363BCF4424B93C7CD1277B6ED4","PR4119806129C02363BCF4424B93C7CD1277B6ED4"
"913","PR-4119806-AC97BEDD78D1474397F0C6EBD6327F75","AT","PR","4119806","AC97BEDD78D1474397F0C6EBD6327F75","PR4119806AC97BEDD78D1474397F0C6EBD6327F75"
"914","PR-4119806-486DEF0A213741E4A49466394CBCC86F","AT","PR","4119806","486DEF0A213741E4A49466394CBCC86F","PR4119806486DEF0A213741E4A49466394CBCC86F"
"915","PR-4119806-9C6128394DCC48C7B5A892E098D40EE7","AT","PR","4119806","9C6128394DCC48C7B5A892E098D40EE7","PR41198069C6128394DCC48C7B5A892E098D40EE7"
"916","PR-4119806-8C26AFBC9A444B809B4F276C69FA3EA8","AT","PR","4119806","8C26AFBC9A444B809B4F276C69FA3EA8","PR41198068C26AFBC9A444B809B4F276C69FA3EA8"
"917","PR-4119806-085375A1F46C448E84D53A47DD41518D","AT","PR","4119806","085375A1F46C448E84D53A47DD41518D","PR4119806085375A1F46C448E84D53A47DD41518D"
"918","PR-4119806-4E1E585D4A6C4FADA0AF69DA1CBAB7CF","AT","PR","4119806","4E1E585D4A6C4FADA0AF69DA1CBAB7CF","PR41198064E1E585D4A6C4FADA0AF69DA1CBAB7CF"
"919","PR-4119806-C4DAEEB192B84DE0927F77D45B9CD1FA","AT","PR","4119806","C4DAEEB192B84DE0927F77D45B9CD1FA","PR4119806C4DAEEB192B84DE0927F77D45B9CD1FA"
"920","PR-4119806-4A8412C85A33453F924D763AC6999685","AT","PR","4119806","4A8412C85A33453F924D763AC6999685","PR41198064A8412C85A33453F924D763AC6999685"
"921","PR-4119806-A6D74452441E46F3B8053010859AC957","AT","PR","4119806","A6D74452441E46F3B8053010859AC957","PR4119806A6D74452441E46F3B8053010859AC957"
"922","PR-4119806-7B31C1D009A94880B3EB6F414CBCF4B2","AT","PR","4119806","7B31C1D009A94880B3EB6F414CBCF4B2","PR41198067B31C1D009A94880B3EB6F414CBCF4B2"
"923","PR-4119806-B96976A6A70A41E3A6233A8649D6365F","AT","PR","4119806","B96976A6A70A41E3A6233A8649D6365F","PR4119806B96976A6A70A41E3A6233A8649D6365F"
"924","PR-4119806-7A79A27AA7EA40D6819217C79736FCCD","AT","PR","4119806","7A79A27AA7EA40D6819217C79736FCCD","PR41198067A79A27AA7EA40D6819217C79736FCCD"
"925","PR-4119806-C1B6646B15764C34AD687B5C5FB6A822","AT","PR","4119806","C1B6646B15764C34AD687B5C5FB6A822","PR4119806C1B6646B15764C34AD687B5C5FB6A822"
"926","PR-4119806-D8FB83A19B99457D8023728879C1CF0F","AT","PR","4119806","D8FB83A19B99457D8023728879C1CF0F","PR4119806D8FB83A19B99457D8023728879C1CF0F"
"927","PR-4119806-F54B59A082DD43A49D644F7BA17E81D6","AT","PR","4119806","F54B59A082DD43A49D644F7BA17E81D6","PR4119806F54B59A082DD43A49D644F7BA17E81D6"
"928","PR-4119806-780B4ACD079B4CC1A92B54C5120FD63D","AT","PR","4119806","780B4ACD079B4CC1A92B54C5120FD63D","PR4119806780B4ACD079B4CC1A92B54C5120FD63D"
"929","PR-4119806-232906CEA4494758B8A3760A17E60159","AT","PR","4119806","232906CEA4494758B8A3760A17E60159","PR4119806232906CEA4494758B8A3760A17E60159"
"930","PR-4119806-B3A0813AADA541DDB6CE5908EEA8063A","AT","PR","4119806","B3A0813AADA541DDB6CE5908EEA8063A","PR4119806B3A0813AADA541DDB6CE5908EEA8063A"
"931","PR-4119806-2D295939AA1B48C9A035BBA55C64FE08","AT","PR","4119806","2D295939AA1B48C9A035BBA55C64FE08","PR41198062D295939AA1B48C9A035BBA55C64FE08"
"932","PR-4119806-D2F7C478A4514A7B81B33FFD6D170104","AT","PR","4119806","D2F7C478A4514A7B81B33FFD6D170104","PR4119806D2F7C478A4514A7B81B33FFD6D170104"
"933","PR-4119806-03A4059D5D3F453AAB717FAF1F922AC2","AT","PR","4119806","03A4059D5D3F453AAB717FAF1F922AC2","PR411980603A4059D5D3F453AAB717FAF1F922AC2"
"934","PR-4119806-A923CF0ACEEE4337855C0A3C64984193","AT","PR","4119806","A923CF0ACEEE4337855C0A3C64984193","PR4119806A923CF0ACEEE4337855C0A3C64984193"
"935","PR-4119806-886AD29AD4F2495DB78317EB3D7E7C0D","AT","PR","4119806","886AD29AD4F2495DB78317EB3D7E7C0D","PR4119806886AD29AD4F2495DB78317EB3D7E7C0D"
"936","PR-4119806-A5B63304F3844B328BC5EF419CA938A4","AT","PR","4119806","A5B63304F3844B328BC5EF419CA938A4","PR4119806A5B63304F3844B328BC5EF419CA938A4"
"937","PR-4119806-42D7E18E6718471C8666D7D541D34108","AT","PR","4119806","42D7E18E6718471C8666D7D541D34108","PR411980642D7E18E6718471C8666D7D541D34108"
"938","PR-4119806-A284AA34A41349CE822F9EB63D6DB6CF","AT","PR","4119806","A284AA34A41349CE822F9EB63D6DB6CF","PR4119806A284AA34A41349CE822F9EB63D6DB6CF"
"939","PR-4119806-1388B92BC9C947E5BA33F27F588BF14D","AT","PR","4119806","1388B92BC9C947E5BA33F27F588BF14D","PR41198061388B92BC9C947E5BA33F27F588BF14D"
"940","PR-4119806-249F82C32A314117BF301B67CB3C2848","AT","PR","4119806","249F82C32A314117BF301B67CB3C2848","PR4119806249F82C32A314117BF301B67CB3C2848"
"941","PR-4119806-54EF781B241B45D09C295AE4B062F2D2","AT","PR","4119806","54EF781B241B45D09C295AE4B062F2D2","PR411980654EF781B241B45D09C295AE4B062F2D2"
"942","PR-4119806-FAC23528BABA4D0FB5DF9769D2CE6570","AT","PR","4119806","FAC23528BABA4D0FB5DF9769D2CE6570","PR4119806FAC23528BABA4D0FB5DF9769D2CE6570"
"943","PR-4119806-48746ACFA39546F0B0009C18C77B6F62","AT","PR","4119806","48746ACFA39546F0B0009C18C77B6F62","PR411980648746ACFA39546F0B0009C18C77B6F62"
"944","PR-4119806-0E3322399CC2450D8C7178CAD21E95F7","AT","PR","4119806","0E3322399CC2450D8C7178CAD21E95F7","PR41198060E3322399CC2450D8C7178CAD21E95F7"
"945","PR-4119806-44DF497C30C34998A8288AD3808A0D54","AT","PR","4119806","44DF497C30C34998A8288AD3808A0D54","PR411980644DF497C30C34998A8288AD3808A0D54"
"946","PR-4119806-EBBE45B142944F9FA575EEE5F5C87252","AT","PR","4119806","EBBE45B142944F9FA575EEE5F5C87252","PR4119806EBBE45B142944F9FA575EEE5F5C87252"
"947","PR-4119806-39B344DB67B949509361CAB84AA88B4E","AT","PR","4119806","39B344DB67B949509361CAB84AA88B4E","PR411980639B344DB67B949509361CAB84AA88B4E"
"948","PR-4119806-2D65B1733232470FAA15B1FDE23263C0","AT","PR","4119806","2D65B1733232470FAA15B1FDE23263C0","PR41198062D65B1733232470FAA15B1FDE23263C0"
"949","PR-4119806-95C8A0DED4714107981CDF23CA9A175B","AT","PR","4119806","95C8A0DED4714107981CDF23CA9A175B","PR411980695C8A0DED4714107981CDF23CA9A175B"
"950","PR-4119806-4D97C541A0134E98A6D8097F75FAF17E","AT","PR","4119806","4D97C541A0134E98A6D8097F75FAF17E","PR41198064D97C541A0134E98A6D8097F75FAF17E"
"951","PR-4119806-25E48C71893946F780AE25F376AE1027","AT","PR","4119806","25E48C71893946F780AE25F376AE1027","PR411980625E48C71893946F780AE25F376AE1027"
"952","PR-4119806-6AE748D48F0E4C10BBE37CCF898D8F45","AT","PR","4119806","6AE748D48F0E4C10BBE37CCF898D8F45","PR41198066AE748D48F0E4C10BBE37CCF898D8F45"
"953","PR-4119806-35F8189AD86747F99672EBFFC5DA3F74","AT","PR","4119806","35F8189AD86747F99672EBFFC5DA3F74","PR411980635F8189AD86747F99672EBFFC5DA3F74"
"954","PR-4119806-95CB3A294BDB47B9B290476E4332E6B6","AT","PR","4119806","95CB3A294BDB47B9B290476E4332E6B6","PR411980695CB3A294BDB47B9B290476E4332E6B6"
"955","PR-4119806-0D1DF2A35FD64F42A1C8E8F668DD74A4","AT","PR","4119806","0D1DF2A35FD64F42A1C8E8F668DD74A4","PR41198060D1DF2A35FD64F42A1C8E8F668DD74A4"
"956","PR-4119806-687C329F007D4B47B85073B7C3ABF129","AT","PR","4119806","687C329F007D4B47B85073B7C3ABF129","PR4119806687C329F007D4B47B85073B7C3ABF129"
"957","PR-4119806-C454487744A44783B9E88F2D9A35E437","AT","PR","4119806","C454487744A44783B9E88F2D9A35E437","PR4119806C454487744A44783B9E88F2D9A35E437"
"958","PR-4119806-7EB28A866C7B4F22A93BC86123D1D21D","AT","PR","4119806","7EB28A866C7B4F22A93BC86123D1D21D","PR41198067EB28A866C7B4F22A93BC86123D1D21D"
"959","PR-4119806-4DA9B309C5504D94ADB8E194376764C3","AT","PR","4119806","4DA9B309C5504D94ADB8E194376764C3","PR41198064DA9B309C5504D94ADB8E194376764C3"
"960","PR-4119806-E1E599DAA93C493FA0627150481E929C","AT","PR","4119806","E1E599DAA93C493FA0627150481E929C","PR4119806E1E599DAA93C493FA0627150481E929C"
"961","PR-4119806-D9D7EDCA863044F6BFA7F02F5AF2DF39","AT","PR","4119806","D9D7EDCA863044F6BFA7F02F5AF2DF39","PR4119806D9D7EDCA863044F6BFA7F02F5AF2DF39"
"962","PR-4119806-BD9A6005D652416FBDA0AA3ACE70D37C","AT","PR","4119806","BD9A6005D652416FBDA0AA3ACE70D37C","PR4119806BD9A6005D652416FBDA0AA3ACE70D37C"
"963","PR-4119806-30AB43194B6A4A769E5FA646F9E0D82F","AT","PR","4119806","30AB43194B6A4A769E5FA646F9E0D82F","PR411980630AB43194B6A4A769E5FA646F9E0D82F"
"964","PR-4119806-080F5AE782C648328E4AE44A9450CCF3","AT","PR","4119806","080F5AE782C648328E4AE44A9450CCF3","PR4119806080F5AE782C648328E4AE44A9450CCF3"
"965","PR-4119806-1AE3E53493FB40029F663FAA6123E2D0","AT","PR","4119806","1AE3E53493FB40029F663FAA6123E2D0","PR41198061AE3E53493FB40029F663FAA6123E2D0"
"966","PR-4119806-5AC361377A1C430898CBD900B8C3EA16","AT","PR","4119806","5AC361377A1C430898CBD900B8C3EA16","PR41198065AC361377A1C430898CBD900B8C3EA16"
"967","PR-4119806-C8FD763563894103B289556E6ACA3121","AT","PR","4119806","C8FD763563894103B289556E6ACA3121","PR4119806C8FD763563894103B289556E6ACA3121"
"968","PR-4119806-286F9A930E5D4D6CBB2C0AAF1C320A39","AT","PR","4119806","286F9A930E5D4D6CBB2C0AAF1C320A39","PR4119806286F9A930E5D4D6CBB2C0AAF1C320A39"
"969","PR-4119806-0D09139FAF9E4C84B8B16FC22F61AED5","AT","PR","4119806","0D09139FAF9E4C84B8B16FC22F61AED5","PR41198060D09139FAF9E4C84B8B16FC22F61AED5"
"970","PR-4119806-338B830209D04D34869740F84DB0883D","AT","PR","4119806","338B830209D04D34869740F84DB0883D","PR4119806338B830209D04D34869740F84DB0883D"
"971","PR-4119806-C662206769184464BBD37ECB0D506154","AT","PR","4119806","C662206769184464BBD37ECB0D506154","PR4119806C662206769184464BBD37ECB0D506154"
"972","PR-4119806-D2ECA8C4A0AF4636B2902A36D09C7608","AT","PR","4119806","D2ECA8C4A0AF4636B2902A36D09C7608","PR4119806D2ECA8C4A0AF4636B2902A36D09C7608"
"973","PR-4119806-86B1C7AC71C34E0DBB535EC62BFE5E70","AT","PR","4119806","86B1C7AC71C34E0DBB535EC62BFE5E70","PR411980686B1C7AC71C34E0DBB535EC62BFE5E70"
"974","PR-4119806-6CDEA066D6BE4B37A5530CABBEBBE8C2","AT","PR","4119806","6CDEA066D6BE4B37A5530CABBEBBE8C2","PR41198066CDEA066D6BE4B37A5530CABBEBBE8C2"
"975","PR-4119806-56805259F42749939F5FDF2D49DCC831","AT","PR","4119806","56805259F42749939F5FDF2D49DCC831","PR411980656805259F42749939F5FDF2D49DCC831"
"976","PR-4119806-24D6481106D444FF93F6E8F13E89D25A","AT","PR","4119806","24D6481106D444FF93F6E8F13E89D25A","PR411980624D6481106D444FF93F6E8F13E89D25A"
"977","PR-4119806-15477BB0063D4750BDAA1E6C84DD0CEF","AT","PR","4119806","15477BB0063D4750BDAA1E6C84DD0CEF","PR411980615477BB0063D4750BDAA1E6C84DD0CEF"
"978","PR-4119806-F05E8D3109E24AC98A48DF45C3F2B6F4","AT","PR","4119806","F05E8D3109E24AC98A48DF45C3F2B6F4","PR4119806F05E8D3109E24AC98A48DF45C3F2B6F4"
"979","PR-4119806-AC24A73C15F54B90B3EA61BF353B9210","AT","PR","4119806","AC24A73C15F54B90B3EA61BF353B9210","PR4119806AC24A73C15F54B90B3EA61BF353B9210"
"980","PR-4119806-072E257D97B841068673D0B7CD2F46DF","AT","PR","4119806","072E257D97B841068673D0B7CD2F46DF","PR4119806072E257D97B841068673D0B7CD2F46DF"
"981","PR-4119806-9FAC1FE26B2548A0B16BB143EF967E6C","AT","PR","4119806","9FAC1FE26B2548A0B16BB143EF967E6C","PR41198069FAC1FE26B2548A0B16BB143EF967E6C"
"982","PR-4119806-B7C2B98F5B244514A9AD8ADB554F21AA","AT","PR","4119806","B7C2B98F5B244514A9AD8ADB554F21AA","PR4119806B7C2B98F5B244514A9AD8ADB554F21AA"
"983","PR-4119806-AEBFD51B95F04CBBA2E51AA39A3F5D3E","AT","PR","4119806","AEBFD51B95F04CBBA2E51AA39A3F5D3E","PR4119806AEBFD51B95F04CBBA2E51AA39A3F5D3E"
"984","PR-4119806-D7D53173169A421AA8D5F5A3DA0180FD","AT","PR","4119806","D7D53173169A421AA8D5F5A3DA0180FD","PR4119806D7D53173169A421AA8D5F5A3DA0180FD"
"985","PR-4119806-79DD4C16A21F451FBBAA196377B18164","AT","PR","4119806","79DD4C16A21F451FBBAA196377B18164","PR411980679DD4C16A21F451FBBAA196377B18164"
"986","PR-4119806-6126A790F4654D2885F13BD2CFD11069","AT","PR","4119806","6126A790F4654D2885F13BD2CFD11069","PR41198066126A790F4654D2885F13BD2CFD11069"
"987","PR-4119806-A0C8266D4A3A49DDAF842D89E63A6B2E","AT","PR","4119806","A0C8266D4A3A49DDAF842D89E63A6B2E","PR4119806A0C8266D4A3A49DDAF842D89E63A6B2E"
"988","PR-4119806-54EC2CF1D99D4E5284775FC3D2E931A7","AT","PR","4119806","54EC2CF1D99D4E5284775FC3D2E931A7","PR411980654EC2CF1D99D4E5284775FC3D2E931A7"
"989","PR-4119806-6C99C28F187A4D35ACF957674E15B73A","AT","PR","4119806","6C99C28F187A4D35ACF957674E15B73A","PR41198066C99C28F187A4D35ACF957674E15B73A"
"990","PR-4119806-55F135DFB59041EE864548D664FE92FC","AT","PR","4119806","55F135DFB59041EE864548D664FE92FC","PR411980655F135DFB59041EE864548D664FE92FC"
"991","PR-4119806-0359053E0F404E6C83C85348E5B3F7CB","AT","PR","4119806","0359053E0F404E6C83C85348E5B3F7CB","PR41198060359053E0F404E6C83C85348E5B3F7CB"
"992","PR-4119806-804EC25811FB4C7FBA6D2696882C57A2","AT","PR","4119806","804EC25811FB4C7FBA6D2696882C57A2","PR4119806804EC25811FB4C7FBA6D2696882C57A2"
"993","PR-4119806-FC86A45D86F54E2393C1AD7BF17BD111","AT","PR","4119806","FC86A45D86F54E2393C1AD7BF17BD111","PR4119806FC86A45D86F54E2393C1AD7BF17BD111"
"994","PR-4119806-EA04E18AB53B4BB789D49E825CD79660","AT","PR","4119806","EA04E18AB53B4BB789D49E825CD79660","PR4119806EA04E18AB53B4BB789D49E825CD79660"
"995","PR-4119806-B77CCE82F3AC4F6A85D5F33F43F69AB2","AT","PR","4119806","B77CCE82F3AC4F6A85D5F33F43F69AB2","PR4119806B77CCE82F3AC4F6A85D5F33F43F69AB2"
"996","PR-4119806-C81A0AB8956343109822907849C9F43D","AT","PR","4119806","C81A0AB8956343109822907849C9F43D","PR4119806C81A0AB8956343109822907849C9F43D"
"997","PR-4119806-CC48EFBDE9904083A2066A54E8703C76","AT","PR","4119806","CC48EFBDE9904083A2066A54E8703C76","PR4119806CC48EFBDE9904083A2066A54E8703C76"
"998","PR-4119806-99D9FA023D0940A1AC4A6C9570178C65","AT","PR","4119806","99D9FA023D0940A1AC4A6C9570178C65","PR411980699D9FA023D0940A1AC4A6C9570178C65"
"999","PR-4119806-427B127E3149446FB66606A1CB86B5AF","AT","PR","4119806","427B127E3149446FB66606A1CB86B5AF","PR4119806427B127E3149446FB66606A1CB86B5AF"
"1000","PR-4119806-4E9691CBEC9948D38BB1E2B6D0EDB225","AT","PR","4119806","4E9691CBEC9948D38BB1E2B6D0EDB225","PR41198064E9691CBEC9948D38BB1E2B6D0EDB225"
"1001","PR-4119806-47FA9843757D442AAB52E451A4FA53D5","AT","PR","4119806","47FA9843757D442AAB52E451A4FA53D5","PR411980647FA9843757D442AAB52E451A4FA53D5"
"1002","PR-4119806-5DF37EEF55E549868783D8A8FA7BBF43","AT","PR","4119806","5DF37EEF55E549868783D8A8FA7BBF43","PR41198065DF37EEF55E549868783D8A8FA7BBF43"
"1003","PR-4119806-20186C1F506940798396ACD631982C90","AT","PR","4119806","20186C1F506940798396ACD631982C90","PR411980620186C1F506940798396ACD631982C90"
"1004","PR-4119806-749FD53D20084FCDB93FAF3451B65557","AT","PR","4119806","749FD53D20084FCDB93FAF3451B65557","PR4119806749FD53D20084FCDB93FAF3451B65557"
"1005","PR-4119806-33D7B50BC1B44B99A50D646361194717","AT","PR","4119806","33D7B50BC1B44B99A50D646361194717","PR411980633D7B50BC1B44B99A50D646361194717"
"1006","PR-4119806-0660B85B699B4192AB07DE76BD4241AE","AT","PR","4119806","0660B85B699B4192AB07DE76BD4241AE","PR41198060660B85B699B4192AB07DE76BD4241AE"
"1007","PR-4119806-5E6D54688C094986B157D33A6456C73B","AT","PR","4119806","5E6D54688C094986B157D33A6456C73B","PR41198065E6D54688C094986B157D33A6456C73B"
"1008","PR-4119806-35ABE303CC7B4E3F90658C712BE2F757","AT","PR","4119806","35ABE303CC7B4E3F90658C712BE2F757","PR411980635ABE303CC7B4E3F90658C712BE2F757"
"1009","PR-4119806-6B1C3E0A589142C1B614F688CB852C40","AT","PR","4119806","6B1C3E0A589142C1B614F688CB852C40","PR41198066B1C3E0A589142C1B614F688CB852C40"
"1010","PR-4119806-CEB48582F6C04B2DA5227CD6F208E470","AT","PR","4119806","CEB48582F6C04B2DA5227CD6F208E470","PR4119806CEB48582F6C04B2DA5227CD6F208E470"
"1011","PR-4119806-004EBF32DF134E96AE87A646DF981798","AT","PR","4119806","004EBF32DF134E96AE87A646DF981798","PR4119806004EBF32DF134E96AE87A646DF981798"
"1012","PR-4119806-7B985F98FA3D4282A8489C3B8A5F0D41","AT","PR","4119806","7B985F98FA3D4282A8489C3B8A5F0D41","PR41198067B985F98FA3D4282A8489C3B8A5F0D41"
"1013","PR-4119806-DF67C184CDE44EE4A22DFFD3CAC31803","AT","PR","4119806","DF67C184CDE44EE4A22DFFD3CAC31803","PR4119806DF67C184CDE44EE4A22DFFD3CAC31803"
"1014","PR-4119806-66B41F795F394A69A36B6CB050E61AFE","AT","PR","4119806","66B41F795F394A69A36B6CB050E61AFE","PR411980666B41F795F394A69A36B6CB050E61AFE"
"1015","PR-4119806-C1E6B425D80E4191B9D87D71CA277C66","AT","PR","4119806","C1E6B425D80E4191B9D87D71CA277C66","PR4119806C1E6B425D80E4191B9D87D71CA277C66"
"1016","PR-4119806-9CC8F29FF9FC4F579A3BF592DA1AED66","AT","PR","4119806","9CC8F29FF9FC4F579A3BF592DA1AED66","PR41198069CC8F29FF9FC4F579A3BF592DA1AED66"
"1017","PR-4119806-A78B6AD87EE04A6982E0DFFCBADD197F","AT","PR","4119806","A78B6AD87EE04A6982E0DFFCBADD197F","PR4119806A78B6AD87EE04A6982E0DFFCBADD197F"
"1018","PR-4119806-45881B29A61E408BACE257494A3898B2","AT","PR","4119806","45881B29A61E408BACE257494A3898B2","PR411980645881B29A61E408BACE257494A3898B2"
"1019","PR-4119806-64EF27ADB4DC422E80F2585B7E531F3B","PE","PR","4119806","64EF27ADB4DC422E80F2585B7E531F3B","PR411980664EF27ADB4DC422E80F2585B7E531F3B"
"1020","PR-4119806-8BE958E48E6C408B8E9F04AEFAD2B093","PE","PR","4119806","8BE958E48E6C408B8E9F04AEFAD2B093","PR41198068BE958E48E6C408B8E9F04AEFAD2B093"
"1021","PR-4119806-9888CA1A88B241BC9767BF24F316A069","AT","PR","4119806","9888CA1A88B241BC9767BF24F316A069","PR41198069888CA1A88B241BC9767BF24F316A069"
"1022","PR-4119806-623AFFB9CC5E4B70827E98A9649C7DD0","AT","PR","4119806","623AFFB9CC5E4B70827E98A9649C7DD0","PR4119806623AFFB9CC5E4B70827E98A9649C7DD0"
"1023","PR-4119806-04D6533410AB424EAF5C7671BF28573D","AT","PR","4119806","04D6533410AB424EAF5C7671BF28573D","PR411980604D6533410AB424EAF5C7671BF28573D"
"1024","PR-4119806-41EEB202F4E24BD3B21CF632B7BF9C8E","AT","PR","4119806","41EEB202F4E24BD3B21CF632B7BF9C8E","PR411980641EEB202F4E24BD3B21CF632B7BF9C8E"
"1025","PR-4119806-5DD529645D1D49029D0C5759DE2B08A6","AT","PR","4119806","5DD529645D1D49029D0C5759DE2B08A6","PR41198065DD529645D1D49029D0C5759DE2B08A6"
"1026","PR-4119806-764FA1BD1FB644DB86858BB72144EC48","AT","PR","4119806","764FA1BD1FB644DB86858BB72144EC48","PR4119806764FA1BD1FB644DB86858BB72144EC48"
"1027","PR-4119806-53EB0D67A3244D7AB96E5B2C8A1DC2AC","AT","PR","4119806","53EB0D67A3244D7AB96E5B2C8A1DC2AC","PR411980653EB0D67A3244D7AB96E5B2C8A1DC2AC"
"1028","PR-4119806-2214837B917E40C48E98454C1E00DD6D","AT","PR","4119806","2214837B917E40C48E98454C1E00DD6D","PR41198062214837B917E40C48E98454C1E00DD6D"
"1029","PR-4119806-82D8C86BD23A4E25ABC670E4CC7D78F5","AT","PR","4119806","82D8C86BD23A4E25ABC670E4CC7D78F5","PR411980682D8C86BD23A4E25ABC670E4CC7D78F5"
"1030","PR-4119806-375C372CC6664C20881945C6C81B61B9","AT","PR","4119806","375C372CC6664C20881945C6C81B61B9","PR4119806375C372CC6664C20881945C6C81B61B9"
"1031","PR-4119806-D976C86A6FBF4BE89FE5581BCB4C6198","AT","PR","4119806","D976C86A6FBF4BE89FE5581BCB4C6198","PR4119806D976C86A6FBF4BE89FE5581BCB4C6198"
"1032","PR-4119806-1B15BEB9DB28409D97AC30C59ABC6122","AT","PR","4119806","1B15BEB9DB28409D97AC30C59ABC6122","PR41198061B15BEB9DB28409D97AC30C59ABC6122"
"1033","PR-4119806-E61165B3CBC74440A02E1D554A910454","AT","PR","4119806","E61165B3CBC74440A02E1D554A910454","PR4119806E61165B3CBC74440A02E1D554A910454"
"1034","PR-4119806-299BA694B9DE43FC899D72A65C7C48BD","AT","PR","4119806","299BA694B9DE43FC899D72A65C7C48BD","PR4119806299BA694B9DE43FC899D72A65C7C48BD"
"1035","PR-4119806-582C229756C6498992F74B68F143B4F9","AT","PR","4119806","582C229756C6498992F74B68F143B4F9","PR4119806582C229756C6498992F74B68F143B4F9"
"1036","PR-4119806-E5B4943A33D244E2A278AC5B5887E502","AT","PR","4119806","E5B4943A33D244E2A278AC5B5887E502","PR4119806E5B4943A33D244E2A278AC5B5887E502"
"1037","PR-4119806-C7F349A7A1314EB29E14E672F2C45604","AT","PR","4119806","C7F349A7A1314EB29E14E672F2C45604","PR4119806C7F349A7A1314EB29E14E672F2C45604"
"1038","PR-4119806-4222B4ACF4C447329A777CA8501C6AF7","AT","PR","4119806","4222B4ACF4C447329A777CA8501C6AF7","PR41198064222B4ACF4C447329A777CA8501C6AF7"
"1039","PR-4119806-EC58687484E2490A879FF3774F4FEC07","AT","PR","4119806","EC58687484E2490A879FF3774F4FEC07","PR4119806EC58687484E2490A879FF3774F4FEC07"
"1040","PR-4119806-D44BD12D14E34FE7961AAB6EB71A5F40","AT","PR","4119806","D44BD12D14E34FE7961AAB6EB71A5F40","PR4119806D44BD12D14E34FE7961AAB6EB71A5F40"
"1041","PR-4119806-1C0C306365D642A4B4C075711DC8B16B","AT","PR","4119806","1C0C306365D642A4B4C075711DC8B16B","PR41198061C0C306365D642A4B4C075711DC8B16B"
"1042","PR-4119806-296CE4DFB3D74258A43145DB338A22C4","AT","PR","4119806","296CE4DFB3D74258A43145DB338A22C4","PR4119806296CE4DFB3D74258A43145DB338A22C4"
"1043","PR-4119806-590507E3A4004F09846271AC5F7D85DD","AT","PR","4119806","590507E3A4004F09846271AC5F7D85DD","PR4119806590507E3A4004F09846271AC5F7D85DD"
"1044","PR-4119806-3D6AB45477354925A892F6DCBF1E925A","AT","PR","4119806","3D6AB45477354925A892F6DCBF1E925A","PR41198063D6AB45477354925A892F6DCBF1E925A"
"1045","PR-4119806-FB0CB9EFEC85443EB9673805152ECC80","AT","PR","4119806","FB0CB9EFEC85443EB9673805152ECC80","PR4119806FB0CB9EFEC85443EB9673805152ECC80"
"1046","PR-4119806-252A2CF77A2843948E3854D3339EDFC7","AT","PR","4119806","252A2CF77A2843948E3854D3339EDFC7","PR4119806252A2CF77A2843948E3854D3339EDFC7"
"1047","PR-4119806-D45DD181778C429E91013919AF10ACAB","AT","PR","4119806","D45DD181778C429E91013919AF10ACAB","PR4119806D45DD181778C429E91013919AF10ACAB"
"1048","PR-4119806-16EC6ADB167A490E8CCE7F7ABCFFA8AE","AT","PR","4119806","16EC6ADB167A490E8CCE7F7ABCFFA8AE","PR411980616EC6ADB167A490E8CCE7F7ABCFFA8AE"
"1049","PR-4119806-DC06F2C2793C4676818A32A1275F3FA8","AT","PR","4119806","DC06F2C2793C4676818A32A1275F3FA8","PR4119806DC06F2C2793C4676818A32A1275F3FA8"
"1050","PR-4119806-517B5C0EBAED4D068A1DE765186A1B09","AT","PR","4119806","517B5C0EBAED4D068A1DE765186A1B09","PR4119806517B5C0EBAED4D068A1DE765186A1B09"
"1051","PR-4119806-863695905577437885161E888A51D22B","AT","PR","4119806","863695905577437885161E888A51D22B","PR4119806863695905577437885161E888A51D22B"
"1052","PR-4119806-46C4130411D5433CA243F40B1481602F","AT","PR","4119806","46C4130411D5433CA243F40B1481602F","PR411980646C4130411D5433CA243F40B1481602F"
"1053","PR-4119806-EED73130D87047BAB80A3400A557E176","AT","PR","4119806","EED73130D87047BAB80A3400A557E176","PR4119806EED73130D87047BAB80A3400A557E176"
"1054","PR-4119806-B387F15AAA0E44DAB1F7B5E29360483C","AT","PR","4119806","B387F15AAA0E44DAB1F7B5E29360483C","PR4119806B387F15AAA0E44DAB1F7B5E29360483C"
"1055","PR-4119806-96140E267CC64895B1C0243BCDDBA407","AT","PR","4119806","96140E267CC64895B1C0243BCDDBA407","PR411980696140E267CC64895B1C0243BCDDBA407"
"1056","PR-4119806-3CF3E67FB2DB4BEC967A952CB76E3CC6","AT","PR","4119806","3CF3E67FB2DB4BEC967A952CB76E3CC6","PR41198063CF3E67FB2DB4BEC967A952CB76E3CC6"
"1057","PR-4119806-408014FE7AB14317A308D0C2E7394559","AT","PR","4119806","408014FE7AB14317A308D0C2E7394559","PR4119806408014FE7AB14317A308D0C2E7394559"
"1058","PR-4119806-F4A97E5DAF5041DD8B802DAEBE09581A","AT","PR","4119806","F4A97E5DAF5041DD8B802DAEBE09581A","PR4119806F4A97E5DAF5041DD8B802DAEBE09581A"
"1059","PR-4119806-ABE3266C21634ABDAC8E3EE165269251","AT","PR","4119806","ABE3266C21634ABDAC8E3EE165269251","PR4119806ABE3266C21634ABDAC8E3EE165269251"
"1060","PR-4119806-14A305187A974A0BA707EEFE6314AD67","AT","PR","4119806","14A305187A974A0BA707EEFE6314AD67","PR411980614A305187A974A0BA707EEFE6314AD67"
"1061","PR-4119806-3FE8A9C4E7534998BA2C7CF152F0300D","AT","PR","4119806","3FE8A9C4E7534998BA2C7CF152F0300D","PR41198063FE8A9C4E7534998BA2C7CF152F0300D"
"1062","PR-4119806-D45DB9534A08427FA960080A21BBEEB2","AT","PR","4119806","D45DB9534A08427FA960080A21BBEEB2","PR4119806D45DB9534A08427FA960080A21BBEEB2"
"1063","PR-4119806-61A5E6A123C04EBA8D52FA9F0A048C8F","AT","PR","4119806","61A5E6A123C04EBA8D52FA9F0A048C8F","PR411980661A5E6A123C04EBA8D52FA9F0A048C8F"
"1064","PR-4119806-08B20DF55DD7458DBD569ABD52EBB187","AT","PR","4119806","08B20DF55DD7458DBD569ABD52EBB187","PR411980608B20DF55DD7458DBD569ABD52EBB187"
"1065","PR-4119806-501E4C24AE7C419D9BF88D76559AF162","AT","PR","4119806","501E4C24AE7C419D9BF88D76559AF162","PR4119806501E4C24AE7C419D9BF88D76559AF162"
"1066","PR-4119806-ED3284CD27824D72A8F189AC1AEB9ACF","AT","PR","4119806","ED3284CD27824D72A8F189AC1AEB9ACF","PR4119806ED3284CD27824D72A8F189AC1AEB9ACF"
"1067","PR-4119806-C268730C6E534C9983A33CDD0FF1AD9A","AT","PR","4119806","C268730C6E534C9983A33CDD0FF1AD9A","PR4119806C268730C6E534C9983A33CDD0FF1AD9A"
"1068","PR-4119806-5E02F69891224EE98C0DFEBEEDC93B60","AT","PR","4119806","5E02F69891224EE98C0DFEBEEDC93B60","PR41198065E02F69891224EE98C0DFEBEEDC93B60"
"1069","PR-4119806-42ABD1B3DC7540DB8A9475D6306C7159","AT","PR","4119806","42ABD1B3DC7540DB8A9475D6306C7159","PR411980642ABD1B3DC7540DB8A9475D6306C7159"
"1070","PR-4119806-27A4E5A1354A4787AF725ED019F36E1E","AT","PR","4119806","27A4E5A1354A4787AF725ED019F36E1E","PR411980627A4E5A1354A4787AF725ED019F36E1E"
"1071","PR-4119806-8F356B20B4244D01830FD43BC347B444","AT","PR","4119806","8F356B20B4244D01830FD43BC347B444","PR41198068F356B20B4244D01830FD43BC347B444"
"1072","PR-4119806-EAB3D6FB9F7E45F3906A083CCEFA6F20","AT","PR","4119806","EAB3D6FB9F7E45F3906A083CCEFA6F20","PR4119806EAB3D6FB9F7E45F3906A083CCEFA6F20"
"1073","PR-4119806-7B9D12B2F8C642618355E998423A8E1F","AT","PR","4119806","7B9D12B2F8C642618355E998423A8E1F","PR41198067B9D12B2F8C642618355E998423A8E1F"
"1074","PR-4119806-90B22C33A8F9495387D947ED3DB73CFC","AT","PR","4119806","90B22C33A8F9495387D947ED3DB73CFC","PR411980690B22C33A8F9495387D947ED3DB73CFC"
"1075","PR-4119806-7CA18B77F3B84ACE8CC433F7360C5E62","AT","PR","4119806","7CA18B77F3B84ACE8CC433F7360C5E62","PR41198067CA18B77F3B84ACE8CC433F7360C5E62"
"1076","PR-4119806-45971DDA178A445589FAD1CA5E88AE4C","AT","PR","4119806","45971DDA178A445589FAD1CA5E88AE4C","PR411980645971DDA178A445589FAD1CA5E88AE4C"
"1077","PR-4119806-374304A4037845DCBB8C7D7BB0D5FD3D","AT","PR","4119806","374304A4037845DCBB8C7D7BB0D5FD3D","PR4119806374304A4037845DCBB8C7D7BB0D5FD3D"
"1078","PR-4119806-726B54DB7CE54B658606786AAE1587D0","AT","PR","4119806","726B54DB7CE54B658606786AAE1587D0","PR4119806726B54DB7CE54B658606786AAE1587D0"
"1079","PR-4119806-54AEC5FF99804AEB8255A7E948547499","AT","PR","4119806","54AEC5FF99804AEB8255A7E948547499","PR411980654AEC5FF99804AEB8255A7E948547499"
"1080","PR-4119806-1BF702C18241401D91DF2668135B91D8","AT","PR","4119806","1BF702C18241401D91DF2668135B91D8","PR41198061BF702C18241401D91DF2668135B91D8"
"1081","PR-4119806-22D7D91B6FA14DD583076DD276DAD469","AT","PR","4119806","22D7D91B6FA14DD583076DD276DAD469","PR411980622D7D91B6FA14DD583076DD276DAD469"
"1082","PR-4119806-21F9BEC8AD96403E9ED6E12418C30C24","AT","PR","4119806","21F9BEC8AD96403E9ED6E12418C30C24","PR411980621F9BEC8AD96403E9ED6E12418C30C24"
"1083","PR-4119806-43059F48ADD1413DAB8369D85F666EFD","AT","PR","4119806","43059F48ADD1413DAB8369D85F666EFD","PR411980643059F48ADD1413DAB8369D85F666EFD"
"1084","PR-4119806-25EF71BA29B547B394C0785F2F8791DA","AT","PR","4119806","25EF71BA29B547B394C0785F2F8791DA","PR411980625EF71BA29B547B394C0785F2F8791DA"
"1085","PR-4119806-D86CAFD03B7845958739ACDDF329DE25","AT","PR","4119806","D86CAFD03B7845958739ACDDF329DE25","PR4119806D86CAFD03B7845958739ACDDF329DE25"
"1086","PR-4119806-4A82CAAAD5314DDEADAFB2120ABAAD0E","AT","PR","4119806","4A82CAAAD5314DDEADAFB2120ABAAD0E","PR41198064A82CAAAD5314DDEADAFB2120ABAAD0E"
"1087","PR-4119806-FAE82A6A6DDB4564A3C2E8895F62B172","AT","PR","4119806","FAE82A6A6DDB4564A3C2E8895F62B172","PR4119806FAE82A6A6DDB4564A3C2E8895F62B172"
"1088","PR-4119806-6FF738CACD584D40A790846A4A081BB3","AT","PR","4119806","6FF738CACD584D40A790846A4A081BB3","PR41198066FF738CACD584D40A790846A4A081BB3"
"1089","PR-4119806-82B613E68708427BB16C5A8B1517F2BD","AT","PR","4119806","82B613E68708427BB16C5A8B1517F2BD","PR411980682B613E68708427BB16C5A8B1517F2BD"
"1090","PR-4119806-62774C1D4E5A4129B195E42B87B99C96","AT","PR","4119806","62774C1D4E5A4129B195E42B87B99C96","PR411980662774C1D4E5A4129B195E42B87B99C96"
"1091","PR-4119806-A2FC75E9B2D846DAA03870D5ACFC121B","AT","PR","4119806","A2FC75E9B2D846DAA03870D5ACFC121B","PR4119806A2FC75E9B2D846DAA03870D5ACFC121B"
"1092","PR-4119806-89CCE4B88BC7485EB448DFDFE0E9625D","AT","PR","4119806","89CCE4B88BC7485EB448DFDFE0E9625D","PR411980689CCE4B88BC7485EB448DFDFE0E9625D"
"1093","PR-4119806-2A561DDA4DB54AE0909E4A30D2FC4280","AT","PR","4119806","2A561DDA4DB54AE0909E4A30D2FC4280","PR41198062A561DDA4DB54AE0909E4A30D2FC4280"
"1094","PR-4119806-7E44556946E5441698EF5D92D7A45186","AT","PR","4119806","7E44556946E5441698EF5D92D7A45186","PR41198067E44556946E5441698EF5D92D7A45186"
"1095","PR-4119806-28B962D8364D4CA7A74D9DCBF6F3527A","AT","PR","4119806","28B962D8364D4CA7A74D9DCBF6F3527A","PR411980628B962D8364D4CA7A74D9DCBF6F3527A"
"1096","PR-4119806-2E0F11485B7F4C1CA0AF299EBD480BEB","AT","PR","4119806","2E0F11485B7F4C1CA0AF299EBD480BEB","PR41198062E0F11485B7F4C1CA0AF299EBD480BEB"
"1097","PR-4119806-4961D700416740E1AD6E16006B7A9F6D","AT","PR","4119806","4961D700416740E1AD6E16006B7A9F6D","PR41198064961D700416740E1AD6E16006B7A9F6D"
"1098","PR-4119806-E631A150EEFE4B859660C5479BAC53E1","AT","PR","4119806","E631A150EEFE4B859660C5479BAC53E1","PR4119806E631A150EEFE4B859660C5479BAC53E1"
"1099","PR-4119806-34056F75B35141FFA92D8B5F2C008615","AT","PR","4119806","34056F75B35141FFA92D8B5F2C008615","PR411980634056F75B35141FFA92D8B5F2C008615"
"1100","PR-4119806-6560CF1C964C4915A52B60A5EF2D6FEA","AT","PR","4119806","6560CF1C964C4915A52B60A5EF2D6FEA","PR41198066560CF1C964C4915A52B60A5EF2D6FEA"
"1101","PR-4119806-C2D125025F774EADAACB9102BAB2F404","AT","PR","4119806","C2D125025F774EADAACB9102BAB2F404","PR4119806C2D125025F774EADAACB9102BAB2F404"
"1102","PR-4119806-8FBBEBB9B42740A2B4CF1C46D524B18F","AT","PR","4119806","8FBBEBB9B42740A2B4CF1C46D524B18F","PR41198068FBBEBB9B42740A2B4CF1C46D524B18F"
"1103","PR-4119806-7B070A3C53F64E69BBEDBCE84E2C1868","AT","PR","4119806","7B070A3C53F64E69BBEDBCE84E2C1868","PR41198067B070A3C53F64E69BBEDBCE84E2C1868"
"1104","PR-4119806-D0939A63142B444296BA880DE4B69761","AT","PR","4119806","D0939A63142B444296BA880DE4B69761","PR4119806D0939A63142B444296BA880DE4B69761"
"1105","PR-4119806-CC99616C935B4BCFA02D18025D3E09F8","AT","PR","4119806","CC99616C935B4BCFA02D18025D3E09F8","PR4119806CC99616C935B4BCFA02D18025D3E09F8"
"1106","PR-4119806-8C9E38163F134936BA2E9C99569A9073","AT","PR","4119806","8C9E38163F134936BA2E9C99569A9073","PR41198068C9E38163F134936BA2E9C99569A9073"
"1107","PR-4119806-D2A05918BEC4402786BD05A01AF8600A","AT","PR","4119806","D2A05918BEC4402786BD05A01AF8600A","PR4119806D2A05918BEC4402786BD05A01AF8600A"
"1108","PR-4119806-72E2CDACA6E640E6B895FC1C5B3F245F","AT","PR","4119806","72E2CDACA6E640E6B895FC1C5B3F245F","PR411980672E2CDACA6E640E6B895FC1C5B3F245F"
"1109","PR-4119806-4987B6684023409D8BB29D0D881ECDDE","AT","PR","4119806","4987B6684023409D8BB29D0D881ECDDE","PR41198064987B6684023409D8BB29D0D881ECDDE"
"1110","PR-4119806-641C07AB54E14766968EA428DADB5548","AT","PR","4119806","641C07AB54E14766968EA428DADB5548","PR4119806641C07AB54E14766968EA428DADB5548"
"1111","PR-4119806-C5D1FF1E63314EBDA1EA1F54F39C2B33","AT","PR","4119806","C5D1FF1E63314EBDA1EA1F54F39C2B33","PR4119806C5D1FF1E63314EBDA1EA1F54F39C2B33"
"1112","PR-4119806-87064BCEC3C54D1683D59C31FA23720F","AT","PR","4119806","87064BCEC3C54D1683D59C31FA23720F","PR411980687064BCEC3C54D1683D59C31FA23720F"
"1113","PR-4119806-EA5FD3DC8B4D4E6682E6B7BFD1B7636C","AT","PR","4119806","EA5FD3DC8B4D4E6682E6B7BFD1B7636C","PR4119806EA5FD3DC8B4D4E6682E6B7BFD1B7636C"
"1114","PR-4119806-695C048A0AA54962BC9F614CC0E15606","AT","PR","4119806","695C048A0AA54962BC9F614CC0E15606","PR4119806695C048A0AA54962BC9F614CC0E15606"
"1115","PR-4119806-8C82772FDDF748E9827796CD84190E79","AT","PR","4119806","8C82772FDDF748E9827796CD84190E79","PR41198068C82772FDDF748E9827796CD84190E79"
"1116","PR-4119806-72D1C603914D4865859315487818405D","AT","PR","4119806","72D1C603914D4865859315487818405D","PR411980672D1C603914D4865859315487818405D"
"1117","PR-4119806-AC5FCB9BBA9649299ABEF181CF95522A","AT","PR","4119806","AC5FCB9BBA9649299ABEF181CF95522A","PR4119806AC5FCB9BBA9649299ABEF181CF95522A"
"1118","PR-4119806-F095D9D28B6F486DACC2C5AF92DB78E1","AT","PR","4119806","F095D9D28B6F486DACC2C5AF92DB78E1","PR4119806F095D9D28B6F486DACC2C5AF92DB78E1"
"1119","PR-4119806-C0ACBB6A96584F6AA1AEFA7C5FB382D6","AT","PR","4119806","C0ACBB6A96584F6AA1AEFA7C5FB382D6","PR4119806C0ACBB6A96584F6AA1AEFA7C5FB382D6"
"1120","PR-4119806-EC10B996FBB24FFDACF5556EEE482824","AT","PR","4119806","EC10B996FBB24FFDACF5556EEE482824","PR4119806EC10B996FBB24FFDACF5556EEE482824"
"1121","PR-4119806-F58E3988833948F4BA7C5D864B830D0C","AT","PR","4119806","F58E3988833948F4BA7C5D864B830D0C","PR4119806F58E3988833948F4BA7C5D864B830D0C"
"1122","PR-4119806-0A7D59FBDE1844128724A7E9D859685C","AT","PR","4119806","0A7D59FBDE1844128724A7E9D859685C","PR41198060A7D59FBDE1844128724A7E9D859685C"
"1123","PR-4119806-621F856F45304A56BF06D314B1A7677A","AT","PR","4119806","621F856F45304A56BF06D314B1A7677A","PR4119806621F856F45304A56BF06D314B1A7677A"
"1124","PR-4119806-DCE10CD66A92437198D189B391FF5A0B","AT","PR","4119806","DCE10CD66A92437198D189B391FF5A0B","PR4119806DCE10CD66A92437198D189B391FF5A0B"
"1125","PR-4119806-8A22BAD0BE12468088FA0D5EDFBE2F69","AT","PR","4119806","8A22BAD0BE12468088FA0D5EDFBE2F69","PR41198068A22BAD0BE12468088FA0D5EDFBE2F69"
"1126","PR-4119806-654CA76B09C74ADEAA676AB2826CE76A","AT","PR","4119806","654CA76B09C74ADEAA676AB2826CE76A","PR4119806654CA76B09C74ADEAA676AB2826CE76A"
"1127","PR-4119806-E0C38D221079490589C5BBF0C692CC3E","AT","PR","4119806","E0C38D221079490589C5BBF0C692CC3E","PR4119806E0C38D221079490589C5BBF0C692CC3E"
"1128","PR-4119806-F64959BF2F18411EB2A43241A1671557","AT","PR","4119806","F64959BF2F18411EB2A43241A1671557","PR4119806F64959BF2F18411EB2A43241A1671557"
"1129","PR-4119806-E09353C5941F409197153174BEB49E21","AT","PR","4119806","E09353C5941F409197153174BEB49E21","PR4119806E09353C5941F409197153174BEB49E21"
"1130","PR-4119806-A64E555B323B4337AF07B288AA0D1438","AT","PR","4119806","A64E555B323B4337AF07B288AA0D1438","PR4119806A64E555B323B4337AF07B288AA0D1438"
"1131","PR-4119806-F6E5AEFD38A245F0A15B478B2C03E945","AT","PR","4119806","F6E5AEFD38A245F0A15B478B2C03E945","PR4119806F6E5AEFD38A245F0A15B478B2C03E945"
"1132","PR-4119806-568D6DD7A086411E8E5BC05064FC5D0C","AT","PR","4119806","568D6DD7A086411E8E5BC05064FC5D0C","PR4119806568D6DD7A086411E8E5BC05064FC5D0C"
"1133","PR-4119806-89042E868B314646AEE2583F08B2D426","AT","PR","4119806","89042E868B314646AEE2583F08B2D426","PR411980689042E868B314646AEE2583F08B2D426"
"1134","PR-4119806-7E480C096CFC4EEF9C264CFB765142F7","AT","PR","4119806","7E480C096CFC4EEF9C264CFB765142F7","PR41198067E480C096CFC4EEF9C264CFB765142F7"
"1135","PR-4119806-E88CB39E9705489D9FABE0F66B1C6037","AT","PR","4119806","E88CB39E9705489D9FABE0F66B1C6037","PR4119806E88CB39E9705489D9FABE0F66B1C6037"
"1136","PR-4119806-312D9A2EB5D04047A8D6856AAB63E428","AT","PR","4119806","312D9A2EB5D04047A8D6856AAB63E428","PR4119806312D9A2EB5D04047A8D6856AAB63E428"
"1137","PR-4119806-701909CFB13A46488A16901EF474E943","AT","PR","4119806","701909CFB13A46488A16901EF474E943","PR4119806701909CFB13A46488A16901EF474E943"
"1138","PR-4119806-7BDF06BE6C51497597B49E7D5D8364D0","AT","PR","4119806","7BDF06BE6C51497597B49E7D5D8364D0","PR41198067BDF06BE6C51497597B49E7D5D8364D0"
"1139","PR-4119806-ECF8DDAA4145442EAF0DE453BF6D8DBF","AT","PR","4119806","ECF8DDAA4145442EAF0DE453BF6D8DBF","PR4119806ECF8DDAA4145442EAF0DE453BF6D8DBF"
"1140","PR-4119806-72B3F2A60A684BD88DA976EAA4D0FB3A","AT","PR","4119806","72B3F2A60A684BD88DA976EAA4D0FB3A","PR411980672B3F2A60A684BD88DA976EAA4D0FB3A"
"1141","PR-4119806-6E6B45FCD21C472EB808B152E1E664BE","AT","PR","4119806","6E6B45FCD21C472EB808B152E1E664BE","PR41198066E6B45FCD21C472EB808B152E1E664BE"
"1142","PR-4119806-16F67CCEA8584640928CB0FBC0F4570A","AT","PR","4119806","16F67CCEA8584640928CB0FBC0F4570A","PR411980616F67CCEA8584640928CB0FBC0F4570A"
"1143","PR-4119806-7DF400474A7F4D2BB69E1D8C7FD15918","AT","PR","4119806","7DF400474A7F4D2BB69E1D8C7FD15918","PR41198067DF400474A7F4D2BB69E1D8C7FD15918"
"1144","PR-4119806-9D4BF7A38828474596B921794752BFC1","AT","PR","4119806","9D4BF7A38828474596B921794752BFC1","PR41198069D4BF7A38828474596B921794752BFC1"
"1145","PR-4119806-4B33A65F1A624EF584A5EB66BEFB4990","AT","PR","4119806","4B33A65F1A624EF584A5EB66BEFB4990","PR41198064B33A65F1A624EF584A5EB66BEFB4990"
"1146","PR-4119806-8FA7613A6C2842899066E9851F683F28","AT","PR","4119806","8FA7613A6C2842899066E9851F683F28","PR41198068FA7613A6C2842899066E9851F683F28"
"1147","PR-4119806-67E329B24081442390DD8489BBB76596","AT","PR","4119806","67E329B24081442390DD8489BBB76596","PR411980667E329B24081442390DD8489BBB76596"
"1148","PR-4119806-CBA7DB604F9F415CA3E1247AE6B9FAB6","AT","PR","4119806","CBA7DB604F9F415CA3E1247AE6B9FAB6","PR4119806CBA7DB604F9F415CA3E1247AE6B9FAB6"
"1149","PR-4119806-805D298054F2469694D77A13E224B7B8","AT","PR","4119806","805D298054F2469694D77A13E224B7B8","PR4119806805D298054F2469694D77A13E224B7B8"
"1150","PR-4119806-0011F36F6923423A86314F1C54357675","AT","PR","4119806","0011F36F6923423A86314F1C54357675","PR41198060011F36F6923423A86314F1C54357675"
"1151","PR-4119806-91DEEA86FD2241A18245732961015094","AT","PR","4119806","91DEEA86FD2241A18245732961015094","PR411980691DEEA86FD2241A18245732961015094"
"1152","PR-4119806-B3AE272881A144AB96BD1A0E7C1FCA5A","AT","PR","4119806","B3AE272881A144AB96BD1A0E7C1FCA5A","PR4119806B3AE272881A144AB96BD1A0E7C1FCA5A"
"1153","PR-4119806-F92666182A9E49F39C7D01B88C0430BA","AT","PR","4119806","F92666182A9E49F39C7D01B88C0430BA","PR4119806F92666182A9E49F39C7D01B88C0430BA"
"1154","PR-4119806-3326ED7516C74188B6844366EAE1960C","AT","PR","4119806","3326ED7516C74188B6844366EAE1960C","PR41198063326ED7516C74188B6844366EAE1960C"
"1155","PR-4119806-A6D0E7A2CF6C4009A7D75E0ED36149FA","AT","PR","4119806","A6D0E7A2CF6C4009A7D75E0ED36149FA","PR4119806A6D0E7A2CF6C4009A7D75E0ED36149FA"
"1156","PR-4119806-257190A8E37044E685AC84D38416BEA5","AT","PR","4119806","257190A8E37044E685AC84D38416BEA5","PR4119806257190A8E37044E685AC84D38416BEA5"
"1157","PR-4119806-7789E24863234224BD52BFE4314C1E36","AT","PR","4119806","7789E24863234224BD52BFE4314C1E36","PR41198067789E24863234224BD52BFE4314C1E36"
"1158","PR-4119806-6DF8FBE58E07439B8EA872E83EF63F74","AT","PR","4119806","6DF8FBE58E07439B8EA872E83EF63F74","PR41198066DF8FBE58E07439B8EA872E83EF63F74"
"1159","PR-4119806-312E5423281B4F0387183DD567BC6A8A","AT","PR","4119806","312E5423281B4F0387183DD567BC6A8A","PR4119806312E5423281B4F0387183DD567BC6A8A"
"1160","PR-4119806-E6EEDF13F1F24C6298376F96545786BC","AT","PR","4119806","E6EEDF13F1F24C6298376F96545786BC","PR4119806E6EEDF13F1F24C6298376F96545786BC"
"1161","PR-4119806-916CC97AD738462391090A4179430191","AT","PR","4119806","916CC97AD738462391090A4179430191","PR4119806916CC97AD738462391090A4179430191"
"1162","PR-4119806-20082A36C4C44159BED90DDCEF167AE2","AT","PR","4119806","20082A36C4C44159BED90DDCEF167AE2","PR411980620082A36C4C44159BED90DDCEF167AE2"
"1163","PR-4119806-34FDB11D623A47AF95C9C6897EFB6C11","AT","PR","4119806","34FDB11D623A47AF95C9C6897EFB6C11","PR411980634FDB11D623A47AF95C9C6897EFB6C11"
"1164","PR-4119806-9E7B80044F854C9D939B591B47312285","AT","PR","4119806","9E7B80044F854C9D939B591B47312285","PR41198069E7B80044F854C9D939B591B47312285"
"1165","PR-4119806-71651E06E228436CB458DC208F501D3E","AT","PR","4119806","71651E06E228436CB458DC208F501D3E","PR411980671651E06E228436CB458DC208F501D3E"
"1166","PR-4119806-E470ACCAB0A449E79F991E2304882BB4","AT","PR","4119806","E470ACCAB0A449E79F991E2304882BB4","PR4119806E470ACCAB0A449E79F991E2304882BB4"
"1167","PR-4119806-6D0206E7591F4DB3B76CDABA293E520D","AT","PR","4119806","6D0206E7591F4DB3B76CDABA293E520D","PR41198066D0206E7591F4DB3B76CDABA293E520D"
"1168","PR-4119806-E7B4E6DA3D404959BAA8BFCCA1B9D1B5","AT","PR","4119806","E7B4E6DA3D404959BAA8BFCCA1B9D1B5","PR4119806E7B4E6DA3D404959BAA8BFCCA1B9D1B5"
"1169","PR-4119806-5ABC75773F78427C807A64AF62ABA08B","AT","PR","4119806","5ABC75773F78427C807A64AF62ABA08B","PR41198065ABC75773F78427C807A64AF62ABA08B"
"1170","PR-4119806-BDCCDACF12B04DDC9BA4D7523BC5BEFD","AT","PR","4119806","BDCCDACF12B04DDC9BA4D7523BC5BEFD","PR4119806BDCCDACF12B04DDC9BA4D7523BC5BEFD"
"1171","PR-4119806-F2ABDA8EA079447F894DA70355431531","AT","PR","4119806","F2ABDA8EA079447F894DA70355431531","PR4119806F2ABDA8EA079447F894DA70355431531"
"1172","PR-4119806-5EC1812B73DF45528FF35B7683082FA1","AT","PR","4119806","5EC1812B73DF45528FF35B7683082FA1","PR41198065EC1812B73DF45528FF35B7683082FA1"
"1173","PR-4119806-1546CAF422A24D47B1BBBB24D0AF96C8","AT","PR","4119806","1546CAF422A24D47B1BBBB24D0AF96C8","PR41198061546CAF422A24D47B1BBBB24D0AF96C8"
"1174","PR-4119806-EC4B22CD132347BBA3B3630B71FB08D1","AT","PR","4119806","EC4B22CD132347BBA3B3630B71FB08D1","PR4119806EC4B22CD132347BBA3B3630B71FB08D1"
"1175","PR-4119806-FF2940E00CD44B4E89CC09B7F30290E3","AT","PR","4119806","FF2940E00CD44B4E89CC09B7F30290E3","PR4119806FF2940E00CD44B4E89CC09B7F30290E3"
"1176","PR-4119806-7C61CEBDB4E84BD6819882EE9679D948","AT","PR","4119806","7C61CEBDB4E84BD6819882EE9679D948","PR41198067C61CEBDB4E84BD6819882EE9679D948"
"1177","PR-4119806-FF3376BB8C3A45B3BFACEDE1A003DB03","AT","PR","4119806","FF3376BB8C3A45B3BFACEDE1A003DB03","PR4119806FF3376BB8C3A45B3BFACEDE1A003DB03"
"1178","PR-4119806-FFFD4C150AF04B55B521CF61CED198F7","AT","PR","4119806","FFFD4C150AF04B55B521CF61CED198F7","PR4119806FFFD4C150AF04B55B521CF61CED198F7"
"1179","PR-4119806-880A6B3532FD43859790D12DC1A05298","AT","PR","4119806","880A6B3532FD43859790D12DC1A05298","PR4119806880A6B3532FD43859790D12DC1A05298"
"1180","PR-4119806-5DCE2B87C36F44CD9DB456DA9F190CD2","AT","PR","4119806","5DCE2B87C36F44CD9DB456DA9F190CD2","PR41198065DCE2B87C36F44CD9DB456DA9F190CD2"
"1181","PR-4119806-864749295FB948AAA33A8561FCB13CFD","AT","PR","4119806","864749295FB948AAA33A8561FCB13CFD","PR4119806864749295FB948AAA33A8561FCB13CFD"
"1182","PR-4119806-BF0308E7E69242D49358DB09635C304C","AT","PR","4119806","BF0308E7E69242D49358DB09635C304C","PR4119806BF0308E7E69242D49358DB09635C304C"
"1183","PR-4119806-8C00114AA1304A5F9B010155B130D523","AT","PR","4119806","8C00114AA1304A5F9B010155B130D523","PR41198068C00114AA1304A5F9B010155B130D523"
"1184","PR-4119806-830D818500984A57981B1F609414FCE3","AT","PR","4119806","830D818500984A57981B1F609414FCE3","PR4119806830D818500984A57981B1F609414FCE3"
"1185","PR-4119806-B663A0E6646548F6B41FFC6EB8875B0F","AT","PR","4119806","B663A0E6646548F6B41FFC6EB8875B0F","PR4119806B663A0E6646548F6B41FFC6EB8875B0F"
"1186","PR-4119806-C8EA2FEF61C0450684C88CDE68E32311","AT","PR","4119806","C8EA2FEF61C0450684C88CDE68E32311","PR4119806C8EA2FEF61C0450684C88CDE68E32311"
"1187","PR-4119806-A37D169237E84E48B8533CF13856AB6C","AT","PR","4119806","A37D169237E84E48B8533CF13856AB6C","PR4119806A37D169237E84E48B8533CF13856AB6C"
"1188","PR-4119806-A9451EF66CB9412B8FAEB0C74805E813","AT","PR","4119806","A9451EF66CB9412B8FAEB0C74805E813","PR4119806A9451EF66CB9412B8FAEB0C74805E813"
"1189","PR-4119806-8DA0D2A1D3304659B34AC83910DBEC80","AT","PR","4119806","8DA0D2A1D3304659B34AC83910DBEC80","PR41198068DA0D2A1D3304659B34AC83910DBEC80"
"1190","PR-4119806-F583FF3B5ED44B1D8D88DA5A7913A06A","AT","PR","4119806","F583FF3B5ED44B1D8D88DA5A7913A06A","PR4119806F583FF3B5ED44B1D8D88DA5A7913A06A"
"1191","PR-4119806-668F832FB01E4F7AA456A7B5585028D1","AT","PR","4119806","668F832FB01E4F7AA456A7B5585028D1","PR4119806668F832FB01E4F7AA456A7B5585028D1"
"1192","PR-4119806-AA4122517CA74B7DAE608DD572311A20","AT","PR","4119806","AA4122517CA74B7DAE608DD572311A20","PR4119806AA4122517CA74B7DAE608DD572311A20"
"1193","PR-4119806-7B9AB84EAED7400485AD0C772D499A13","AT","PR","4119806","7B9AB84EAED7400485AD0C772D499A13","PR41198067B9AB84EAED7400485AD0C772D499A13"
"1194","PR-4119806-771DBE33B6B5445486B64EB2923FEA4D","AT","PR","4119806","771DBE33B6B5445486B64EB2923FEA4D","PR4119806771DBE33B6B5445486B64EB2923FEA4D"
"1195","PR-4119806-5E662DBEC84640928F5EBFAAB082BECE","AT","PR","4119806","5E662DBEC84640928F5EBFAAB082BECE","PR41198065E662DBEC84640928F5EBFAAB082BECE"
"1196","PR-4119806-902E33374F34464EB05B5450C4C52629","AT","PR","4119806","902E33374F34464EB05B5450C4C52629","PR4119806902E33374F34464EB05B5450C4C52629"
"1197","PR-4119806-3EDDD255D6DA44BD93D7C380E1A7A826","AT","PR","4119806","3EDDD255D6DA44BD93D7C380E1A7A826","PR41198063EDDD255D6DA44BD93D7C380E1A7A826"
"1198","PR-4119806-77CC85F3C2744B00AD5AD4FA12FAB7AC","AT","PR","4119806","77CC85F3C2744B00AD5AD4FA12FAB7AC","PR411980677CC85F3C2744B00AD5AD4FA12FAB7AC"
"1199","PR-4119806-2BBAB6BD4AEA4941B3BFB303B8E5806D","AT","PR","4119806","2BBAB6BD4AEA4941B3BFB303B8E5806D","PR41198062BBAB6BD4AEA4941B3BFB303B8E5806D"
"1200","PR-4119806-85D19C0D2FA540129C6B6FBB1164F924","AT","PR","4119806","85D19C0D2FA540129C6B6FBB1164F924","PR411980685D19C0D2FA540129C6B6FBB1164F924"
"1201","PR-4119806-C6CE1D3AD0704141894039A856CD3864","AT","PR","4119806","C6CE1D3AD0704141894039A856CD3864","PR4119806C6CE1D3AD0704141894039A856CD3864"
"1202","PR-4119806-C52AC6A33E5B4283A517E52F5350512B","AT","PR","4119806","C52AC6A33E5B4283A517E52F5350512B","PR4119806C52AC6A33E5B4283A517E52F5350512B"
"1203","PR-4119806-D234A410120846009D4FB8CA712B10FC","AT","PR","4119806","D234A410120846009D4FB8CA712B10FC","PR4119806D234A410120846009D4FB8CA712B10FC"
"1204","PR-4119806-5CF65ED6E0EF4EE4B73FDDA88CC3CB36","AT","PR","4119806","5CF65ED6E0EF4EE4B73FDDA88CC3CB36","PR41198065CF65ED6E0EF4EE4B73FDDA88CC3CB36"
"1205","PR-4119806-EAAF5EA528094D8A9B152C0500300D81","CA","PR","4119806","EAAF5EA528094D8A9B152C0500300D81","PR4119806EAAF5EA528094D8A9B152C0500300D81"
"1206","PR-4119806-7BC17FD148B74E25955DD446329B60F2","AT","PR","4119806","7BC17FD148B74E25955DD446329B60F2","PR41198067BC17FD148B74E25955DD446329B60F2"
"1207","PR-4119806-365ED0321D564D8588DF1AF553C96F2C","AT","PR","4119806","365ED0321D564D8588DF1AF553C96F2C","PR4119806365ED0321D564D8588DF1AF553C96F2C"
"1208","PR-4119806-0625AD2295764DFA942E8834248244A0","AT","PR","4119806","0625AD2295764DFA942E8834248244A0","PR41198060625AD2295764DFA942E8834248244A0"
"1209","PR-4119806-30515E838A4B43FB940E02FCD09709C6","AT","PR","4119806","30515E838A4B43FB940E02FCD09709C6","PR411980630515E838A4B43FB940E02FCD09709C6"
"1210","PR-4119806-BBD9D2FDC32F4E49925D710F52E886B6","AT","PR","4119806","BBD9D2FDC32F4E49925D710F52E886B6","PR4119806BBD9D2FDC32F4E49925D710F52E886B6"
"1211","PR-4119806-0629782E28B6401187228940CC89E355","AT","PR","4119806","0629782E28B6401187228940CC89E355","PR41198060629782E28B6401187228940CC89E355"
"1212","PR-4119806-B6A672F0322246B6B9406618F9CFDC6E","AT","PR","4119806","B6A672F0322246B6B9406618F9CFDC6E","PR4119806B6A672F0322246B6B9406618F9CFDC6E"
"1213","PR-4119806-C07BFACAD4024932935A76F74B5E08BA","AT","PR","4119806","C07BFACAD4024932935A76F74B5E08BA","PR4119806C07BFACAD4024932935A76F74B5E08BA"
"1214","PR-4119806-1B3D0D3F8DD94DBBA8810522C940E054","AT","PR","4119806","1B3D0D3F8DD94DBBA8810522C940E054","PR41198061B3D0D3F8DD94DBBA8810522C940E054"
"1215","PR-4119806-2F312B4F475F448BA8FF3EC59CE8A053","AT","PR","4119806","2F312B4F475F448BA8FF3EC59CE8A053","PR41198062F312B4F475F448BA8FF3EC59CE8A053"
"1216","PR-4119806-7F0052CDE23B45DE9DDA1F99EAF2D789","AT","PR","4119806","7F0052CDE23B45DE9DDA1F99EAF2D789","PR41198067F0052CDE23B45DE9DDA1F99EAF2D789"
"1217","PR-4119806-4E0073AC92D34A958DC76BB5730EA534","AT","PR","4119806","4E0073AC92D34A958DC76BB5730EA534","PR41198064E0073AC92D34A958DC76BB5730EA534"
"1218","PR-4119806-BC4048C6D0284780904586F335D6C96D","AT","PR","4119806","BC4048C6D0284780904586F335D6C96D","PR4119806BC4048C6D0284780904586F335D6C96D"
"1219","PR-4119806-F1A5213F618F4F93A98D2EBE40711AE0","AT","PR","4119806","F1A5213F618F4F93A98D2EBE40711AE0","PR4119806F1A5213F618F4F93A98D2EBE40711AE0"
"1220","PR-4119806-371EFCBA456F49F79A8A3E4EEF0DD591","AT","PR","4119806","371EFCBA456F49F79A8A3E4EEF0DD591","PR4119806371EFCBA456F49F79A8A3E4EEF0DD591"
"1221","PR-4119806-B99CE0A00A3A4E548C5377B44E2BED28","AT","PR","4119806","B99CE0A00A3A4E548C5377B44E2BED28","PR4119806B99CE0A00A3A4E548C5377B44E2BED28"
"1222","PR-4119806-7740B7D574AC4D2ABE917D485365DA2F","AT","PR","4119806","7740B7D574AC4D2ABE917D485365DA2F","PR41198067740B7D574AC4D2ABE917D485365DA2F"
"1223","PR-4119806-B700B53C8F65448B83FD0080D8C3CCE9","AT","PR","4119806","B700B53C8F65448B83FD0080D8C3CCE9","PR4119806B700B53C8F65448B83FD0080D8C3CCE9"
"1224","PR-4119806-D9753C3AF6C54BA285FF067700F4B957","AT","PR","4119806","D9753C3AF6C54BA285FF067700F4B957","PR4119806D9753C3AF6C54BA285FF067700F4B957"
"1225","PR-4119806-9D32AB4C289245688C731F9CD7D098E0","AT","PR","4119806","9D32AB4C289245688C731F9CD7D098E0","PR41198069D32AB4C289245688C731F9CD7D098E0"
"1226","PR-4119806-DC52CD04503547DE8ED67AA0C8F076BA","AT","PR","4119806","DC52CD04503547DE8ED67AA0C8F076BA","PR4119806DC52CD04503547DE8ED67AA0C8F076BA"
"1227","PR-4119806-3858951CC12A4BAE993EACDD33FA19EE","AT","PR","4119806","3858951CC12A4BAE993EACDD33FA19EE","PR41198063858951CC12A4BAE993EACDD33FA19EE"
"1228","PR-4119806-E93290BAD7DB4FDEAC27B72F1A42BE14","AT","PR","4119806","E93290BAD7DB4FDEAC27B72F1A42BE14","PR4119806E93290BAD7DB4FDEAC27B72F1A42BE14"
"1229","PR-4119806-A2ED8BC312844341AD7034610CEF1BBC","AT","PR","4119806","A2ED8BC312844341AD7034610CEF1BBC","PR4119806A2ED8BC312844341AD7034610CEF1BBC"
"1230","PR-4119806-05D79C4BC85042469E0053A4763524D8","AT","PR","4119806","05D79C4BC85042469E0053A4763524D8","PR411980605D79C4BC85042469E0053A4763524D8"
"1231","PR-4119806-4BCBBC7BFED34B2C968BA6E0AB22AF0E","AT","PR","4119806","4BCBBC7BFED34B2C968BA6E0AB22AF0E","PR41198064BCBBC7BFED34B2C968BA6E0AB22AF0E"
"1232","PR-4119806-890BBDD57A1F4078A165F77CD99AACA7","AT","PR","4119806","890BBDD57A1F4078A165F77CD99AACA7","PR4119806890BBDD57A1F4078A165F77CD99AACA7"
"1233","PR-4119806-9130C862794840539760CA96FCDFA43B","AT","PR","4119806","9130C862794840539760CA96FCDFA43B","PR41198069130C862794840539760CA96FCDFA43B"
"1234","PR-4119806-57A278EE4584418CBB10FC7B4C93E126","AT","PR","4119806","57A278EE4584418CBB10FC7B4C93E126","PR411980657A278EE4584418CBB10FC7B4C93E126"
"1235","PR-4119806-4D84AFF3EC4E409BAF5BA6122168A84A","AT","PR","4119806","4D84AFF3EC4E409BAF5BA6122168A84A","PR41198064D84AFF3EC4E409BAF5BA6122168A84A"
"1236","PR-4119806-A58E03E821AF441395CE2DE1EAF7A7D0","AT","PR","4119806","A58E03E821AF441395CE2DE1EAF7A7D0","PR4119806A58E03E821AF441395CE2DE1EAF7A7D0"
"1237","PR-4119806-7955A42DB6444BDCB70BA2A4DB3EF5A6","AT","PR","4119806","7955A42DB6444BDCB70BA2A4DB3EF5A6","PR41198067955A42DB6444BDCB70BA2A4DB3EF5A6"
"1238","PR-4119806-A6A202188B2C46B2ACF5DEC5F9C2EA30","AT","PR","4119806","A6A202188B2C46B2ACF5DEC5F9C2EA30","PR4119806A6A202188B2C46B2ACF5DEC5F9C2EA30"
"1239","PR-4119806-791A5FF973144422B6762284C4401796","AT","PR","4119806","791A5FF973144422B6762284C4401796","PR4119806791A5FF973144422B6762284C4401796"
"1240","PR-4119806-D1EB6B2A1E0E4AAC8BDF3DA0417402BC","AT","PR","4119806","D1EB6B2A1E0E4AAC8BDF3DA0417402BC","PR4119806D1EB6B2A1E0E4AAC8BDF3DA0417402BC"
"1241","PR-4119806-A75D639E5BCA417A9799BA611163570D","AT","PR","4119806","A75D639E5BCA417A9799BA611163570D","PR4119806A75D639E5BCA417A9799BA611163570D"
"1242","PR-4119806-EF45C955A1E14B66BAD4562BAD501643","AT","PR","4119806","EF45C955A1E14B66BAD4562BAD501643","PR4119806EF45C955A1E14B66BAD4562BAD501643"
"1243","PR-4119806-F4F2DDCC0F03449E9E106A548A786463","AT","PR","4119806","F4F2DDCC0F03449E9E106A548A786463","PR4119806F4F2DDCC0F03449E9E106A548A786463"
"1244","PR-4119806-E36CF72BE8284492ADD844C9E0507B70","AT","PR","4119806","E36CF72BE8284492ADD844C9E0507B70","PR4119806E36CF72BE8284492ADD844C9E0507B70"
"1245","PR-4119806-5A4D0B8FCB224E61975A986E23CEBE78","AT","PR","4119806","5A4D0B8FCB224E61975A986E23CEBE78","PR41198065A4D0B8FCB224E61975A986E23CEBE78"
"1246","PR-4119806-AB8558F754EC47DF921AFE5B622126F5","AT","PR","4119806","AB8558F754EC47DF921AFE5B622126F5","PR4119806AB8558F754EC47DF921AFE5B622126F5"
"1247","PR-4119806-804375631FB043869195E77F0B755F71","AT","PR","4119806","804375631FB043869195E77F0B755F71","PR4119806804375631FB043869195E77F0B755F71"
"1248","PR-4119806-94E36C1CB2794F1C9598C76C9B5A8ED5","AT","PR","4119806","94E36C1CB2794F1C9598C76C9B5A8ED5","PR411980694E36C1CB2794F1C9598C76C9B5A8ED5"
"1249","PR-4119806-640FD042F75547C08CAB0BAC8C8CFA4E","AT","PR","4119806","640FD042F75547C08CAB0BAC8C8CFA4E","PR4119806640FD042F75547C08CAB0BAC8C8CFA4E"
"1250","PR-4119806-0D1AF006574245E19384D6ECFE23F3AD","AT","PR","4119806","0D1AF006574245E19384D6ECFE23F3AD","PR41198060D1AF006574245E19384D6ECFE23F3AD"
"1251","PR-4119806-843E27956DD34523BB97DA53E21C294C","AT","PR","4119806","843E27956DD34523BB97DA53E21C294C","PR4119806843E27956DD34523BB97DA53E21C294C"
"1252","PR-4119806-4CD5A51D55F448B9B4FCF4C36FEDAEA5","AT","PR","4119806","4CD5A51D55F448B9B4FCF4C36FEDAEA5","PR41198064CD5A51D55F448B9B4FCF4C36FEDAEA5"
"1253","PR-4119806-DD55E3E72EDE4B19A06027FDEAD538C7","AT","PR","4119806","DD55E3E72EDE4B19A06027FDEAD538C7","PR4119806DD55E3E72EDE4B19A06027FDEAD538C7"
"1254","PR-4119806-BC7F835042554F1BB838328CAB238334","AT","PR","4119806","BC7F835042554F1BB838328CAB238334","PR4119806BC7F835042554F1BB838328CAB238334"
"1255","PR-4119806-30FB2AB353D94731ACB7501CB8C8F035","AT","PR","4119806","30FB2AB353D94731ACB7501CB8C8F035","PR411980630FB2AB353D94731ACB7501CB8C8F035"
"1256","PR-4119806-F63A7F4322764C099463590239DA4D96","AT","PR","4119806","F63A7F4322764C099463590239DA4D96","PR4119806F63A7F4322764C099463590239DA4D96"
"1257","PR-4119806-1E1AE2760AF14756A2990DDB12313407","AT","PR","4119806","1E1AE2760AF14756A2990DDB12313407","PR41198061E1AE2760AF14756A2990DDB12313407"
"1258","PR-4119806-27310760DEA14061A3845E8A1D4E91A6","AT","PR","4119806","27310760DEA14061A3845E8A1D4E91A6","PR411980627310760DEA14061A3845E8A1D4E91A6"
"1259","PR-4119806-1AD226ACD606444182364635B3022A27","AT","PR","4119806","1AD226ACD606444182364635B3022A27","PR41198061AD226ACD606444182364635B3022A27"
"1260","PR-4119806-DF355A9EEA2942259F0AF87C7E61003D","AT","PR","4119806","DF355A9EEA2942259F0AF87C7E61003D","PR4119806DF355A9EEA2942259F0AF87C7E61003D"
"1261","PR-4119806-D4A84368D1F9464FB37BCEA57E012503","AT","PR","4119806","D4A84368D1F9464FB37BCEA57E012503","PR4119806D4A84368D1F9464FB37BCEA57E012503"
"1262","PR-4119806-A79A211616F14E678FB41C1C8F5BCB39","AT","PR","4119806","A79A211616F14E678FB41C1C8F5BCB39","PR4119806A79A211616F14E678FB41C1C8F5BCB39"
"1263","PR-4119806-AAC55A6888A346FEA2F183FFA21F8847","AT","PR","4119806","AAC55A6888A346FEA2F183FFA21F8847","PR4119806AAC55A6888A346FEA2F183FFA21F8847"
"1264","PR-4119806-49A8C9A80FBD4CCEB11E0A98D1FDF569","AT","PR","4119806","49A8C9A80FBD4CCEB11E0A98D1FDF569","PR411980649A8C9A80FBD4CCEB11E0A98D1FDF569"
"1265","PR-4119806-18DD512A621E410AA195A3D46C509C6E","AT","PR","4119806","18DD512A621E410AA195A3D46C509C6E","PR411980618DD512A621E410AA195A3D46C509C6E"
"1266","PR-4119806-23C8D7B94038433F92ECE8003ED07BBE","AT","PR","4119806","23C8D7B94038433F92ECE8003ED07BBE","PR411980623C8D7B94038433F92ECE8003ED07BBE"
"1267","PR-4119806-E6ACC91AC550436F86C77B01D62E44AD","AT","PR","4119806","E6ACC91AC550436F86C77B01D62E44AD","PR4119806E6ACC91AC550436F86C77B01D62E44AD"
"1268","PR-4119806-F6E3499DF49D40C6AC06750511D60AD4","AT","PR","4119806","F6E3499DF49D40C6AC06750511D60AD4","PR4119806F6E3499DF49D40C6AC06750511D60AD4"
"1269","PR-4119806-0A6145760F1B4246AFB9AE3646F1D046","AT","PR","4119806","0A6145760F1B4246AFB9AE3646F1D046","PR41198060A6145760F1B4246AFB9AE3646F1D046"
"1270","PR-4119806-D12C8AB5A1064B8DBCAC882CC0FFE979","AT","PR","4119806","D12C8AB5A1064B8DBCAC882CC0FFE979","PR4119806D12C8AB5A1064B8DBCAC882CC0FFE979"
"1271","PR-4119806-6821918110A245ACA263ECFF0365501C","AT","PR","4119806","6821918110A245ACA263ECFF0365501C","PR41198066821918110A245ACA263ECFF0365501C"
"1272","PR-4119806-B6C970784D4840DAB5732F35FFDA6AB0","AT","PR","4119806","B6C970784D4840DAB5732F35FFDA6AB0","PR4119806B6C970784D4840DAB5732F35FFDA6AB0"
"1273","PR-4119806-2495C3EDDC4942DCB523B06512D63BDE","AT","PR","4119806","2495C3EDDC4942DCB523B06512D63BDE","PR41198062495C3EDDC4942DCB523B06512D63BDE"
"1274","PR-4119806-CAF8E67ED089463FAA1369D7F859F1E0","AT","PR","4119806","CAF8E67ED089463FAA1369D7F859F1E0","PR4119806CAF8E67ED089463FAA1369D7F859F1E0"
"1275","PR-4119806-6DBC5078F12945FCB22CECD0088775B3","AT","PR","4119806","6DBC5078F12945FCB22CECD0088775B3","PR41198066DBC5078F12945FCB22CECD0088775B3"
"1276","PR-4119806-506D3C8030F441029934CB20C2C9C692","AT","PR","4119806","506D3C8030F441029934CB20C2C9C692","PR4119806506D3C8030F441029934CB20C2C9C692"
"1277","PR-4119806-BF68FB697B0E4FFCBE7CF2176151C2A3","AT","PR","4119806","BF68FB697B0E4FFCBE7CF2176151C2A3","PR4119806BF68FB697B0E4FFCBE7CF2176151C2A3"
"1278","PR-4119806-27F7DA257CE641A49231CDAB846869E7","AT","PR","4119806","27F7DA257CE641A49231CDAB846869E7","PR411980627F7DA257CE641A49231CDAB846869E7"
"1279","PR-4119806-8D3FCF16E75F45019613A8EA135501AB","AT","PR","4119806","8D3FCF16E75F45019613A8EA135501AB","PR41198068D3FCF16E75F45019613A8EA135501AB"
"1280","PR-4119806-BA98459BD4AB4CD19EE29C4CF535B7A1","AT","PR","4119806","BA98459BD4AB4CD19EE29C4CF535B7A1","PR4119806BA98459BD4AB4CD19EE29C4CF535B7A1"
"1281","PR-4119806-F22D9DFD4F15419F892637FC2CBF129B","AT","PR","4119806","F22D9DFD4F15419F892637FC2CBF129B","PR4119806F22D9DFD4F15419F892637FC2CBF129B"
"1282","PR-4119806-B40A57FCC8C6498A9FCC03BC634AF1D6","AT","PR","4119806","B40A57FCC8C6498A9FCC03BC634AF1D6","PR4119806B40A57FCC8C6498A9FCC03BC634AF1D6"
"1283","PR-4119806-539042D43A3A4CDBAC26DE64B3A7AA71","AT","PR","4119806","539042D43A3A4CDBAC26DE64B3A7AA71","PR4119806539042D43A3A4CDBAC26DE64B3A7AA71"
"1284","PR-4119806-FA678019716948FABA3AD8E8634973C7","AT","PR","4119806","FA678019716948FABA3AD8E8634973C7","PR4119806FA678019716948FABA3AD8E8634973C7"
"1285","PR-4119806-9B88624E77024A14AA492E82049D1855","AT","PR","4119806","9B88624E77024A14AA492E82049D1855","PR41198069B88624E77024A14AA492E82049D1855"
"1286","PR-4119806-7DCF0EA67DC348D99339930C25E89536","AT","PR","4119806","7DCF0EA67DC348D99339930C25E89536","PR41198067DCF0EA67DC348D99339930C25E89536"
"1287","PR-4119806-A284367590584C4789191134875A80A3","AT","PR","4119806","A284367590584C4789191134875A80A3","PR4119806A284367590584C4789191134875A80A3"
"1288","PR-4119806-57B7D9906FB24D0CA69FE39BAC977B45","AT","PR","4119806","57B7D9906FB24D0CA69FE39BAC977B45","PR411980657B7D9906FB24D0CA69FE39BAC977B45"
"1289","PR-4119806-EA87FF4FAB8A48D4943283503F3CDDE6","AT","PR","4119806","EA87FF4FAB8A48D4943283503F3CDDE6","PR4119806EA87FF4FAB8A48D4943283503F3CDDE6"
"1290","PR-4119806-52BABCC5946042D48F2AED69A97099F5","AT","PR","4119806","52BABCC5946042D48F2AED69A97099F5","PR411980652BABCC5946042D48F2AED69A97099F5"
"1291","PR-4119806-A96626121D9A4618A992BF2D6B2B435C","AT","PR","4119806","A96626121D9A4618A992BF2D6B2B435C","PR4119806A96626121D9A4618A992BF2D6B2B435C"
"1292","PR-4119806-2155B7310E63432AA0FC2759983A8A8C","AT","PR","4119806","2155B7310E63432AA0FC2759983A8A8C","PR41198062155B7310E63432AA0FC2759983A8A8C"
"1293","PR-4119806-1F2340E246F445DF970EBEA1A3415C49","AT","PR","4119806","1F2340E246F445DF970EBEA1A3415C49","PR41198061F2340E246F445DF970EBEA1A3415C49"
"1294","PR-4119806-B225657BF6804D3AB6DD6994FD8818B6","AT","PR","4119806","B225657BF6804D3AB6DD6994FD8818B6","PR4119806B225657BF6804D3AB6DD6994FD8818B6"
"1295","PR-4119806-F77CD3A21BA2470E8EADD230E0B7DE3D","AT","PR","4119806","F77CD3A21BA2470E8EADD230E0B7DE3D","PR4119806F77CD3A21BA2470E8EADD230E0B7DE3D"
"1296","PR-4119806-E5CD4800ABB845FB9FB35ADC8B26841B","AT","PR","4119806","E5CD4800ABB845FB9FB35ADC8B26841B","PR4119806E5CD4800ABB845FB9FB35ADC8B26841B"
"1297","PR-4119806-145388B5FAAB4500A602E72158B70A69","AT","PR","4119806","145388B5FAAB4500A602E72158B70A69","PR4119806145388B5FAAB4500A602E72158B70A69"
"1298","PR-4119806-5DEF6F6FFCB048289764C6D30C85B020","AT","PR","4119806","5DEF6F6FFCB048289764C6D30C85B020","PR41198065DEF6F6FFCB048289764C6D30C85B020"
"1299","PR-4119806-6F5765231366445EA04049FEBE6FC8FD","AT","PR","4119806","6F5765231366445EA04049FEBE6FC8FD","PR41198066F5765231366445EA04049FEBE6FC8FD"
"1300","PR-4119806-883851ED28404342BEE2C79F4A43C946","AT","PR","4119806","883851ED28404342BEE2C79F4A43C946","PR4119806883851ED28404342BEE2C79F4A43C946"
"1301","PR-4119806-94C68271E78D4978AE3D18EB3D211B2A","AT","PR","4119806","94C68271E78D4978AE3D18EB3D211B2A","PR411980694C68271E78D4978AE3D18EB3D211B2A"
"1302","PR-4119806-B1EA805E5DB34470BF16129B7C1766D8","AT","PR","4119806","B1EA805E5DB34470BF16129B7C1766D8","PR4119806B1EA805E5DB34470BF16129B7C1766D8"
"1303","PR-4119806-0CB7D7DC57324579B44CFD765CAB42C1","AT","PR","4119806","0CB7D7DC57324579B44CFD765CAB42C1","PR41198060CB7D7DC57324579B44CFD765CAB42C1"
"1304","PR-4119806-80DCC34E52374D1EA5CE4AADCDA90014","AT","PR","4119806","80DCC34E52374D1EA5CE4AADCDA90014","PR411980680DCC34E52374D1EA5CE4AADCDA90014"
"1305","PR-4119806-A2D323FBBFC14BC080CFCE0B4C15334B","AT","PR","4119806","A2D323FBBFC14BC080CFCE0B4C15334B","PR4119806A2D323FBBFC14BC080CFCE0B4C15334B"
"1306","PR-4119806-9B67DD39D9C140959EB9F4F0681A6040","AT","PR","4119806","9B67DD39D9C140959EB9F4F0681A6040","PR41198069B67DD39D9C140959EB9F4F0681A6040"
"1307","PR-4119806-8B19CEC126794F74BA9AA5823EC7724E","AT","PR","4119806","8B19CEC126794F74BA9AA5823EC7724E","PR41198068B19CEC126794F74BA9AA5823EC7724E"
"1308","PR-4119806-B3AD463B421041E28616862508D27066","AT","PR","4119806","B3AD463B421041E28616862508D27066","PR4119806B3AD463B421041E28616862508D27066"
"1309","PR-4119806-6CB6EFD21C7B4951B16DDD0CEA7AA1D4","AT","PR","4119806","6CB6EFD21C7B4951B16DDD0CEA7AA1D4","PR41198066CB6EFD21C7B4951B16DDD0CEA7AA1D4"
"1310","PR-4119806-0E6358E624794A57BB772A2BF8BB421E","AT","PR","4119806","0E6358E624794A57BB772A2BF8BB421E","PR41198060E6358E624794A57BB772A2BF8BB421E"
"1311","PR-4119806-8A94C81A45CA4E6C9479C9A01F52A134","AT","PR","4119806","8A94C81A45CA4E6C9479C9A01F52A134","PR41198068A94C81A45CA4E6C9479C9A01F52A134"
"1312","PR-4119806-AFD50AF00C314A8DA5FF948747D4BD0F","AT","PR","4119806","AFD50AF00C314A8DA5FF948747D4BD0F","PR4119806AFD50AF00C314A8DA5FF948747D4BD0F"
"1313","PR-4119806-71E6FFCBDAF340028657D59FEC177A67","AT","PR","4119806","71E6FFCBDAF340028657D59FEC177A67","PR411980671E6FFCBDAF340028657D59FEC177A67"
"1314","PR-4119806-7F65011F3D6C4DB49DC06DB321B31E84","AT","PR","4119806","7F65011F3D6C4DB49DC06DB321B31E84","PR41198067F65011F3D6C4DB49DC06DB321B31E84"
"1315","PR-4119806-A2BAC7D00CB0424EBD1284105742B21C","AT","PR","4119806","A2BAC7D00CB0424EBD1284105742B21C","PR4119806A2BAC7D00CB0424EBD1284105742B21C"
"1316","PR-4119806-971C46CB2B4845E5BCF2DAE04F342430","AT","PR","4119806","971C46CB2B4845E5BCF2DAE04F342430","PR4119806971C46CB2B4845E5BCF2DAE04F342430"
"1317","PR-4119806-80555161DBAF47F0BE69ED7D8C0D5FC6","AT","PR","4119806","80555161DBAF47F0BE69ED7D8C0D5FC6","PR411980680555161DBAF47F0BE69ED7D8C0D5FC6"
"1318","PR-4119806-DBE5A28494DA45379179A1DD37FF2D8E","AT","PR","4119806","DBE5A28494DA45379179A1DD37FF2D8E","PR4119806DBE5A28494DA45379179A1DD37FF2D8E"
"1319","PR-4119806-060BFC3C983440519C33993F2F5AD7DF","AT","PR","4119806","060BFC3C983440519C33993F2F5AD7DF","PR4119806060BFC3C983440519C33993F2F5AD7DF"
"1320","PR-4119806-8CA785A214D748039A8689155CBD5FEF","AT","PR","4119806","8CA785A214D748039A8689155CBD5FEF","PR41198068CA785A214D748039A8689155CBD5FEF"
"1321","PR-4119806-2A8E9B91FA4D44719B73331B7D4DCD6D","AT","PR","4119806","2A8E9B91FA4D44719B73331B7D4DCD6D","PR41198062A8E9B91FA4D44719B73331B7D4DCD6D"
"1322","PR-4119806-5CBF9CF7942A4E89B7BDBA3E99479949","AT","PR","4119806","5CBF9CF7942A4E89B7BDBA3E99479949","PR41198065CBF9CF7942A4E89B7BDBA3E99479949"
"1323","PR-4119806-5F829E4EDDD2403597D72295A0DBEEF3","AT","PR","4119806","5F829E4EDDD2403597D72295A0DBEEF3","PR41198065F829E4EDDD2403597D72295A0DBEEF3"
"1324","PR-4119806-D27946BFC0784987AE7324D32994AFAF","AT","PR","4119806","D27946BFC0784987AE7324D32994AFAF","PR4119806D27946BFC0784987AE7324D32994AFAF"
"1325","PR-4119806-DE32574B5C2F4259AE957FABBC7DD1DD","AT","PR","4119806","DE32574B5C2F4259AE957FABBC7DD1DD","PR4119806DE32574B5C2F4259AE957FABBC7DD1DD"
"1326","PR-4119806-2120516933BC4A2C9BBC22AA7E75ABEA","AT","PR","4119806","2120516933BC4A2C9BBC22AA7E75ABEA","PR41198062120516933BC4A2C9BBC22AA7E75ABEA"
"1327","PR-4119806-FFA188B76F3F4B5CA6E4520EA4D1F527","AT","PR","4119806","FFA188B76F3F4B5CA6E4520EA4D1F527","PR4119806FFA188B76F3F4B5CA6E4520EA4D1F527"
"1328","PR-4119806-2F66646BE173418F81F9BA4A04F39829","AT","PR","4119806","2F66646BE173418F81F9BA4A04F39829","PR41198062F66646BE173418F81F9BA4A04F39829"
"1329","PR-4119806-B03AC76CBC034E2AA4723617A9411327","AT","PR","4119806","B03AC76CBC034E2AA4723617A9411327","PR4119806B03AC76CBC034E2AA4723617A9411327"
"1330","PR-4119806-C0A73B85404E4DB5B3FB906595513BD0","AT","PR","4119806","C0A73B85404E4DB5B3FB906595513BD0","PR4119806C0A73B85404E4DB5B3FB906595513BD0"
"1331","PR-4119806-62B024BFCB654837BE6C73F2D5ED3338","AT","PR","4119806","62B024BFCB654837BE6C73F2D5ED3338","PR411980662B024BFCB654837BE6C73F2D5ED3338"
"1332","PR-4119806-FF84819A07B34B57BD2C3E5304B43C60","AT","PR","4119806","FF84819A07B34B57BD2C3E5304B43C60","PR4119806FF84819A07B34B57BD2C3E5304B43C60"
"1333","PR-4119806-04D6FD5AFCB7432DBCE8851143FB4186","AT","PR","4119806","04D6FD5AFCB7432DBCE8851143FB4186","PR411980604D6FD5AFCB7432DBCE8851143FB4186"
"1334","PR-4119806-02F3BBCF4B8747A0A016ED6EBE9E597B","AT","PR","4119806","02F3BBCF4B8747A0A016ED6EBE9E597B","PR411980602F3BBCF4B8747A0A016ED6EBE9E597B"
"1335","PR-4119806-44C46CD0D4204E4E9E2FF98D2820BD72","AT","PR","4119806","44C46CD0D4204E4E9E2FF98D2820BD72","PR411980644C46CD0D4204E4E9E2FF98D2820BD72"
"1336","PR-4119806-8FAB4123B36A420A93DD992DD93F87B8","AT","PR","4119806","8FAB4123B36A420A93DD992DD93F87B8","PR41198068FAB4123B36A420A93DD992DD93F87B8"
"1337","PR-4119806-76B4929AE0AC4E1FB2BF1531AD5FA355","AT","PR","4119806","76B4929AE0AC4E1FB2BF1531AD5FA355","PR411980676B4929AE0AC4E1FB2BF1531AD5FA355"
"1338","PR-4119806-8A9AA2F077C84A15A8BB692783343E5C","AT","PR","4119806","8A9AA2F077C84A15A8BB692783343E5C","PR41198068A9AA2F077C84A15A8BB692783343E5C"
"1339","PR-4119806-A9DC388EC5C748008102D0F96789C2CB","CA","PR","4119806","A9DC388EC5C748008102D0F96789C2CB","PR4119806A9DC388EC5C748008102D0F96789C2CB"
"1340","PR-4119806-E67596563BE946249C4BA2F7F853EE5D","AT","PR","4119806","E67596563BE946249C4BA2F7F853EE5D","PR4119806E67596563BE946249C4BA2F7F853EE5D"
"1341","PR-4119806-9E55FEC040DB4621BF7BEA52764FC3E9","AT","PR","4119806","9E55FEC040DB4621BF7BEA52764FC3E9","PR41198069E55FEC040DB4621BF7BEA52764FC3E9"
"1342","PR-4119806-6B5F5F3F265A4C21AC14DC43F1786D9B","AT","PR","4119806","6B5F5F3F265A4C21AC14DC43F1786D9B","PR41198066B5F5F3F265A4C21AC14DC43F1786D9B"
"1343","PR-4119806-0A07180696504E148211BAC6CC8EDBA2","AT","PR","4119806","0A07180696504E148211BAC6CC8EDBA2","PR41198060A07180696504E148211BAC6CC8EDBA2"
"1344","PR-4119806-C8254055E0EB44F88639E5529C0B5DE8","AT","PR","4119806","C8254055E0EB44F88639E5529C0B5DE8","PR4119806C8254055E0EB44F88639E5529C0B5DE8"
"1345","PR-4119806-A0D4608E3EDF4939843A13B390081033","AT","PR","4119806","A0D4608E3EDF4939843A13B390081033","PR4119806A0D4608E3EDF4939843A13B390081033"
"1346","PR-4119806-C63CAD6F63C044168B542E9C05173EE3","AT","PR","4119806","C63CAD6F63C044168B542E9C05173EE3","PR4119806C63CAD6F63C044168B542E9C05173EE3"
"1347","PR-4119806-8B7FC95F85F1484AAAC97A2D8FFF354B","AT","PR","4119806","8B7FC95F85F1484AAAC97A2D8FFF354B","PR41198068B7FC95F85F1484AAAC97A2D8FFF354B"
"1348","PR-4119806-06A7351563B3410DAE1FC307476E9874","AT","PR","4119806","06A7351563B3410DAE1FC307476E9874","PR411980606A7351563B3410DAE1FC307476E9874"
"1349","PR-4119806-1F518890290D47698438019C461ED7E8","AT","PR","4119806","1F518890290D47698438019C461ED7E8","PR41198061F518890290D47698438019C461ED7E8"
"1350","PR-4119806-AA0C5C70ADCF44A4B1DFEAB344D1F430","AT","PR","4119806","AA0C5C70ADCF44A4B1DFEAB344D1F430","PR4119806AA0C5C70ADCF44A4B1DFEAB344D1F430"
"1351","PR-4119806-BFB529557F794229954B5B149A73490B","AT","PR","4119806","BFB529557F794229954B5B149A73490B","PR4119806BFB529557F794229954B5B149A73490B"
"1352","PR-4119806-D9909113DBCD4229B03DAD73DB9FADD9","AT","PR","4119806","D9909113DBCD4229B03DAD73DB9FADD9","PR4119806D9909113DBCD4229B03DAD73DB9FADD9"
"1353","PR-4119806-499657E63E4941969996B3DA841380BF","AT","PR","4119806","499657E63E4941969996B3DA841380BF","PR4119806499657E63E4941969996B3DA841380BF"
"1354","PR-4119806-98A349A003EB4B1BAD32C0671C9E5CC3","AT","PR","4119806","98A349A003EB4B1BAD32C0671C9E5CC3","PR411980698A349A003EB4B1BAD32C0671C9E5CC3"
"1355","PR-4119806-BB2E8E02A6A0498CAF2E23822CF92D79","AT","PR","4119806","BB2E8E02A6A0498CAF2E23822CF92D79","PR4119806BB2E8E02A6A0498CAF2E23822CF92D79"
"1356","PR-4119806-6D36795390FC4D0284326C2918C18CE0","AT","PR","4119806","6D36795390FC4D0284326C2918C18CE0","PR41198066D36795390FC4D0284326C2918C18CE0"
"1357","PR-4119806-ABD2A9176AFD4208A23EADF93C388EEC","AT","PR","4119806","ABD2A9176AFD4208A23EADF93C388EEC","PR4119806ABD2A9176AFD4208A23EADF93C388EEC"
"1358","PR-4119806-1C489B061DD14F0BAEF753DDABF4A182","AT","PR","4119806","1C489B061DD14F0BAEF753DDABF4A182","PR41198061C489B061DD14F0BAEF753DDABF4A182"
"1359","PR-4119806-E132B65BB8E744AEA97ABA89883650C6","AT","PR","4119806","E132B65BB8E744AEA97ABA89883650C6","PR4119806E132B65BB8E744AEA97ABA89883650C6"
"1360","PR-4119806-5EC7F454EEF24E79AA18E164DE744B9B","AT","PR","4119806","5EC7F454EEF24E79AA18E164DE744B9B","PR41198065EC7F454EEF24E79AA18E164DE744B9B"
"1361","PR-4119806-0D2DFA31218A49C3ADCD229D53F966A3","AT","PR","4119806","0D2DFA31218A49C3ADCD229D53F966A3","PR41198060D2DFA31218A49C3ADCD229D53F966A3"
"1362","PR-4119806-3862EB6A08A14F2794E7A97ED12DEDE7","AT","PR","4119806","3862EB6A08A14F2794E7A97ED12DEDE7","PR41198063862EB6A08A14F2794E7A97ED12DEDE7"
"1363","PR-4119806-051533CDD94F40A683021593AF6F00EA","AT","PR","4119806","051533CDD94F40A683021593AF6F00EA","PR4119806051533CDD94F40A683021593AF6F00EA"
"1364","PR-4119806-9971518379D940A58978641E6EC4CB89","AT","PR","4119806","9971518379D940A58978641E6EC4CB89","PR41198069971518379D940A58978641E6EC4CB89"
"1365","PR-4119806-097361A83BC24AB79ABE592F5A364C61","AT","PR","4119806","097361A83BC24AB79ABE592F5A364C61","PR4119806097361A83BC24AB79ABE592F5A364C61"
"1366","PR-4119806-333963D3A30141928FF925752C9449DD","AT","PR","4119806","333963D3A30141928FF925752C9449DD","PR4119806333963D3A30141928FF925752C9449DD"
"1367","PR-4119806-53BF813D99184B82BAD613FC12166C1B","AT","PR","4119806","53BF813D99184B82BAD613FC12166C1B","PR411980653BF813D99184B82BAD613FC12166C1B"
"1368","PR-4119806-9F77B88129B342B590BEA97DE006AE73","AT","PR","4119806","9F77B88129B342B590BEA97DE006AE73","PR41198069F77B88129B342B590BEA97DE006AE73"
"1369","PR-4119806-8C11B5EAFF9D47B681A8CA01C934AA47","AT","PR","4119806","8C11B5EAFF9D47B681A8CA01C934AA47","PR41198068C11B5EAFF9D47B681A8CA01C934AA47"
"1370","PR-4119806-8EC62891CB0F4C1C8039DAA2FEE38B50","AT","PR","4119806","8EC62891CB0F4C1C8039DAA2FEE38B50","PR41198068EC62891CB0F4C1C8039DAA2FEE38B50"
"1371","PR-4119806-595E8703252A46C4B01C836482BAE51A","AT","PR","4119806","595E8703252A46C4B01C836482BAE51A","PR4119806595E8703252A46C4B01C836482BAE51A"
"1372","PR-4119806-A073DDC52A2D4FA4870EC832B40D533C","AT","PR","4119806","A073DDC52A2D4FA4870EC832B40D533C","PR4119806A073DDC52A2D4FA4870EC832B40D533C"
"1373","PR-4119806-7CE7C637A32E48588538A60253B8E904","AT","PR","4119806","7CE7C637A32E48588538A60253B8E904","PR41198067CE7C637A32E48588538A60253B8E904"
"1374","PR-4119806-BEBBC91B0A1E41D29003BEC4A970C93E","AT","PR","4119806","BEBBC91B0A1E41D29003BEC4A970C93E","PR4119806BEBBC91B0A1E41D29003BEC4A970C93E"
"1375","PR-4119806-B1AABE3368C5438992C811AEBD146B77","AT","PR","4119806","B1AABE3368C5438992C811AEBD146B77","PR4119806B1AABE3368C5438992C811AEBD146B77"
"1376","PR-4119806-3CEB222D93BA49AE8EFAE2D3E046A91D","AT","PR","4119806","3CEB222D93BA49AE8EFAE2D3E046A91D","PR41198063CEB222D93BA49AE8EFAE2D3E046A91D"
"1377","PR-4119806-B7933D7F9F594D7C9BF9A75B16C54EEE","AT","PR","4119806","B7933D7F9F594D7C9BF9A75B16C54EEE","PR4119806B7933D7F9F594D7C9BF9A75B16C54EEE"
"1378","PR-4119806-9703363A093F43079E08C82FAF3EB4B8","AT","PR","4119806","9703363A093F43079E08C82FAF3EB4B8","PR41198069703363A093F43079E08C82FAF3EB4B8"
"1379","PR-4119806-24A7199F2EAF48808476AF7562E9E805","AT","PR","4119806","24A7199F2EAF48808476AF7562E9E805","PR411980624A7199F2EAF48808476AF7562E9E805"
"1380","PR-4119806-E8188DC475DF4CF5A082AC3C44D95A0F","AT","PR","4119806","E8188DC475DF4CF5A082AC3C44D95A0F","PR4119806E8188DC475DF4CF5A082AC3C44D95A0F"
"1381","PR-4119806-3AB6C556E67F42A69B851D8867E0E12C","AT","PR","4119806","3AB6C556E67F42A69B851D8867E0E12C","PR41198063AB6C556E67F42A69B851D8867E0E12C"
"1382","PR-4119806-B4A4740CE59249B4B2ACAA05AB828776","AT","PR","4119806","B4A4740CE59249B4B2ACAA05AB828776","PR4119806B4A4740CE59249B4B2ACAA05AB828776"
"1383","PR-4119806-ACE4B90367984F028700B2A8BB86C527","AT","PR","4119806","ACE4B90367984F028700B2A8BB86C527","PR4119806ACE4B90367984F028700B2A8BB86C527"
"1384","PR-4119806-0FB7D050785D470C846AD198379C753A","AT","PR","4119806","0FB7D050785D470C846AD198379C753A","PR41198060FB7D050785D470C846AD198379C753A"
"1385","PR-4119806-6CC8AD6D94C840C3BA030393647AD592","AT","PR","4119806","6CC8AD6D94C840C3BA030393647AD592","PR41198066CC8AD6D94C840C3BA030393647AD592"
"1386","PR-4119806-EF2FE1048F4D4FCD9A6876EDD1672133","AT","PR","4119806","EF2FE1048F4D4FCD9A6876EDD1672133","PR4119806EF2FE1048F4D4FCD9A6876EDD1672133"
"1387","PR-4119806-5E44D3AEE17041A5B7061BEBCB763C69","AT","PR","4119806","5E44D3AEE17041A5B7061BEBCB763C69","PR41198065E44D3AEE17041A5B7061BEBCB763C69"
"1388","PR-4119806-49BEA5086DF448DA804A2EDB01F4AAC8","AT","PR","4119806","49BEA5086DF448DA804A2EDB01F4AAC8","PR411980649BEA5086DF448DA804A2EDB01F4AAC8"
"1389","PR-4119806-C9521439183B43DAB67A647C7BA4264F","AT","PR","4119806","C9521439183B43DAB67A647C7BA4264F","PR4119806C9521439183B43DAB67A647C7BA4264F"
"1390","PR-4119806-1A51E932DCC1440E95A834365E1D0B36","AT","PR","4119806","1A51E932DCC1440E95A834365E1D0B36","PR41198061A51E932DCC1440E95A834365E1D0B36"
"1391","PR-4119806-A416E26BAF77464189240E7465BEF8FB","AT","PR","4119806","A416E26BAF77464189240E7465BEF8FB","PR4119806A416E26BAF77464189240E7465BEF8FB"
"1392","PR-4119806-3C10D4F764914D17BC64E2641CD5CBBA","AT","PR","4119806","3C10D4F764914D17BC64E2641CD5CBBA","PR41198063C10D4F764914D17BC64E2641CD5CBBA"
"1393","PR-4119806-A801374F08C14F5C97693B1F34120079","AT","PR","4119806","A801374F08C14F5C97693B1F34120079","PR4119806A801374F08C14F5C97693B1F34120079"
"1394","PR-4119806-9CE58AB4459D4C07B273D1C79DB1BB41","AT","PR","4119806","9CE58AB4459D4C07B273D1C79DB1BB41","PR41198069CE58AB4459D4C07B273D1C79DB1BB41"
"1395","PR-4119806-B2A9A028C3B44F8AA8AC71D7D375F94E","AT","PR","4119806","B2A9A028C3B44F8AA8AC71D7D375F94E","PR4119806B2A9A028C3B44F8AA8AC71D7D375F94E"
"1396","PR-4119806-724372FA544D4635AD6BB9E4FF76A8EC","AT","PR","4119806","724372FA544D4635AD6BB9E4FF76A8EC","PR4119806724372FA544D4635AD6BB9E4FF76A8EC"
"1397","PR-4119806-B9BF27889CC54A53BA9E1196809119FA","AT","PR","4119806","B9BF27889CC54A53BA9E1196809119FA","PR4119806B9BF27889CC54A53BA9E1196809119FA"
"1398","PR-4119806-6DC2A03C3B134F759E6FFCD2EB6ADA69","AT","PR","4119806","6DC2A03C3B134F759E6FFCD2EB6ADA69","PR41198066DC2A03C3B134F759E6FFCD2EB6ADA69"
"1399","PR-4119806-756FAA3237284C84875B391F61C70701","AT","PR","4119806","756FAA3237284C84875B391F61C70701","PR4119806756FAA3237284C84875B391F61C70701"
"1400","PR-4119806-A443F737D5A342749CB5AB69624170D5","AT","PR","4119806","A443F737D5A342749CB5AB69624170D5","PR4119806A443F737D5A342749CB5AB69624170D5"
"1401","PR-4119806-E5779115BBFC4DFD89794838B256CE59","AT","PR","4119806","E5779115BBFC4DFD89794838B256CE59","PR4119806E5779115BBFC4DFD89794838B256CE59"
"1402","PR-4119806-8A1387995FE54117B9FDB8D1856F15DA","AT","PR","4119806","8A1387995FE54117B9FDB8D1856F15DA","PR41198068A1387995FE54117B9FDB8D1856F15DA"
"1403","PR-4119806-2866CAAFC22545C3A185B4CA5C60B36D","AT","PR","4119806","2866CAAFC22545C3A185B4CA5C60B36D","PR41198062866CAAFC22545C3A185B4CA5C60B36D"
"1404","PR-4119806-35C3BB666EEE4D809E80378AD22E488B","AT","PR","4119806","35C3BB666EEE4D809E80378AD22E488B","PR411980635C3BB666EEE4D809E80378AD22E488B"
"1405","PR-4119806-345A3D5D82D6432EBFC9A7134A070DB3","AT","PR","4119806","345A3D5D82D6432EBFC9A7134A070DB3","PR4119806345A3D5D82D6432EBFC9A7134A070DB3"
"1406","PR-4119806-CBD429BD9EE749828A9479EC691BB47D","AT","PR","4119806","CBD429BD9EE749828A9479EC691BB47D","PR4119806CBD429BD9EE749828A9479EC691BB47D"
"1407","PR-4119806-C718DD5D9A1D4C758C90B4CEAAE45C61","AT","PR","4119806","C718DD5D9A1D4C758C90B4CEAAE45C61","PR4119806C718DD5D9A1D4C758C90B4CEAAE45C61"
"1408","PR-4119806-BBC60005B2AB45B69C623823362E92E1","AT","PR","4119806","BBC60005B2AB45B69C623823362E92E1","PR4119806BBC60005B2AB45B69C623823362E92E1"
"1409","PR-4119806-02A8DC6348AD472F91CAD43F8C78C863","AT","PR","4119806","02A8DC6348AD472F91CAD43F8C78C863","PR411980602A8DC6348AD472F91CAD43F8C78C863"
"1410","PR-4119806-64329853E1954F4782E337354CF6F84C","AT","PR","4119806","64329853E1954F4782E337354CF6F84C","PR411980664329853E1954F4782E337354CF6F84C"
"1411","PR-4119806-773490BB416E42DCABFA76486C36EE14","PE","PR","4119806","773490BB416E42DCABFA76486C36EE14","PR4119806773490BB416E42DCABFA76486C36EE14"
"1412","PR-4119806-F2C3A49AF1DB4FCDAD34A4255B1424C2","AT","PR","4119806","F2C3A49AF1DB4FCDAD34A4255B1424C2","PR4119806F2C3A49AF1DB4FCDAD34A4255B1424C2"
"1413","PR-4119806-37ECD5BA446543C6BA4C0B59417092B1","AT","PR","4119806","37ECD5BA446543C6BA4C0B59417092B1","PR411980637ECD5BA446543C6BA4C0B59417092B1"
"1414","PR-4119806-65AFCBFB2EA140B09C1FE831B4768FA5","AT","PR","4119806","65AFCBFB2EA140B09C1FE831B4768FA5","PR411980665AFCBFB2EA140B09C1FE831B4768FA5"
"1415","PR-4119806-AE28DA1CEA48451FB0C1AB92672D4801","AT","PR","4119806","AE28DA1CEA48451FB0C1AB92672D4801","PR4119806AE28DA1CEA48451FB0C1AB92672D4801"
"1416","PR-4119806-68473267BACF4867980AC5851D3F7FE7","AT","PR","4119806","68473267BACF4867980AC5851D3F7FE7","PR411980668473267BACF4867980AC5851D3F7FE7"
"1417","PR-4119806-EC25D7B4275F473E8BA4BDC62FBF2A4E","AT","PR","4119806","EC25D7B4275F473E8BA4BDC62FBF2A4E","PR4119806EC25D7B4275F473E8BA4BDC62FBF2A4E"
"1418","PR-4119806-36C0B060BC904A448F157762A4B179D4","AT","PR","4119806","36C0B060BC904A448F157762A4B179D4","PR411980636C0B060BC904A448F157762A4B179D4"
"1419","PR-4119806-268DFB0B08A54B33AB290E81318020E8","AT","PR","4119806","268DFB0B08A54B33AB290E81318020E8","PR4119806268DFB0B08A54B33AB290E81318020E8"
"1420","PR-4119806-D7252F56AFC14EC8BC327E3976A2524A","AT","PR","4119806","D7252F56AFC14EC8BC327E3976A2524A","PR4119806D7252F56AFC14EC8BC327E3976A2524A"
"1421","PR-4119806-9D4EEA6E936A40B291E84CBE3D32C40F","AT","PR","4119806","9D4EEA6E936A40B291E84CBE3D32C40F","PR41198069D4EEA6E936A40B291E84CBE3D32C40F"
"1422","PR-4119806-85ABB1C8E7484D0D89CA18FBF19CD1A1","AT","PR","4119806","85ABB1C8E7484D0D89CA18FBF19CD1A1","PR411980685ABB1C8E7484D0D89CA18FBF19CD1A1"
"1423","PR-4119806-CE6F59A8333E408AA852D5DC0B1FD568","AT","PR","4119806","CE6F59A8333E408AA852D5DC0B1FD568","PR4119806CE6F59A8333E408AA852D5DC0B1FD568"
"1424","PR-4119806-42930C2C81B34482B6FD9E57ED6DC9F2","AT","PR","4119806","42930C2C81B34482B6FD9E57ED6DC9F2","PR411980642930C2C81B34482B6FD9E57ED6DC9F2"
"1425","PR-4119806-8E8C68C5B40F4A7CA549BBF1AAD66122","AT","PR","4119806","8E8C68C5B40F4A7CA549BBF1AAD66122","PR41198068E8C68C5B40F4A7CA549BBF1AAD66122"
"1426","PR-4119806-CDBEC9AE8E714CE5BF82833A50A74DE3","AT","PR","4119806","CDBEC9AE8E714CE5BF82833A50A74DE3","PR4119806CDBEC9AE8E714CE5BF82833A50A74DE3"
"1427","PR-4119806-F5EE2F25FA38442A84AB2DF78AD32F6D","AT","PR","4119806","F5EE2F25FA38442A84AB2DF78AD32F6D","PR4119806F5EE2F25FA38442A84AB2DF78AD32F6D"
"1428","PR-4119806-6D6A01D907044C5980802C676D5B1F9A","AT","PR","4119806","6D6A01D907044C5980802C676D5B1F9A","PR41198066D6A01D907044C5980802C676D5B1F9A"
"1429","PR-4119806-BB61CE92077F4CFAB09CC98BFDAC21EF","AT","PR","4119806","BB61CE92077F4CFAB09CC98BFDAC21EF","PR4119806BB61CE92077F4CFAB09CC98BFDAC21EF"
"1430","PR-4119806-AC53D837F7BC40B1AD46CB6D70A8F8F5","AT","PR","4119806","AC53D837F7BC40B1AD46CB6D70A8F8F5","PR4119806AC53D837F7BC40B1AD46CB6D70A8F8F5"
"1431","PR-4119806-BCBD35CFEF2F4412B1E2B14DE57C1825","AT","PR","4119806","BCBD35CFEF2F4412B1E2B14DE57C1825","PR4119806BCBD35CFEF2F4412B1E2B14DE57C1825"
"1432","PR-4119806-93ABDFB9EFB24256ACCA1C9488238C99","AT","PR","4119806","93ABDFB9EFB24256ACCA1C9488238C99","PR411980693ABDFB9EFB24256ACCA1C9488238C99"
"1433","PR-4119806-B22553251E3F4B66AE1654804B5BB9EA","AT","PR","4119806","B22553251E3F4B66AE1654804B5BB9EA","PR4119806B22553251E3F4B66AE1654804B5BB9EA"
"1434","PR-4119806-2E7D4396018D40A8985FA52F85CA835F","AT","PR","4119806","2E7D4396018D40A8985FA52F85CA835F","PR41198062E7D4396018D40A8985FA52F85CA835F"
"1435","PR-4119806-9361BC4AF5484E738E93B045FCE7BA57","AT","PR","4119806","9361BC4AF5484E738E93B045FCE7BA57","PR41198069361BC4AF5484E738E93B045FCE7BA57"
"1436","PR-4119806-0E7409357AFA40D89FDCDE8396F93523","AT","PR","4119806","0E7409357AFA40D89FDCDE8396F93523","PR41198060E7409357AFA40D89FDCDE8396F93523"
"1437","PR-4119806-33E5A36C29C64DC2889A46CAF39E3D64","AT","PR","4119806","33E5A36C29C64DC2889A46CAF39E3D64","PR411980633E5A36C29C64DC2889A46CAF39E3D64"
"1438","PR-4119806-F649DFB030C84C75BADC4F717EE28949","AT","PR","4119806","F649DFB030C84C75BADC4F717EE28949","PR4119806F649DFB030C84C75BADC4F717EE28949"
"1439","PR-4119806-627EFD086AF84C718249AAD13B22B667","AT","PR","4119806","627EFD086AF84C718249AAD13B22B667","PR4119806627EFD086AF84C718249AAD13B22B667"
"1440","PR-4119806-85E75969BBEA4EB0A5DC37207AB47954","AT","PR","4119806","85E75969BBEA4EB0A5DC37207AB47954","PR411980685E75969BBEA4EB0A5DC37207AB47954"
"1441","PR-4119806-023BEB86D9D74E88B87A971696E9A5C6","AT","PR","4119806","023BEB86D9D74E88B87A971696E9A5C6","PR4119806023BEB86D9D74E88B87A971696E9A5C6"
"1442","PR-4119806-2C917C81014A4D31A72DC555AF58EB12","AT","PR","4119806","2C917C81014A4D31A72DC555AF58EB12","PR41198062C917C81014A4D31A72DC555AF58EB12"
"1443","PR-4119806-B3390CEF568F4655A31E96D99889C376","AT","PR","4119806","B3390CEF568F4655A31E96D99889C376","PR4119806B3390CEF568F4655A31E96D99889C376"
"1444","PR-4119806-80090381FD764973B156D4D5354D9F68","AT","PR","4119806","80090381FD764973B156D4D5354D9F68","PR411980680090381FD764973B156D4D5354D9F68"
"1445","PR-4119806-138E8F35F7BC44E3A4255DDDD04C904A","AT","PR","4119806","138E8F35F7BC44E3A4255DDDD04C904A","PR4119806138E8F35F7BC44E3A4255DDDD04C904A"
"1446","PR-4119806-E5E6C0E4654941B3BC658D3715B9BBFA","AT","PR","4119806","E5E6C0E4654941B3BC658D3715B9BBFA","PR4119806E5E6C0E4654941B3BC658D3715B9BBFA"
"1447","PR-4119806-C82454452677416F897E68C2DD31B055","AT","PR","4119806","C82454452677416F897E68C2DD31B055","PR4119806C82454452677416F897E68C2DD31B055"
"1448","PR-4119806-E38D38FDB0424C039A8E5FDFC7B63A3A","AT","PR","4119806","E38D38FDB0424C039A8E5FDFC7B63A3A","PR4119806E38D38FDB0424C039A8E5FDFC7B63A3A"
"1449","PR-4119806-757B0096F4BB4998AA472E80ED3C61BC","AT","PR","4119806","757B0096F4BB4998AA472E80ED3C61BC","PR4119806757B0096F4BB4998AA472E80ED3C61BC"
"1450","PR-4119806-3F6A4BD5624D47F693DDC4E566743309","AT","PR","4119806","3F6A4BD5624D47F693DDC4E566743309","PR41198063F6A4BD5624D47F693DDC4E566743309"
"1451","PR-4119806-8F07CAA2BD974798B75362C41B3B84B9","AT","PR","4119806","8F07CAA2BD974798B75362C41B3B84B9","PR41198068F07CAA2BD974798B75362C41B3B84B9"
"1452","PR-4119806-0E39BEA688904A7B9CA6AB441BB9FE9B","AT","PR","4119806","0E39BEA688904A7B9CA6AB441BB9FE9B","PR41198060E39BEA688904A7B9CA6AB441BB9FE9B"
"1453","PR-4119806-97F9A6A6F73C4C928DFD859019D06F7E","AT","PR","4119806","97F9A6A6F73C4C928DFD859019D06F7E","PR411980697F9A6A6F73C4C928DFD859019D06F7E"
"1454","PR-4119806-2629DA0E25234F52968622C56CE583BF","AT","PR","4119806","2629DA0E25234F52968622C56CE583BF","PR41198062629DA0E25234F52968622C56CE583BF"
"1455","PR-4119806-E67F69C14DE54E1189B17A67EF2786B5","AT","PR","4119806","E67F69C14DE54E1189B17A67EF2786B5","PR4119806E67F69C14DE54E1189B17A67EF2786B5"
"1456","PR-4119806-E9F8829B591D417EA22B1FF76DA05ED6","AT","PR","4119806","E9F8829B591D417EA22B1FF76DA05ED6","PR4119806E9F8829B591D417EA22B1FF76DA05ED6"
"1457","PR-4119806-877FD8778C4D4AA1BBE53DA16E6663B8","AT","PR","4119806","877FD8778C4D4AA1BBE53DA16E6663B8","PR4119806877FD8778C4D4AA1BBE53DA16E6663B8"
"1458","PR-4119806-D0797D31B0434030A83666310209A0E2","AT","PR","4119806","D0797D31B0434030A83666310209A0E2","PR4119806D0797D31B0434030A83666310209A0E2"
"1459","PR-4119806-858975A1C5EA46F697501011FA46FE1D","AT","PR","4119806","858975A1C5EA46F697501011FA46FE1D","PR4119806858975A1C5EA46F697501011FA46FE1D"
"1460","PR-4119806-3F834AF2FFCA47749EB2A08258BF74E3","AT","PR","4119806","3F834AF2FFCA47749EB2A08258BF74E3","PR41198063F834AF2FFCA47749EB2A08258BF74E3"
"1461","PR-4119806-597BF163162641EEA3508E444C53ECB1","AT","PR","4119806","597BF163162641EEA3508E444C53ECB1","PR4119806597BF163162641EEA3508E444C53ECB1"
"1462","PR-4119806-D34FFD87FCAB4546890BE2DFB9D6504C","AT","PR","4119806","D34FFD87FCAB4546890BE2DFB9D6504C","PR4119806D34FFD87FCAB4546890BE2DFB9D6504C"
"1463","PR-4119806-D91CF780C0D54BE986C6D7D613FFBA50","AT","PR","4119806","D91CF780C0D54BE986C6D7D613FFBA50","PR4119806D91CF780C0D54BE986C6D7D613FFBA50"
"1464","PR-4119806-42D1EB0516374AB0B9D8B7C6192AAFE0","AT","PR","4119806","42D1EB0516374AB0B9D8B7C6192AAFE0","PR411980642D1EB0516374AB0B9D8B7C6192AAFE0"
"1465","PR-4119806-A097B05EF7124BEB80FF245F1E3A7FB7","AT","PR","4119806","A097B05EF7124BEB80FF245F1E3A7FB7","PR4119806A097B05EF7124BEB80FF245F1E3A7FB7"
"1466","PR-4119806-F403AB64609C40D3A464F3787C83CE5B","AT","PR","4119806","F403AB64609C40D3A464F3787C83CE5B","PR4119806F403AB64609C40D3A464F3787C83CE5B"
"1467","PR-4119806-52C866084BBB4A52A895E30F9F44C062","AT","PR","4119806","52C866084BBB4A52A895E30F9F44C062","PR411980652C866084BBB4A52A895E30F9F44C062"
"1468","PR-4119806-F248ED1447DC4C53A9F29E2291E47E96","AT","PR","4119806","F248ED1447DC4C53A9F29E2291E47E96","PR4119806F248ED1447DC4C53A9F29E2291E47E96"
"1469","PR-4119806-0F3C80905D7F4A59927A76F6C0B0E1F3","AT","PR","4119806","0F3C80905D7F4A59927A76F6C0B0E1F3","PR41198060F3C80905D7F4A59927A76F6C0B0E1F3"
"1470","PR-4119806-B9D390E04F6448DE8A841743259B4CD2","AT","PR","4119806","B9D390E04F6448DE8A841743259B4CD2","PR4119806B9D390E04F6448DE8A841743259B4CD2"
"1471","PR-4119806-E4E8B509124948888359DCAC9B5E916E","AT","PR","4119806","E4E8B509124948888359DCAC9B5E916E","PR4119806E4E8B509124948888359DCAC9B5E916E"
"1472","PR-4119806-4E01BB079BB5481E9DB41E7ADA50FB12","AT","PR","4119806","4E01BB079BB5481E9DB41E7ADA50FB12","PR41198064E01BB079BB5481E9DB41E7ADA50FB12"
"1473","PR-4119806-90095E70E4454639AD17EB4417F47B18","AT","PR","4119806","90095E70E4454639AD17EB4417F47B18","PR411980690095E70E4454639AD17EB4417F47B18"
"1474","PR-4119806-D7C9EFEB1BEB420DA90B373674E265DC","AT","PR","4119806","D7C9EFEB1BEB420DA90B373674E265DC","PR4119806D7C9EFEB1BEB420DA90B373674E265DC"
"1475","PR-4119806-65B0CE8F5707492D8757E6000BBC1BC0","AT","PR","4119806","65B0CE8F5707492D8757E6000BBC1BC0","PR411980665B0CE8F5707492D8757E6000BBC1BC0"
"1476","PR-4119806-D7D6F5D860524C47AA085A103E56E7D3","AT","PR","4119806","D7D6F5D860524C47AA085A103E56E7D3","PR4119806D7D6F5D860524C47AA085A103E56E7D3"
"1477","PR-4119806-4114AC89DFF9447C9A54C2EF188A5EAA","AT","PR","4119806","4114AC89DFF9447C9A54C2EF188A5EAA","PR41198064114AC89DFF9447C9A54C2EF188A5EAA"
"1478","PR-4119806-00AD985CD35E41D6BA5CDB074F2F554E","AT","PR","4119806","00AD985CD35E41D6BA5CDB074F2F554E","PR411980600AD985CD35E41D6BA5CDB074F2F554E"
"1479","PR-4119806-F9797138EC9C4EC99AD4BC77ED01A204","AT","PR","4119806","F9797138EC9C4EC99AD4BC77ED01A204","PR4119806F9797138EC9C4EC99AD4BC77ED01A204"
"1480","PR-4119806-751CDE2C9FF24E5F8D12ABD9532C890C","AT","PR","4119806","751CDE2C9FF24E5F8D12ABD9532C890C","PR4119806751CDE2C9FF24E5F8D12ABD9532C890C"
"1481","PR-4119806-007397D854A14ABEA0E7DE5C5725D7BF","AT","PR","4119806","007397D854A14ABEA0E7DE5C5725D7BF","PR4119806007397D854A14ABEA0E7DE5C5725D7BF"
"1482","PR-4119806-C565D63AEFD24B73AF107A7A04F5CCAD","AT","PR","4119806","C565D63AEFD24B73AF107A7A04F5CCAD","PR4119806C565D63AEFD24B73AF107A7A04F5CCAD"
"1483","PR-4119806-C49773BC11424426A59ED08143772898","AT","PR","4119806","C49773BC11424426A59ED08143772898","PR4119806C49773BC11424426A59ED08143772898"
"1484","PR-4119806-426BFE5187D7467A8B7B5FB30E04FB68","AT","PR","4119806","426BFE5187D7467A8B7B5FB30E04FB68","PR4119806426BFE5187D7467A8B7B5FB30E04FB68"
"1485","PR-4119806-D8372336D16E4E18B46A1189B3034570","AT","PR","4119806","D8372336D16E4E18B46A1189B3034570","PR4119806D8372336D16E4E18B46A1189B3034570"
"1486","PR-4119806-E114C9AEC9CE43E78434CA5317F8A66D","AT","PR","4119806","E114C9AEC9CE43E78434CA5317F8A66D","PR4119806E114C9AEC9CE43E78434CA5317F8A66D"
"1487","PR-4119806-1D418E9C4B9F44439DA8293091F37C35","AT","PR","4119806","1D418E9C4B9F44439DA8293091F37C35","PR41198061D418E9C4B9F44439DA8293091F37C35"
"1488","PR-4119806-34B57941A456408085F2A414B01CFAC6","AT","PR","4119806","34B57941A456408085F2A414B01CFAC6","PR411980634B57941A456408085F2A414B01CFAC6"
"1489","PR-4119806-5698F80A44D2405F944A1F97A305F561","AT","PR","4119806","5698F80A44D2405F944A1F97A305F561","PR41198065698F80A44D2405F944A1F97A305F561"
"1490","PR-4119806-47EFE79EEA1B4CAD9BCB2E0824E5C386","AT","PR","4119806","47EFE79EEA1B4CAD9BCB2E0824E5C386","PR411980647EFE79EEA1B4CAD9BCB2E0824E5C386"
"1491","PR-4119806-6620F32BA0D04DA588696A96107CC488","AT","PR","4119806","6620F32BA0D04DA588696A96107CC488","PR41198066620F32BA0D04DA588696A96107CC488"
"1492","PR-4119806-EA48D1303B37420E83A19DC7B9AC155D","AT","PR","4119806","EA48D1303B37420E83A19DC7B9AC155D","PR4119806EA48D1303B37420E83A19DC7B9AC155D"
"1493","PR-4119806-953C13045D514184A4A92BB1B53954FB","AT","PR","4119806","953C13045D514184A4A92BB1B53954FB","PR4119806953C13045D514184A4A92BB1B53954FB"
"1494","PR-4119806-D6C9C574110943DAB3C3E8E7BA6A6FBB","AT","PR","4119806","D6C9C574110943DAB3C3E8E7BA6A6FBB","PR4119806D6C9C574110943DAB3C3E8E7BA6A6FBB"
"1495","PR-4119806-FCF882AF9266429E830807B0798C185E","AT","PR","4119806","FCF882AF9266429E830807B0798C185E","PR4119806FCF882AF9266429E830807B0798C185E"
"1496","PR-4119806-713DD7F4B0A84194A74A7BF6BFCB4048","AT","PR","4119806","713DD7F4B0A84194A74A7BF6BFCB4048","PR4119806713DD7F4B0A84194A74A7BF6BFCB4048"
"1497","PR-4119806-FEFBCBF44418472FBD5D0589DDF983EE","AT","PR","4119806","FEFBCBF44418472FBD5D0589DDF983EE","PR4119806FEFBCBF44418472FBD5D0589DDF983EE"
"1498","PR-4119806-2E1C220A2DC74030B1AFA19A91BC8E4C","AT","PR","4119806","2E1C220A2DC74030B1AFA19A91BC8E4C","PR41198062E1C220A2DC74030B1AFA19A91BC8E4C"
"1499","PR-4119806-1F47E08C1A654AE69142BE1B82B2B9F1","AT","PR","4119806","1F47E08C1A654AE69142BE1B82B2B9F1","PR41198061F47E08C1A654AE69142BE1B82B2B9F1"
"1500","PR-4119806-9B426513613542589499DC06CBFD0E84","AT","PR","4119806","9B426513613542589499DC06CBFD0E84","PR41198069B426513613542589499DC06CBFD0E84"
"1501","PR-4119806-38504F086BBA4C639F94B32BF11FF775","AT","PR","4119806","38504F086BBA4C639F94B32BF11FF775","PR411980638504F086BBA4C639F94B32BF11FF775"
"1502","PR-4119806-B29B9D5D30FE4932A15EDC741A377799","AT","PR","4119806","B29B9D5D30FE4932A15EDC741A377799","PR4119806B29B9D5D30FE4932A15EDC741A377799"
"1503","PR-4119806-6A0E011401FF47F3A3C6EEE9590F80DA","AT","PR","4119806","6A0E011401FF47F3A3C6EEE9590F80DA","PR41198066A0E011401FF47F3A3C6EEE9590F80DA"
"1504","PR-4119806-6561711F0AA74D52A254AD2E0456E449","AT","PR","4119806","6561711F0AA74D52A254AD2E0456E449","PR41198066561711F0AA74D52A254AD2E0456E449"
"1505","PR-4119806-470795A8B7984D9D832C0973859C07CE","AT","PR","4119806","470795A8B7984D9D832C0973859C07CE","PR4119806470795A8B7984D9D832C0973859C07CE"
"1506","PR-4119806-2825CD5D524348D08EB5E04FC58E8844","AT","PR","4119806","2825CD5D524348D08EB5E04FC58E8844","PR41198062825CD5D524348D08EB5E04FC58E8844"
"1507","PR-4119806-5AE882545D204544BE5A7EA6AF584458","AT","PR","4119806","5AE882545D204544BE5A7EA6AF584458","PR41198065AE882545D204544BE5A7EA6AF584458"
"1508","PR-4119806-7A35AD93185048419CB11056949A1ED7","AT","PR","4119806","7A35AD93185048419CB11056949A1ED7","PR41198067A35AD93185048419CB11056949A1ED7"
"1509","PR-4119806-F7CB1B88AE92481BBF59560C1EC349F1","AT","PR","4119806","F7CB1B88AE92481BBF59560C1EC349F1","PR4119806F7CB1B88AE92481BBF59560C1EC349F1"
"1510","PR-4119806-671B7F00019145E0A105A1E0234B747D","AT","PR","4119806","671B7F00019145E0A105A1E0234B747D","PR4119806671B7F00019145E0A105A1E0234B747D"
"1511","PR-4119806-6DF669C7F64045EC8A65127262380F85","AT","PR","4119806","6DF669C7F64045EC8A65127262380F85","PR41198066DF669C7F64045EC8A65127262380F85"
"1512","PR-4119806-15A968DB46C94D83B29AEC85F0FC08D4","AT","PR","4119806","15A968DB46C94D83B29AEC85F0FC08D4","PR411980615A968DB46C94D83B29AEC85F0FC08D4"
"1513","PR-4119806-B3E5F049BCEA4ED8A3CD3EA1B2678F64","AT","PR","4119806","B3E5F049BCEA4ED8A3CD3EA1B2678F64","PR4119806B3E5F049BCEA4ED8A3CD3EA1B2678F64"
"1514","PR-4119806-26FCCFAEEE60478EBA856EF0A8169FFC","AT","PR","4119806","26FCCFAEEE60478EBA856EF0A8169FFC","PR411980626FCCFAEEE60478EBA856EF0A8169FFC"
"1515","PR-4119806-073BF3A2070D4D40AF3A635741E6067A","AT","PR","4119806","073BF3A2070D4D40AF3A635741E6067A","PR4119806073BF3A2070D4D40AF3A635741E6067A"
"1516","PR-4119806-647D16869CDA4B3580676DB00F871D9A","AT","PR","4119806","647D16869CDA4B3580676DB00F871D9A","PR4119806647D16869CDA4B3580676DB00F871D9A"
"1517","PR-4119806-7AAF73C54BAB457D8F907ADEC843AE61","AT","PR","4119806","7AAF73C54BAB457D8F907ADEC843AE61","PR41198067AAF73C54BAB457D8F907ADEC843AE61"
"1518","PR-4119806-F33391515D5C4B1C9AE0FD1D2E4073FE","AT","PR","4119806","F33391515D5C4B1C9AE0FD1D2E4073FE","PR4119806F33391515D5C4B1C9AE0FD1D2E4073FE"
"1519","PR-4119806-EF721C93429847978C9FCC7AE61BF589","AT","PR","4119806","EF721C93429847978C9FCC7AE61BF589","PR4119806EF721C93429847978C9FCC7AE61BF589"
"1520","PR-4119806-265457B392974911A89CD9B72E70D9E5","AT","PR","4119806","265457B392974911A89CD9B72E70D9E5","PR4119806265457B392974911A89CD9B72E70D9E5"
"1521","PR-4119806-C3588AADBAF440D196D35070E4FA6B31","AT","PR","4119806","C3588AADBAF440D196D35070E4FA6B31","PR4119806C3588AADBAF440D196D35070E4FA6B31"
"1522","PR-4119806-8BB8A57DD4F84D27AA977393DB118E9A","AT","PR","4119806","8BB8A57DD4F84D27AA977393DB118E9A","PR41198068BB8A57DD4F84D27AA977393DB118E9A"
"1523","PR-4119806-023E702B60EB4976912A0DE5407B701E","AT","PR","4119806","023E702B60EB4976912A0DE5407B701E","PR4119806023E702B60EB4976912A0DE5407B701E"
"1524","PR-4119806-4380EC37A68441C08092E3591FFD48E7","AT","PR","4119806","4380EC37A68441C08092E3591FFD48E7","PR41198064380EC37A68441C08092E3591FFD48E7"
"1525","PR-4119806-E1CB37588E9E43B587315DEA21D9FA70","AT","PR","4119806","E1CB37588E9E43B587315DEA21D9FA70","PR4119806E1CB37588E9E43B587315DEA21D9FA70"
"1526","PR-4119806-17678DAA9B8C47968A889D6D237ED775","AT","PR","4119806","17678DAA9B8C47968A889D6D237ED775","PR411980617678DAA9B8C47968A889D6D237ED775"
"1527","PR-4119806-E818F347A464409FA3DB194D4D96BE09","AT","PR","4119806","E818F347A464409FA3DB194D4D96BE09","PR4119806E818F347A464409FA3DB194D4D96BE09"
"1528","PR-4119806-C791B4948CA744038A31D90E53524372","AT","PR","4119806","C791B4948CA744038A31D90E53524372","PR4119806C791B4948CA744038A31D90E53524372"
"1529","PR-4119806-D372397E46624C79A9E79A3163236925","CA","PR","4119806","D372397E46624C79A9E79A3163236925","PR4119806D372397E46624C79A9E79A3163236925"
"1530","PR-4119806-495E4DDC9CA04606ACF80AA37B8D7B73","AT","PR","4119806","495E4DDC9CA04606ACF80AA37B8D7B73","PR4119806495E4DDC9CA04606ACF80AA37B8D7B73"
"1531","PR-4119806-2FD5CE02EC8A4572874F18B514671BF9","PE","PR","4119806","2FD5CE02EC8A4572874F18B514671BF9","PR41198062FD5CE02EC8A4572874F18B514671BF9"
"1532","PR-4119806-466229E5946B451BAEFFC444EDFDD1E6","AT","PR","4119806","466229E5946B451BAEFFC444EDFDD1E6","PR4119806466229E5946B451BAEFFC444EDFDD1E6"
"1533","PR-4119806-17DFBA282FA9465CB0D881ABC07E6A4F","AT","PR","4119806","17DFBA282FA9465CB0D881ABC07E6A4F","PR411980617DFBA282FA9465CB0D881ABC07E6A4F"
"1534","PR-4119806-E92C5A6862AB4163B71B2742E9A44736","AT","PR","4119806","E92C5A6862AB4163B71B2742E9A44736","PR4119806E92C5A6862AB4163B71B2742E9A44736"
"1535","PR-4119806-88D6D186DAFC4ABEA44ECBF8866A8852","AT","PR","4119806","88D6D186DAFC4ABEA44ECBF8866A8852","PR411980688D6D186DAFC4ABEA44ECBF8866A8852"
"1536","PR-4119806-A43893B2476F4A86AD8972647E9500AB","AT","PR","4119806","A43893B2476F4A86AD8972647E9500AB","PR4119806A43893B2476F4A86AD8972647E9500AB"
"1537","PR-4119806-BFAAC51E508943BCBCB8E6E106584D02","AT","PR","4119806","BFAAC51E508943BCBCB8E6E106584D02","PR4119806BFAAC51E508943BCBCB8E6E106584D02"
"1538","PR-4119806-FB6B20A7A33F4C83B8C580D70BB4C2C5","AT","PR","4119806","FB6B20A7A33F4C83B8C580D70BB4C2C5","PR4119806FB6B20A7A33F4C83B8C580D70BB4C2C5"
"1539","PR-4119806-896BA01A1AAB44899872521E13349482","AT","PR","4119806","896BA01A1AAB44899872521E13349482","PR4119806896BA01A1AAB44899872521E13349482"
"1540","PR-4119806-F96FD9F5324841908C84108BF86FAC7E","AT","PR","4119806","F96FD9F5324841908C84108BF86FAC7E","PR4119806F96FD9F5324841908C84108BF86FAC7E"
"1541","PR-4119806-1B4846B5E5784FF89E1A5B71A1BA2506","AT","PR","4119806","1B4846B5E5784FF89E1A5B71A1BA2506","PR41198061B4846B5E5784FF89E1A5B71A1BA2506"
"1542","PR-4119806-A448C0C43FDF4C36928239D2989D9C87","AT","PR","4119806","A448C0C43FDF4C36928239D2989D9C87","PR4119806A448C0C43FDF4C36928239D2989D9C87"
"1543","PR-4119806-835EE0ACBE6C436C965881311D5D0076","AT","PR","4119806","835EE0ACBE6C436C965881311D5D0076","PR4119806835EE0ACBE6C436C965881311D5D0076"
"1544","PR-4119806-98BB70449D6946A7917BA2015061A836","AT","PR","4119806","98BB70449D6946A7917BA2015061A836","PR411980698BB70449D6946A7917BA2015061A836"
"1545","PR-4119806-93411A9A48C846FA8F641164C97888F6","AT","PR","4119806","93411A9A48C846FA8F641164C97888F6","PR411980693411A9A48C846FA8F641164C97888F6"
"1546","PR-4119806-743AF2B0985C42A4903DAAB80603A243","AT","PR","4119806","743AF2B0985C42A4903DAAB80603A243","PR4119806743AF2B0985C42A4903DAAB80603A243"
"1547","PR-4119806-B83BFA5113FA4E0DBE1D646CDC2AAF81","AT","PR","4119806","B83BFA5113FA4E0DBE1D646CDC2AAF81","PR4119806B83BFA5113FA4E0DBE1D646CDC2AAF81"
"1548","PR-4119806-C323169D70AD450BABA8218DB6C87E50","AT","PR","4119806","C323169D70AD450BABA8218DB6C87E50","PR4119806C323169D70AD450BABA8218DB6C87E50"
"1549","PR-4119806-DA82B32D83734D99BD64CCC1AFAB9D49","AT","PR","4119806","DA82B32D83734D99BD64CCC1AFAB9D49","PR4119806DA82B32D83734D99BD64CCC1AFAB9D49"
"1550","PR-4119806-9A35D7ED8AB4445DBC407189DA5897D7","AT","PR","4119806","9A35D7ED8AB4445DBC407189DA5897D7","PR41198069A35D7ED8AB4445DBC407189DA5897D7"
"1551","PR-4119806-DCC7B03F219D4EB997E2330EC89D93E5","AT","PR","4119806","DCC7B03F219D4EB997E2330EC89D93E5","PR4119806DCC7B03F219D4EB997E2330EC89D93E5"
"1552","PR-4119806-5033B6B77350495DBEF4A7A1ED7E0B0D","AT","PR","4119806","5033B6B77350495DBEF4A7A1ED7E0B0D","PR41198065033B6B77350495DBEF4A7A1ED7E0B0D"
"1553","PR-4119806-C15ABB7E9FB44027A2E1158CBF02C1D6","AT","PR","4119806","C15ABB7E9FB44027A2E1158CBF02C1D6","PR4119806C15ABB7E9FB44027A2E1158CBF02C1D6"
"1554","PR-4119806-16D880A19A00477BA1B0AE723AB7E41A","AT","PR","4119806","16D880A19A00477BA1B0AE723AB7E41A","PR411980616D880A19A00477BA1B0AE723AB7E41A"
"1555","PR-4119806-F60BE2D465DF41778EE2D7C1D538586A","AT","PR","4119806","F60BE2D465DF41778EE2D7C1D538586A","PR4119806F60BE2D465DF41778EE2D7C1D538586A"
"1556","PR-4119806-A932982350E34054B257050E72C32B6D","AT","PR","4119806","A932982350E34054B257050E72C32B6D","PR4119806A932982350E34054B257050E72C32B6D"
"1557","PR-4119806-BE5F4124458B41D59FCD22BF7D758215","AT","PR","4119806","BE5F4124458B41D59FCD22BF7D758215","PR4119806BE5F4124458B41D59FCD22BF7D758215"
"1558","PR-4119806-CAAEDF1D97E54273929D16F378EE889D","AT","PR","4119806","CAAEDF1D97E54273929D16F378EE889D","PR4119806CAAEDF1D97E54273929D16F378EE889D"
"1559","PR-4119806-F823261AF54B4BD08BBB8537A9353E93","AT","PR","4119806","F823261AF54B4BD08BBB8537A9353E93","PR4119806F823261AF54B4BD08BBB8537A9353E93"
"1560","PR-4119806-EA8E68492E214941BA8EA1E7E85EC885","AT","PR","4119806","EA8E68492E214941BA8EA1E7E85EC885","PR4119806EA8E68492E214941BA8EA1E7E85EC885"
"1561","PR-4119806-54580FD7D026438E98E6DAE0CEDE3B8E","AT","PR","4119806","54580FD7D026438E98E6DAE0CEDE3B8E","PR411980654580FD7D026438E98E6DAE0CEDE3B8E"
"1562","PR-4119806-9037855237884DEC96C972FDB9444D7D","AT","PR","4119806","9037855237884DEC96C972FDB9444D7D","PR41198069037855237884DEC96C972FDB9444D7D"
"1563","PR-4119806-853D42A151BF4AC68E1DD1745C6A9FA2","AT","PR","4119806","853D42A151BF4AC68E1DD1745C6A9FA2","PR4119806853D42A151BF4AC68E1DD1745C6A9FA2"
"1564","PR-4119806-6EE7DA447C974D3799C233CAA2B77BCC","AT","PR","4119806","6EE7DA447C974D3799C233CAA2B77BCC","PR41198066EE7DA447C974D3799C233CAA2B77BCC"
"1565","PR-4119806-E6991B781B994159A42D11DE64B442C8","AT","PR","4119806","E6991B781B994159A42D11DE64B442C8","PR4119806E6991B781B994159A42D11DE64B442C8"
"1566","PR-4119806-F6169B483AA2423193574C8665D7364D","AT","PR","4119806","F6169B483AA2423193574C8665D7364D","PR4119806F6169B483AA2423193574C8665D7364D"
"1567","PR-4119806-71B5423341C7492F9D5732B25638A402","AT","PR","4119806","71B5423341C7492F9D5732B25638A402","PR411980671B5423341C7492F9D5732B25638A402"
"1568","PR-4119806-C0EEEAEA808C4646BECDC47291C80012","AT","PR","4119806","C0EEEAEA808C4646BECDC47291C80012","PR4119806C0EEEAEA808C4646BECDC47291C80012"
"1569","PR-4119806-0A7462C53E54497BB0FA1CCD6299F45B","AT","PR","4119806","0A7462C53E54497BB0FA1CCD6299F45B","PR41198060A7462C53E54497BB0FA1CCD6299F45B"
"1570","PR-4119806-E27571D1DD5A47CF89495E1192D5B66E","AT","PR","4119806","E27571D1DD5A47CF89495E1192D5B66E","PR4119806E27571D1DD5A47CF89495E1192D5B66E"
"1571","PR-4119806-461DFDEF740E494DA2293119AC8EB05B","AT","PR","4119806","461DFDEF740E494DA2293119AC8EB05B","PR4119806461DFDEF740E494DA2293119AC8EB05B"
"1572","PR-4119806-26CDCCC64EF04088A9DB69946AF5B74B","AT","PR","4119806","26CDCCC64EF04088A9DB69946AF5B74B","PR411980626CDCCC64EF04088A9DB69946AF5B74B"
"1573","PR-4119806-28842FBCDD774E21B2943C7E4421D2BD","AT","PR","4119806","28842FBCDD774E21B2943C7E4421D2BD","PR411980628842FBCDD774E21B2943C7E4421D2BD"
"1574","PR-4119806-3A0A018C19E54013B9953F78EFEC4AE1","AT","PR","4119806","3A0A018C19E54013B9953F78EFEC4AE1","PR41198063A0A018C19E54013B9953F78EFEC4AE1"
"1575","PR-4119806-5A1ACD19F94A47CC86EAC2563223D514","AT","PR","4119806","5A1ACD19F94A47CC86EAC2563223D514","PR41198065A1ACD19F94A47CC86EAC2563223D514"
"1576","PR-4119806-AC259FC213584EB3A4D835125370AB9A","AT","PR","4119806","AC259FC213584EB3A4D835125370AB9A","PR4119806AC259FC213584EB3A4D835125370AB9A"
"1577","PR-4119806-01B9596BB75045D2A864C56E3911CF17","AT","PR","4119806","01B9596BB75045D2A864C56E3911CF17","PR411980601B9596BB75045D2A864C56E3911CF17"
"1578","PR-4119806-9990EFCBD8AC4F6496826A86AA4EE602","AT","PR","4119806","9990EFCBD8AC4F6496826A86AA4EE602","PR41198069990EFCBD8AC4F6496826A86AA4EE602"
"1579","PR-4119806-9AB35CC604724B44877FC681B69A590B","AT","PR","4119806","9AB35CC604724B44877FC681B69A590B","PR41198069AB35CC604724B44877FC681B69A590B"
"1580","PR-4119806-DD32D13E4374428781D3A7E70EBEEA32","AT","PR","4119806","DD32D13E4374428781D3A7E70EBEEA32","PR4119806DD32D13E4374428781D3A7E70EBEEA32"
"1581","PR-4119806-E67942368D734536B0E62E64E1432B0A","CA","PR","4119806","E67942368D734536B0E62E64E1432B0A","PR4119806E67942368D734536B0E62E64E1432B0A"
"1582","PR-4119806-C3A6EFD9932B459990C417EE5430732A","CA","PR","4119806","C3A6EFD9932B459990C417EE5430732A","PR4119806C3A6EFD9932B459990C417EE5430732A"
"1583","PR-4119806-EE98477002CB40F1AAA099937D8F241E","AT","PR","4119806","EE98477002CB40F1AAA099937D8F241E","PR4119806EE98477002CB40F1AAA099937D8F241E"
"1584","PR-4119806-6587A0F8F5AF4F269D81BAB155F090F9","AT","PR","4119806","6587A0F8F5AF4F269D81BAB155F090F9","PR41198066587A0F8F5AF4F269D81BAB155F090F9"
"1585","PR-4119806-32C68A0388304C3E8AFD359B9DE8C8E4","AT","PR","4119806","32C68A0388304C3E8AFD359B9DE8C8E4","PR411980632C68A0388304C3E8AFD359B9DE8C8E4"
"1586","PR-4119806-1D20E0DD3102445686922B14B196AB88","AT","PR","4119806","1D20E0DD3102445686922B14B196AB88","PR41198061D20E0DD3102445686922B14B196AB88"
"1587","PR-4119806-E67AF43DD1674FDB9408E5E584C19613","AT","PR","4119806","E67AF43DD1674FDB9408E5E584C19613","PR4119806E67AF43DD1674FDB9408E5E584C19613"
"1588","PR-4119806-42A2C86CC6FA4AB08DF1CAC60DF76EA2","AT","PR","4119806","42A2C86CC6FA4AB08DF1CAC60DF76EA2","PR411980642A2C86CC6FA4AB08DF1CAC60DF76EA2"
"1589","PR-4119806-0556A4AED6394658A8262813AE5ED062","AT","PR","4119806","0556A4AED6394658A8262813AE5ED062","PR41198060556A4AED6394658A8262813AE5ED062"
"1590","PR-4119806-D6E8DEED4C314092B6AFBAC2A4FAED42","AT","PR","4119806","D6E8DEED4C314092B6AFBAC2A4FAED42","PR4119806D6E8DEED4C314092B6AFBAC2A4FAED42"
"1591","PR-4119806-807196E1836B4F908BE257519B4B0647","PE","PR","4119806","807196E1836B4F908BE257519B4B0647","PR4119806807196E1836B4F908BE257519B4B0647"
"1592","PR-4119806-825D3192EF524E56871B12E560DEC215","AT","PR","4119806","825D3192EF524E56871B12E560DEC215","PR4119806825D3192EF524E56871B12E560DEC215"
"1593","PR-4119806-7C826F066696461F97C318094174634E","AT","PR","4119806","7C826F066696461F97C318094174634E","PR41198067C826F066696461F97C318094174634E"
"1594","PR-4119806-C5224145F8904F01BB8B1686F4F908EF","AT","PR","4119806","C5224145F8904F01BB8B1686F4F908EF","PR4119806C5224145F8904F01BB8B1686F4F908EF"
"1595","PR-4119806-0B71AF4AB6AE4229BE8977370F0195C1","AT","PR","4119806","0B71AF4AB6AE4229BE8977370F0195C1","PR41198060B71AF4AB6AE4229BE8977370F0195C1"
"1596","PR-4119806-DC501523B0B145009C40E415DE701098","AT","PR","4119806","DC501523B0B145009C40E415DE701098","PR4119806DC501523B0B145009C40E415DE701098"
"1597","PR-4119806-D2D3C5D1D4E84F09901846248A14F7A7","AT","PR","4119806","D2D3C5D1D4E84F09901846248A14F7A7","PR4119806D2D3C5D1D4E84F09901846248A14F7A7"
"1598","PR-4119806-7B5D09F07D1044E6A6BAF3F901A86B4B","AT","PR","4119806","7B5D09F07D1044E6A6BAF3F901A86B4B","PR41198067B5D09F07D1044E6A6BAF3F901A86B4B"
"1599","PR-4119806-EC88607706D54F62B614F025458F1836","AT","PR","4119806","EC88607706D54F62B614F025458F1836","PR4119806EC88607706D54F62B614F025458F1836"
"1600","PR-4119806-4B5D5085E29E4AECA47A423CA525159A","AT","PR","4119806","4B5D5085E29E4AECA47A423CA525159A","PR41198064B5D5085E29E4AECA47A423CA525159A"
"1601","PR-4119806-B97C46CD2621423EBFC4999197957085","AT","PR","4119806","B97C46CD2621423EBFC4999197957085","PR4119806B97C46CD2621423EBFC4999197957085"
"1602","PR-4119806-D12EA86CF93E4907AA28E817EE3C075E","AT","PR","4119806","D12EA86CF93E4907AA28E817EE3C075E","PR4119806D12EA86CF93E4907AA28E817EE3C075E"
"1603","PR-4119806-D052F9FB05D146F88CB0263CFE2AB8B5","CA","PR","4119806","D052F9FB05D146F88CB0263CFE2AB8B5","PR4119806D052F9FB05D146F88CB0263CFE2AB8B5"
"1604","PR-4119806-F8014F7625DD4900826921DE7E9F5B55","CA","PR","4119806","F8014F7625DD4900826921DE7E9F5B55","PR4119806F8014F7625DD4900826921DE7E9F5B55"
"1605","PR-4119806-F2D60C577C8B4C56BFE3C1E70BEE5411","AT","PR","4119806","F2D60C577C8B4C56BFE3C1E70BEE5411","PR4119806F2D60C577C8B4C56BFE3C1E70BEE5411"
"1606","PR-4119806-EC3B884914EC401A8209C1039ED7F6BF","CA","PR","4119806","EC3B884914EC401A8209C1039ED7F6BF","PR4119806EC3B884914EC401A8209C1039ED7F6BF"
"1607","PR-4119806-588DDA1F18884802B9FC1DE21E1342DF","AT","PR","4119806","588DDA1F18884802B9FC1DE21E1342DF","PR4119806588DDA1F18884802B9FC1DE21E1342DF"
"1608","PR-4119806-02E94F91244E44FFBBE97BABA4C10981","AT","PR","4119806","02E94F91244E44FFBBE97BABA4C10981","PR411980602E94F91244E44FFBBE97BABA4C10981"
"1609","PR-4119806-976685A14B2049B9B53E60269C754719","AT","PR","4119806","976685A14B2049B9B53E60269C754719","PR4119806976685A14B2049B9B53E60269C754719"
"1610","PR-4119806-76B982E1CE834068832477A32E1A87DF","AT","PR","4119806","76B982E1CE834068832477A32E1A87DF","PR411980676B982E1CE834068832477A32E1A87DF"
"1611","PR-4119806-15739E3EFF58428DAD07895C28FD22BC","AT","PR","4119806","15739E3EFF58428DAD07895C28FD22BC","PR411980615739E3EFF58428DAD07895C28FD22BC"
"1612","PR-4119806-0DE45B1337FC44339FBD81CF8A574A00","AT","PR","4119806","0DE45B1337FC44339FBD81CF8A574A00","PR41198060DE45B1337FC44339FBD81CF8A574A00"
"1613","PR-4119806-3991E54E11724A80AF2FB40B4F128169","AT","PR","4119806","3991E54E11724A80AF2FB40B4F128169","PR41198063991E54E11724A80AF2FB40B4F128169"
"1614","PR-4119806-7BCAFB755C0F4DC894F0C13C534950A5","AT","PR","4119806","7BCAFB755C0F4DC894F0C13C534950A5","PR41198067BCAFB755C0F4DC894F0C13C534950A5"
"1615","PR-4119806-354CA1FA79C9412A805B58F52CDE6D7E","AT","PR","4119806","354CA1FA79C9412A805B58F52CDE6D7E","PR4119806354CA1FA79C9412A805B58F52CDE6D7E"
"1616","PR-4119806-8A0D159A1F914542B5B12ADE243A9473","AT","PR","4119806","8A0D159A1F914542B5B12ADE243A9473","PR41198068A0D159A1F914542B5B12ADE243A9473"
"1617","PR-4119806-48670D3158A14F11A342C9EA7C2C20EB","AT","PR","4119806","48670D3158A14F11A342C9EA7C2C20EB","PR411980648670D3158A14F11A342C9EA7C2C20EB"
"1618","PR-4119806-132BCC5121164B4CB427858023EE17BE","AT","PR","4119806","132BCC5121164B4CB427858023EE17BE","PR4119806132BCC5121164B4CB427858023EE17BE"
"1619","PR-4119806-9748E9FA495B43E9AE0E564EFD073211","AT","PR","4119806","9748E9FA495B43E9AE0E564EFD073211","PR41198069748E9FA495B43E9AE0E564EFD073211"
"1620","PR-4119806-E19F27D60CB343938683C02E20A80728","AT","PR","4119806","E19F27D60CB343938683C02E20A80728","PR4119806E19F27D60CB343938683C02E20A80728"
"1621","PR-4119806-86D68E29E8DA4CD88930B5E2DDD16E7A","AT","PR","4119806","86D68E29E8DA4CD88930B5E2DDD16E7A","PR411980686D68E29E8DA4CD88930B5E2DDD16E7A"
"1622","PR-4119806-8AB84B6E9872422A86AEC9C7BDCB4485","AT","PR","4119806","8AB84B6E9872422A86AEC9C7BDCB4485","PR41198068AB84B6E9872422A86AEC9C7BDCB4485"
"1623","PR-4119806-2B000065147B404EA8DDD60F067BB6D4","AT","PR","4119806","2B000065147B404EA8DDD60F067BB6D4","PR41198062B000065147B404EA8DDD60F067BB6D4"
"1624","PR-4119806-C0F7EAFB2B564E00A522DB62CF16C003","AT","PR","4119806","C0F7EAFB2B564E00A522DB62CF16C003","PR4119806C0F7EAFB2B564E00A522DB62CF16C003"
"1625","PR-4119806-16476A9946C24346850D4B375DFEF039","AT","PR","4119806","16476A9946C24346850D4B375DFEF039","PR411980616476A9946C24346850D4B375DFEF039"
"1626","PR-4119806-FC4580163D3B459293EE318909528C1A","AT","PR","4119806","FC4580163D3B459293EE318909528C1A","PR4119806FC4580163D3B459293EE318909528C1A"
"1627","PR-4119806-EC6A444C6F844112801027C4D2CB8CF2","AT","PR","4119806","EC6A444C6F844112801027C4D2CB8CF2","PR4119806EC6A444C6F844112801027C4D2CB8CF2"
"1628","PR-4119806-334CA4467BFC43CCA84C860EC1F33220","AT","PR","4119806","334CA4467BFC43CCA84C860EC1F33220","PR4119806334CA4467BFC43CCA84C860EC1F33220"
"1629","PR-4119806-3A020C139E4F46DE813B6D3FA95B0E2F","AT","PR","4119806","3A020C139E4F46DE813B6D3FA95B0E2F","PR41198063A020C139E4F46DE813B6D3FA95B0E2F"
"1630","PR-4119806-C81A06BBBF124228A41E08218848FD40","AT","PR","4119806","C81A06BBBF124228A41E08218848FD40","PR4119806C81A06BBBF124228A41E08218848FD40"
"1631","PR-4119806-3227F70636B044F6B43330E2B443D284","AT","PR","4119806","3227F70636B044F6B43330E2B443D284","PR41198063227F70636B044F6B43330E2B443D284"
"1632","PR-4119806-E090F7724EB248D7BF3512E4CE60588F","AT","PR","4119806","E090F7724EB248D7BF3512E4CE60588F","PR4119806E090F7724EB248D7BF3512E4CE60588F"
"1633","PR-4119806-6F0CE5FA819E449FBFC5905D68431AB3","AT","PR","4119806","6F0CE5FA819E449FBFC5905D68431AB3","PR41198066F0CE5FA819E449FBFC5905D68431AB3"
"1634","PR-4119806-FDD3E34F3B334787850504E9EE225A4F","AT","PR","4119806","FDD3E34F3B334787850504E9EE225A4F","PR4119806FDD3E34F3B334787850504E9EE225A4F"
"1635","PR-4119806-0063B7C7D5C34657917DEEBC99430312","AT","PR","4119806","0063B7C7D5C34657917DEEBC99430312","PR41198060063B7C7D5C34657917DEEBC99430312"
"1636","PR-4119806-FE45C065515E4CE2942616642F478F74","AT","PR","4119806","FE45C065515E4CE2942616642F478F74","PR4119806FE45C065515E4CE2942616642F478F74"
"1637","PR-4119806-77C01903AB684AE4BB8C17021B022BC7","AT","PR","4119806","77C01903AB684AE4BB8C17021B022BC7","PR411980677C01903AB684AE4BB8C17021B022BC7"
"1638","PR-4119806-D13B943CB8934F83815F58194DA02F18","AT","PR","4119806","D13B943CB8934F83815F58194DA02F18","PR4119806D13B943CB8934F83815F58194DA02F18"
"1639","PR-4119806-1936421E75C84C0CAF149E34BA0AC18F","AT","PR","4119806","1936421E75C84C0CAF149E34BA0AC18F","PR41198061936421E75C84C0CAF149E34BA0AC18F"
"1640","PR-4119806-94AD6A07676842EC86959C31D03B8769","AT","PR","4119806","94AD6A07676842EC86959C31D03B8769","PR411980694AD6A07676842EC86959C31D03B8769"
"1641","PR-4119806-7AB65E27E746459F856CB280ADA531AE","AT","PR","4119806","7AB65E27E746459F856CB280ADA531AE","PR41198067AB65E27E746459F856CB280ADA531AE"
"1642","PR-4119806-8A3579DBA3A64D578E96791D52880062","AT","PR","4119806","8A3579DBA3A64D578E96791D52880062","PR41198068A3579DBA3A64D578E96791D52880062"
"1643","PR-4119806-64B7AAD828D9450393782BDBCB9B704A","AT","PR","4119806","64B7AAD828D9450393782BDBCB9B704A","PR411980664B7AAD828D9450393782BDBCB9B704A"
"1644","PR-4119806-E4BFD4C7F24F40979AEB31D41B8F9610","AT","PR","4119806","E4BFD4C7F24F40979AEB31D41B8F9610","PR4119806E4BFD4C7F24F40979AEB31D41B8F9610"
"1645","PR-4119806-C6ED3D5599A742EB97BA84AB48DC9044","AT","PR","4119806","C6ED3D5599A742EB97BA84AB48DC9044","PR4119806C6ED3D5599A742EB97BA84AB48DC9044"
"1646","PR-4119806-D65C01FE8196431EB6B4182E26014AAC","AT","PR","4119806","D65C01FE8196431EB6B4182E26014AAC","PR4119806D65C01FE8196431EB6B4182E26014AAC"
"1647","PR-4119806-F24D7776DF50437697BFD092AB2F2094","AT","PR","4119806","F24D7776DF50437697BFD092AB2F2094","PR4119806F24D7776DF50437697BFD092AB2F2094"
"1648","PR-4119806-33587C7478484DBDA2E0F265476677FF","AT","PR","4119806","33587C7478484DBDA2E0F265476677FF","PR411980633587C7478484DBDA2E0F265476677FF"
"1649","PR-4119806-C5068CE0C9D04A468DD623416A146347","AT","PR","4119806","C5068CE0C9D04A468DD623416A146347","PR4119806C5068CE0C9D04A468DD623416A146347"
"1650","PR-4119806-14D3795848C445429260D336134CAF00","AT","PR","4119806","14D3795848C445429260D336134CAF00","PR411980614D3795848C445429260D336134CAF00"
"1651","PR-4119806-64A6965A301146DABA21DDEC9EFCFB2A","CA","PR","4119806","64A6965A301146DABA21DDEC9EFCFB2A","PR411980664A6965A301146DABA21DDEC9EFCFB2A"
"1652","PR-4119806-FF65BEF9CAA040CFBCD2A345E749A1AE","AT","PR","4119806","FF65BEF9CAA040CFBCD2A345E749A1AE","PR4119806FF65BEF9CAA040CFBCD2A345E749A1AE"
"1653","PR-4119806-8F6E9286C00646CDA63DB05EEF64A0B7","CA","PR","4119806","8F6E9286C00646CDA63DB05EEF64A0B7","PR41198068F6E9286C00646CDA63DB05EEF64A0B7"
"1654","PR-4119806-722444C9E1F44F1E85F4D38454DEB2E1","CA","PR","4119806","722444C9E1F44F1E85F4D38454DEB2E1","PR4119806722444C9E1F44F1E85F4D38454DEB2E1"
"1655","PR-4119806-D606941E2FA64581880FD69F1AE84497","AT","PR","4119806","D606941E2FA64581880FD69F1AE84497","PR4119806D606941E2FA64581880FD69F1AE84497"
"1656","PR-4119806-A15F897294434321A4928D3888FF5A6E","AT","PR","4119806","A15F897294434321A4928D3888FF5A6E","PR4119806A15F897294434321A4928D3888FF5A6E"
"1657","PR-4119806-9E55AC54632B4614B60A04F46A64920D","AT","PR","4119806","9E55AC54632B4614B60A04F46A64920D","PR41198069E55AC54632B4614B60A04F46A64920D"
"1658","PR-4119806-F6AF70B5D0FC4598B15A3F4B5FE15497","AT","PR","4119806","F6AF70B5D0FC4598B15A3F4B5FE15497","PR4119806F6AF70B5D0FC4598B15A3F4B5FE15497"
"1659","PR-4119806-3692143589334A3C9E99AF54C695925A","AT","PR","4119806","3692143589334A3C9E99AF54C695925A","PR41198063692143589334A3C9E99AF54C695925A"
"1660","PR-4119806-7B9B9DA05F964B6EAE312DE94F737C52","AT","PR","4119806","7B9B9DA05F964B6EAE312DE94F737C52","PR41198067B9B9DA05F964B6EAE312DE94F737C52"
"1661","PR-4119806-E43D3366EF6E480E8543AFEEA72C8B0A","AT","PR","4119806","E43D3366EF6E480E8543AFEEA72C8B0A","PR4119806E43D3366EF6E480E8543AFEEA72C8B0A"
"1662","PR-4119806-2AB2E4EB2AD9429B81FC8C2567294A70","AT","PR","4119806","2AB2E4EB2AD9429B81FC8C2567294A70","PR41198062AB2E4EB2AD9429B81FC8C2567294A70"
"1663","PR-4119806-850110D48E9B44EB901EF69C274338CA","AT","PR","4119806","850110D48E9B44EB901EF69C274338CA","PR4119806850110D48E9B44EB901EF69C274338CA"
"1664","PR-4119806-C2F42BB8186843F0A824A7FEA2CAD185","AT","PR","4119806","C2F42BB8186843F0A824A7FEA2CAD185","PR4119806C2F42BB8186843F0A824A7FEA2CAD185"
"1665","PR-4119806-916948C58F764864B0319C6325AF0A39","AT","PR","4119806","916948C58F764864B0319C6325AF0A39","PR4119806916948C58F764864B0319C6325AF0A39"
"1666","PR-4119806-178A535D74DF48DD976299FF167AE1CF","AT","PR","4119806","178A535D74DF48DD976299FF167AE1CF","PR4119806178A535D74DF48DD976299FF167AE1CF"
"1667","PR-4119806-2C386245F7F14BC1AFF71289B169EC45","AT","PR","4119806","2C386245F7F14BC1AFF71289B169EC45","PR41198062C386245F7F14BC1AFF71289B169EC45"
"1668","PR-4119806-392A01D5E66547EDB8BFD7A408BE0372","AT","PR","4119806","392A01D5E66547EDB8BFD7A408BE0372","PR4119806392A01D5E66547EDB8BFD7A408BE0372"
"1669","PR-4119806-FCE5571F037C47FD9C9FB5609319FADD","AT","PR","4119806","FCE5571F037C47FD9C9FB5609319FADD","PR4119806FCE5571F037C47FD9C9FB5609319FADD"
"1670","PR-4119806-33B02AFF66784938943213471870FCF3","AT","PR","4119806","33B02AFF66784938943213471870FCF3","PR411980633B02AFF66784938943213471870FCF3"
"1671","PR-4119806-50A4F9D4713849E2AEAF6EC12754DA7D","AT","PR","4119806","50A4F9D4713849E2AEAF6EC12754DA7D","PR411980650A4F9D4713849E2AEAF6EC12754DA7D"
"1672","PR-4119806-FDDCCB7EAE9244EB80D266FA15DC939F","AT","PR","4119806","FDDCCB7EAE9244EB80D266FA15DC939F","PR4119806FDDCCB7EAE9244EB80D266FA15DC939F"
"1673","PR-4119806-9F6C6FBA6F3948EBB883170F637211C9","AT","PR","4119806","9F6C6FBA6F3948EBB883170F637211C9","PR41198069F6C6FBA6F3948EBB883170F637211C9"
"1674","PR-4119806-3259A2A239D940E198CE4167F906FCAF","AT","PR","4119806","3259A2A239D940E198CE4167F906FCAF","PR41198063259A2A239D940E198CE4167F906FCAF"
"1675","PR-4119806-AF366B4609D844B7B89C0E3C25F13E99","AT","PR","4119806","AF366B4609D844B7B89C0E3C25F13E99","PR4119806AF366B4609D844B7B89C0E3C25F13E99"
"1676","PR-4119806-672D2BFDFB9043D981DAAE98C74E1616","AT","PR","4119806","672D2BFDFB9043D981DAAE98C74E1616","PR4119806672D2BFDFB9043D981DAAE98C74E1616"
"1677","PR-4119806-FD4FD87383C9479B93897E0C6A31A857","AT","PR","4119806","FD4FD87383C9479B93897E0C6A31A857","PR4119806FD4FD87383C9479B93897E0C6A31A857"
"1678","PR-4119806-3FF7D3AE3EAB47B696CD1AE73A1BA63D","AT","PR","4119806","3FF7D3AE3EAB47B696CD1AE73A1BA63D","PR41198063FF7D3AE3EAB47B696CD1AE73A1BA63D"
"1679","PR-4119806-FF111C2240F54FDEB291810E56DAE7FC","AT","PR","4119806","FF111C2240F54FDEB291810E56DAE7FC","PR4119806FF111C2240F54FDEB291810E56DAE7FC"
"1680","PR-4119806-BCC01EB2DDB14EA286BE567CD0CFF687","AT","PR","4119806","BCC01EB2DDB14EA286BE567CD0CFF687","PR4119806BCC01EB2DDB14EA286BE567CD0CFF687"
"1681","PR-4119806-8779601C5C2545288730F5B5F73C0FED","AT","PR","4119806","8779601C5C2545288730F5B5F73C0FED","PR41198068779601C5C2545288730F5B5F73C0FED"
"1682","PR-4119806-B7E8522B5FED47F1A12AA2DD98DD03B1","AT","PR","4119806","B7E8522B5FED47F1A12AA2DD98DD03B1","PR4119806B7E8522B5FED47F1A12AA2DD98DD03B1"
"1683","PR-4119806-A454C45839784377A427CE3C05704E5A","AT","PR","4119806","A454C45839784377A427CE3C05704E5A","PR4119806A454C45839784377A427CE3C05704E5A"
"1684","PR-4119806-BADEECB9012F4C67BC95F8BAB1D74AF5","AT","PR","4119806","BADEECB9012F4C67BC95F8BAB1D74AF5","PR4119806BADEECB9012F4C67BC95F8BAB1D74AF5"
"1685","PR-4119806-AEE093ED59E941ADAECBDF2A2D90DC21","AT","PR","4119806","AEE093ED59E941ADAECBDF2A2D90DC21","PR4119806AEE093ED59E941ADAECBDF2A2D90DC21"
"1686","PR-4119806-987A412188624BACA54DAA89D1CDBAA2","AT","PR","4119806","987A412188624BACA54DAA89D1CDBAA2","PR4119806987A412188624BACA54DAA89D1CDBAA2"
"1687","PR-4119806-AAE2C99152514FB6B941B7E4473C3B05","AT","PR","4119806","AAE2C99152514FB6B941B7E4473C3B05","PR4119806AAE2C99152514FB6B941B7E4473C3B05"
"1688","PR-4119806-8C7CE6B39F4343BEB10F0F039116E3A3","AT","PR","4119806","8C7CE6B39F4343BEB10F0F039116E3A3","PR41198068C7CE6B39F4343BEB10F0F039116E3A3"
"1689","PR-4119806-73F82B1D6F4E4DB0BCFC6CA5EF912B27","AT","PR","4119806","73F82B1D6F4E4DB0BCFC6CA5EF912B27","PR411980673F82B1D6F4E4DB0BCFC6CA5EF912B27"
"1690","PR-4119806-B9487FDF2F1242A7B8FC30D6DE420DC7","AT","PR","4119806","B9487FDF2F1242A7B8FC30D6DE420DC7","PR4119806B9487FDF2F1242A7B8FC30D6DE420DC7"
"1691","PR-4119806-69EBDDB52D704351A2104C178009B7A1","AT","PR","4119806","69EBDDB52D704351A2104C178009B7A1","PR411980669EBDDB52D704351A2104C178009B7A1"
"1692","PR-4119806-22C250699F9440169FBF8726C8F0D3E7","AT","PR","4119806","22C250699F9440169FBF8726C8F0D3E7","PR411980622C250699F9440169FBF8726C8F0D3E7"
"1693","PR-4119806-5AAC71429920405399EB6600A8389A17","AT","PR","4119806","5AAC71429920405399EB6600A8389A17","PR41198065AAC71429920405399EB6600A8389A17"
"1694","PR-4119806-ED94778DB2434B298EE8590FEFE8F253","AT","PR","4119806","ED94778DB2434B298EE8590FEFE8F253","PR4119806ED94778DB2434B298EE8590FEFE8F253"
"1695","PR-4119806-E9D1802E74574E8A8B2A9DE4247BC03C","AT","PR","4119806","E9D1802E74574E8A8B2A9DE4247BC03C","PR4119806E9D1802E74574E8A8B2A9DE4247BC03C"
"1696","PR-4119806-3FC6CCFAEAB344B9AE360C8221C9B523","AT","PR","4119806","3FC6CCFAEAB344B9AE360C8221C9B523","PR41198063FC6CCFAEAB344B9AE360C8221C9B523"
"1697","PR-4119806-6C7D39D8513248C0BA3BB27D9CE84249","AT","PR","4119806","6C7D39D8513248C0BA3BB27D9CE84249","PR41198066C7D39D8513248C0BA3BB27D9CE84249"
"1698","PR-4119806-2B9ED80AD95941608816A7709B7B1D71","AT","PR","4119806","2B9ED80AD95941608816A7709B7B1D71","PR41198062B9ED80AD95941608816A7709B7B1D71"
"1699","PR-4119806-8526EB6058CC4ED382FDDDE0C4908A3D","AT","PR","4119806","8526EB6058CC4ED382FDDDE0C4908A3D","PR41198068526EB6058CC4ED382FDDDE0C4908A3D"
"1700","PR-4119806-C9D021B1D09649E5B1AFC2E609D509BB","AT","PR","4119806","C9D021B1D09649E5B1AFC2E609D509BB","PR4119806C9D021B1D09649E5B1AFC2E609D509BB"
"1701","PR-4119806-467BAE0DE7FF4ED583624AAE9E6A183E","AT","PR","4119806","467BAE0DE7FF4ED583624AAE9E6A183E","PR4119806467BAE0DE7FF4ED583624AAE9E6A183E"
"1702","PR-4119806-5B60139E934446C0BC0EC82B4AB1445F","AT","PR","4119806","5B60139E934446C0BC0EC82B4AB1445F","PR41198065B60139E934446C0BC0EC82B4AB1445F"
"1703","PR-4119806-B8656E848A3E4BCCA3C93A5AEB8D4D42","AT","PR","4119806","B8656E848A3E4BCCA3C93A5AEB8D4D42","PR4119806B8656E848A3E4BCCA3C93A5AEB8D4D42"
"1704","PR-4119806-E6AC342FFCE34638826D9833E7C2881B","AT","PR","4119806","E6AC342FFCE34638826D9833E7C2881B","PR4119806E6AC342FFCE34638826D9833E7C2881B"
"1705","PR-4119806-83C4DFD8680E45888DAFB1ED56885B04","AT","PR","4119806","83C4DFD8680E45888DAFB1ED56885B04","PR411980683C4DFD8680E45888DAFB1ED56885B04"
"1706","PR-4119806-0D5C4E62B97A40EDB6C85274EE35F4F3","AT","PR","4119806","0D5C4E62B97A40EDB6C85274EE35F4F3","PR41198060D5C4E62B97A40EDB6C85274EE35F4F3"
"1707","PR-4119806-F19F2EAA946842A0BF6E4FA3689CEFDA","AT","PR","4119806","F19F2EAA946842A0BF6E4FA3689CEFDA","PR4119806F19F2EAA946842A0BF6E4FA3689CEFDA"
"1708","PR-4119806-6A5D24FC91264AAA8A1E417DD4D3449F","AT","PR","4119806","6A5D24FC91264AAA8A1E417DD4D3449F","PR41198066A5D24FC91264AAA8A1E417DD4D3449F"
"1709","PR-4119806-DE5C5D121B044DB8BDB6DF03B3876118","AT","PR","4119806","DE5C5D121B044DB8BDB6DF03B3876118","PR4119806DE5C5D121B044DB8BDB6DF03B3876118"
"1710","PR-4119806-6AE48C5A7F0A4D7E8B5DBECD1330C348","AT","PR","4119806","6AE48C5A7F0A4D7E8B5DBECD1330C348","PR41198066AE48C5A7F0A4D7E8B5DBECD1330C348"
"1711","PR-4119806-D59640A6BFD8446AB2E30B9C5DA587FA","AT","PR","4119806","D59640A6BFD8446AB2E30B9C5DA587FA","PR4119806D59640A6BFD8446AB2E30B9C5DA587FA"
"1712","PR-4119806-EFB1FF0618F34335BBE2AF09C5D53F76","AT","PR","4119806","EFB1FF0618F34335BBE2AF09C5D53F76","PR4119806EFB1FF0618F34335BBE2AF09C5D53F76"
"1713","PR-4119806-A8C383DE965F4AB6AA47779AEAEDE7F9","AT","PR","4119806","A8C383DE965F4AB6AA47779AEAEDE7F9","PR4119806A8C383DE965F4AB6AA47779AEAEDE7F9"
"1714","PR-4119806-E7998A7522544599B33351BCDE5CFAF3","AT","PR","4119806","E7998A7522544599B33351BCDE5CFAF3","PR4119806E7998A7522544599B33351BCDE5CFAF3"
"1715","PR-4119806-C8CDFD0B4BA6411E9338903729F4D68A","AT","PR","4119806","C8CDFD0B4BA6411E9338903729F4D68A","PR4119806C8CDFD0B4BA6411E9338903729F4D68A"
"1716","PR-4119806-3FDA6A19133643518513C01C3DBF6676","AT","PR","4119806","3FDA6A19133643518513C01C3DBF6676","PR41198063FDA6A19133643518513C01C3DBF6676"
"1717","PR-4119806-62C5DE4C5776435993D38231A8D13EB5","AT","PR","4119806","62C5DE4C5776435993D38231A8D13EB5","PR411980662C5DE4C5776435993D38231A8D13EB5"
"1718","PR-4119806-C26F42B98AE5492B81AD5B4C3179A1FB","AT","PR","4119806","C26F42B98AE5492B81AD5B4C3179A1FB","PR4119806C26F42B98AE5492B81AD5B4C3179A1FB"
"1719","PR-4119806-45590BB9D5E24B76AAB8CE1D81BB5168","AT","PR","4119806","45590BB9D5E24B76AAB8CE1D81BB5168","PR411980645590BB9D5E24B76AAB8CE1D81BB5168"
"1720","PR-4119806-D57FD28CB63B4F2088AE8AFA63A7D069","AT","PR","4119806","D57FD28CB63B4F2088AE8AFA63A7D069","PR4119806D57FD28CB63B4F2088AE8AFA63A7D069"
"1721","PR-4119806-8F6F7B931F4043B2AEB7F6803150A01D","AT","PR","4119806","8F6F7B931F4043B2AEB7F6803150A01D","PR41198068F6F7B931F4043B2AEB7F6803150A01D"
"1722","PR-4119806-22094889E5424133881660DD0E1F5EC0","AT","PR","4119806","22094889E5424133881660DD0E1F5EC0","PR411980622094889E5424133881660DD0E1F5EC0"
"1723","PR-4119806-9C6090E0983E438D833B5F2F7CAC7A45","AT","PR","4119806","9C6090E0983E438D833B5F2F7CAC7A45","PR41198069C6090E0983E438D833B5F2F7CAC7A45"
"1724","PR-4119806-9B6630332B544A7EA1B0DE01C1E3EDD2","AT","PR","4119806","9B6630332B544A7EA1B0DE01C1E3EDD2","PR41198069B6630332B544A7EA1B0DE01C1E3EDD2"
"1725","PR-4119806-53A2F3FAD84A43068BBDEAA6A2A5A082","AT","PR","4119806","53A2F3FAD84A43068BBDEAA6A2A5A082","PR411980653A2F3FAD84A43068BBDEAA6A2A5A082"
"1726","PR-4119806-D29FA4E185354BE6B19DB78C81621F83","AT","PR","4119806","D29FA4E185354BE6B19DB78C81621F83","PR4119806D29FA4E185354BE6B19DB78C81621F83"
"1727","PR-4119806-B6E9B286BE114CB88DDA2BF5D2C52B23","AT","PR","4119806","B6E9B286BE114CB88DDA2BF5D2C52B23","PR4119806B6E9B286BE114CB88DDA2BF5D2C52B23"
"1728","PR-4119806-23917A48C7AA4A11BDF86E52973BEA74","AT","PR","4119806","23917A48C7AA4A11BDF86E52973BEA74","PR411980623917A48C7AA4A11BDF86E52973BEA74"
"1729","PR-4119806-D90C599707DF49429A0079E2A9A892EE","AT","PR","4119806","D90C599707DF49429A0079E2A9A892EE","PR4119806D90C599707DF49429A0079E2A9A892EE"
"1730","PR-4119806-AC69E665932B4356AB5BBCEACE4AAA6E","AT","PR","4119806","AC69E665932B4356AB5BBCEACE4AAA6E","PR4119806AC69E665932B4356AB5BBCEACE4AAA6E"
"1731","PR-4119806-A2A2F0143003413589642C5DFA0092E9","CA","PR","4119806","A2A2F0143003413589642C5DFA0092E9","PR4119806A2A2F0143003413589642C5DFA0092E9"
"1732","PR-4119806-C3AC371BB6AC4EBBBCBCF13983915B5B","AT","PR","4119806","C3AC371BB6AC4EBBBCBCF13983915B5B","PR4119806C3AC371BB6AC4EBBBCBCF13983915B5B"
"1733","PR-4119806-BBD08A68390A41979C3A8040E201694B","AT","PR","4119806","BBD08A68390A41979C3A8040E201694B","PR4119806BBD08A68390A41979C3A8040E201694B"
"1734","PR-4119806-234CB908AEDA4D65B3539ECDF5ACB5F8","AT","PR","4119806","234CB908AEDA4D65B3539ECDF5ACB5F8","PR4119806234CB908AEDA4D65B3539ECDF5ACB5F8"
"1735","PR-4119806-2EC0011E5D3B488CA0F1A863E26A1A18","AT","PR","4119806","2EC0011E5D3B488CA0F1A863E26A1A18","PR41198062EC0011E5D3B488CA0F1A863E26A1A18"
"1736","PR-4119806-120CB6CB47AA4030BD8B39844A6D7FC8","AT","PR","4119806","120CB6CB47AA4030BD8B39844A6D7FC8","PR4119806120CB6CB47AA4030BD8B39844A6D7FC8"
"1737","PR-4119806-BC9E66892E2C49559221D40BD025B714","AT","PR","4119806","BC9E66892E2C49559221D40BD025B714","PR4119806BC9E66892E2C49559221D40BD025B714"
"1738","PR-4119806-667E54685B6D4191B825AE00BAE03C18","AT","PR","4119806","667E54685B6D4191B825AE00BAE03C18","PR4119806667E54685B6D4191B825AE00BAE03C18"
"1739","PR-4119806-0D4182595D624252895DF8FAFE0C7074","AT","PR","4119806","0D4182595D624252895DF8FAFE0C7074","PR41198060D4182595D624252895DF8FAFE0C7074"
"1740","PR-4119806-20E48F01E2054600A93FCF422E4F3546","AT","PR","4119806","20E48F01E2054600A93FCF422E4F3546","PR411980620E48F01E2054600A93FCF422E4F3546"
"1741","PR-4119806-9B840C5C05AE40229F7279D0F3379590","AT","PR","4119806","9B840C5C05AE40229F7279D0F3379590","PR41198069B840C5C05AE40229F7279D0F3379590"
"1742","PR-4119806-85C7D990CEE64C78BC41CB6BEBC3705D","AT","PR","4119806","85C7D990CEE64C78BC41CB6BEBC3705D","PR411980685C7D990CEE64C78BC41CB6BEBC3705D"
"1743","PR-4119806-BD849B64AD8B464896B1723966D8DD6C","AT","PR","4119806","BD849B64AD8B464896B1723966D8DD6C","PR4119806BD849B64AD8B464896B1723966D8DD6C"
"1744","PR-4119806-EE244399006D40CAADB4A0263CF9A0FC","AT","PR","4119806","EE244399006D40CAADB4A0263CF9A0FC","PR4119806EE244399006D40CAADB4A0263CF9A0FC"
"1745","PR-4119806-5C3199BC6C5D45ED800BA8F825384DC2","AT","PR","4119806","5C3199BC6C5D45ED800BA8F825384DC2","PR41198065C3199BC6C5D45ED800BA8F825384DC2"
"1746","PR-4119806-53D2E96126A249A1BE79BE08856C6B44","AT","PR","4119806","53D2E96126A249A1BE79BE08856C6B44","PR411980653D2E96126A249A1BE79BE08856C6B44"
"1747","PR-4119806-67832C8E489E480BA33A5FF78ED4DB8B","AT","PR","4119806","67832C8E489E480BA33A5FF78ED4DB8B","PR411980667832C8E489E480BA33A5FF78ED4DB8B"
"1748","PR-4119806-D409B844AB4A43CA94058EC43ACF9B47","AT","PR","4119806","D409B844AB4A43CA94058EC43ACF9B47","PR4119806D409B844AB4A43CA94058EC43ACF9B47"
"1749","PR-4119806-A773D54EDC14484C89D890B0D0B13C1F","AT","PR","4119806","A773D54EDC14484C89D890B0D0B13C1F","PR4119806A773D54EDC14484C89D890B0D0B13C1F"
"1750","PR-4119806-4BF01303BD304C6B8FC4E69A6A632CC7","AT","PR","4119806","4BF01303BD304C6B8FC4E69A6A632CC7","PR41198064BF01303BD304C6B8FC4E69A6A632CC7"
"1751","PR-4119806-6E0B42F188954CEA94E8094AF00D96F2","AT","PR","4119806","6E0B42F188954CEA94E8094AF00D96F2","PR41198066E0B42F188954CEA94E8094AF00D96F2"
"1752","PR-4119806-569C2C94E1994A4F8F0AA7F9512FBA64","AT","PR","4119806","569C2C94E1994A4F8F0AA7F9512FBA64","PR4119806569C2C94E1994A4F8F0AA7F9512FBA64"
"1753","PR-4119806-0ADB5E57085C451695E0946697D2D4ED","AT","PR","4119806","0ADB5E57085C451695E0946697D2D4ED","PR41198060ADB5E57085C451695E0946697D2D4ED"
"1754","PR-4119806-66FEB726F4E64DF29FB51B89E2F78109","AT","PR","4119806","66FEB726F4E64DF29FB51B89E2F78109","PR411980666FEB726F4E64DF29FB51B89E2F78109"
"1755","PR-4119806-6FE97A58F9D54898A69382C20E4A471C","AT","PR","4119806","6FE97A58F9D54898A69382C20E4A471C","PR41198066FE97A58F9D54898A69382C20E4A471C"
"1756","PR-4119806-1610C1D055DA41DA92D30C63D35DE827","AT","PR","4119806","1610C1D055DA41DA92D30C63D35DE827","PR41198061610C1D055DA41DA92D30C63D35DE827"
"1757","PR-4119806-BD8445953FFC4DFDB34F78B6A6917BD7","AT","PR","4119806","BD8445953FFC4DFDB34F78B6A6917BD7","PR4119806BD8445953FFC4DFDB34F78B6A6917BD7"
"1758","PR-4119806-99184BC477514DDC8026EBB84A4F5BEB","AT","PR","4119806","99184BC477514DDC8026EBB84A4F5BEB","PR411980699184BC477514DDC8026EBB84A4F5BEB"
"1759","PR-4119806-03D35FE9975642AFBDE0A318031723F0","AT","PR","4119806","03D35FE9975642AFBDE0A318031723F0","PR411980603D35FE9975642AFBDE0A318031723F0"
"1760","PR-4119806-7520B97E619D4AD9BAAC06D5E8BA2A8D","AT","PR","4119806","7520B97E619D4AD9BAAC06D5E8BA2A8D","PR41198067520B97E619D4AD9BAAC06D5E8BA2A8D"
"1761","PR-4119806-DBBA1D63ABC143AB81291F278F3839B9","AT","PR","4119806","DBBA1D63ABC143AB81291F278F3839B9","PR4119806DBBA1D63ABC143AB81291F278F3839B9"
"1762","PR-4119806-9F90EFC93120471CA612F9D69A00269B","AT","PR","4119806","9F90EFC93120471CA612F9D69A00269B","PR41198069F90EFC93120471CA612F9D69A00269B"
"1763","PR-4119806-25E242E60314475EA7262336B4C46D3F","AT","PR","4119806","25E242E60314475EA7262336B4C46D3F","PR411980625E242E60314475EA7262336B4C46D3F"
"1764","PR-4119806-C5EEE098889C475ABB01656BFFB24125","AT","PR","4119806","C5EEE098889C475ABB01656BFFB24125","PR4119806C5EEE098889C475ABB01656BFFB24125"
"1765","PR-4119806-4DD4811E09C443219E2771A9E0014BE6","AT","PR","4119806","4DD4811E09C443219E2771A9E0014BE6","PR41198064DD4811E09C443219E2771A9E0014BE6"
"1766","PR-4119806-9DAB55A5BA7C4C349AD4EA8B9CE01653","AT","PR","4119806","9DAB55A5BA7C4C349AD4EA8B9CE01653","PR41198069DAB55A5BA7C4C349AD4EA8B9CE01653"
"1767","PR-4119806-30D54C22A2054B1AA52B565DDD282220","AT","PR","4119806","30D54C22A2054B1AA52B565DDD282220","PR411980630D54C22A2054B1AA52B565DDD282220"
"1768","PR-4119806-1B01F9CBFDED415FA0C413D9FADFB0E0","AT","PR","4119806","1B01F9CBFDED415FA0C413D9FADFB0E0","PR41198061B01F9CBFDED415FA0C413D9FADFB0E0"
"1769","PR-4119806-AE0242E89A8D413BAA5C2D9CB5E7D1B1","AT","PR","4119806","AE0242E89A8D413BAA5C2D9CB5E7D1B1","PR4119806AE0242E89A8D413BAA5C2D9CB5E7D1B1"
"1770","PR-4119806-5ABEE6FDB1C44A3AB7F96F900CE8AB7C","AT","PR","4119806","5ABEE6FDB1C44A3AB7F96F900CE8AB7C","PR41198065ABEE6FDB1C44A3AB7F96F900CE8AB7C"
"1771","PR-4119806-804D98B03C3C4C64A7CB3B950B530636","AT","PR","4119806","804D98B03C3C4C64A7CB3B950B530636","PR4119806804D98B03C3C4C64A7CB3B950B530636"
"1772","PR-4119806-ED5E6706155B448B825232B133F4B2D4","AT","PR","4119806","ED5E6706155B448B825232B133F4B2D4","PR4119806ED5E6706155B448B825232B133F4B2D4"
"1773","PR-4119806-42E8514A262940D487E4018D1BF44DA9","AT","PR","4119806","42E8514A262940D487E4018D1BF44DA9","PR411980642E8514A262940D487E4018D1BF44DA9"
"1774","PR-4119806-6CE131E856F743EDA8E9780042A8FA75","AT","PR","4119806","6CE131E856F743EDA8E9780042A8FA75","PR41198066CE131E856F743EDA8E9780042A8FA75"
"1775","PR-4119806-FC050DAF11DD4C5B8D5E9281A3EB04C0","AT","PR","4119806","FC050DAF11DD4C5B8D5E9281A3EB04C0","PR4119806FC050DAF11DD4C5B8D5E9281A3EB04C0"
"1776","PR-4119806-0C507722924F4C9FB067AF3C5A3CDE3D","AT","PR","4119806","0C507722924F4C9FB067AF3C5A3CDE3D","PR41198060C507722924F4C9FB067AF3C5A3CDE3D"
"1777","PR-4119806-D46280114F6848A88B4DCECC066C1DB4","AT","PR","4119806","D46280114F6848A88B4DCECC066C1DB4","PR4119806D46280114F6848A88B4DCECC066C1DB4"
"1778","PR-4119806-5D6962F2219D47B1BFF40247D49127C1","AT","PR","4119806","5D6962F2219D47B1BFF40247D49127C1","PR41198065D6962F2219D47B1BFF40247D49127C1"
"1779","PR-4119806-0F1B9D05D443410FBAC68E04DB26B023","AT","PR","4119806","0F1B9D05D443410FBAC68E04DB26B023","PR41198060F1B9D05D443410FBAC68E04DB26B023"
"1780","PR-4119806-B46AFD178606431F8260D20A5D192048","AT","PR","4119806","B46AFD178606431F8260D20A5D192048","PR4119806B46AFD178606431F8260D20A5D192048"
"1781","PR-4119806-299630E203634AAAADAED353DB07BF6A","AT","PR","4119806","299630E203634AAAADAED353DB07BF6A","PR4119806299630E203634AAAADAED353DB07BF6A"
"1782","PR-4119806-32F6C58084AF4B9D870EF1ABCBB02177","AT","PR","4119806","32F6C58084AF4B9D870EF1ABCBB02177","PR411980632F6C58084AF4B9D870EF1ABCBB02177"
"1783","PR-4119806-B7CE431197734BD6A52BF65FFCC86EA7","CA","PR","4119806","B7CE431197734BD6A52BF65FFCC86EA7","PR4119806B7CE431197734BD6A52BF65FFCC86EA7"
"1784","PR-4119806-2704FD9E92244046ABA64B84C67889F7","AT","PR","4119806","2704FD9E92244046ABA64B84C67889F7","PR41198062704FD9E92244046ABA64B84C67889F7"
"1785","PR-4119806-4EAEDE9617204D5EA800906D95CD0F27","AT","PR","4119806","4EAEDE9617204D5EA800906D95CD0F27","PR41198064EAEDE9617204D5EA800906D95CD0F27"
"1786","PR-4119806-9252CABC0518429387DF99B83DC98C48","AT","PR","4119806","9252CABC0518429387DF99B83DC98C48","PR41198069252CABC0518429387DF99B83DC98C48"
"1787","PR-4119806-9DAEE3867C1A4458AAB5FD214AAF7418","AT","PR","4119806","9DAEE3867C1A4458AAB5FD214AAF7418","PR41198069DAEE3867C1A4458AAB5FD214AAF7418"
"1788","PR-4119806-70C95BAA498E4A7AA876BF88B76C05ED","AT","PR","4119806","70C95BAA498E4A7AA876BF88B76C05ED","PR411980670C95BAA498E4A7AA876BF88B76C05ED"
"1789","PR-4119806-391F4103A5624EC9A40258A7C8CD8ECE","AT","PR","4119806","391F4103A5624EC9A40258A7C8CD8ECE","PR4119806391F4103A5624EC9A40258A7C8CD8ECE"
"1790","PR-4119806-5488D10F217D49EE9101E34B1D93D8E7","AT","PR","4119806","5488D10F217D49EE9101E34B1D93D8E7","PR41198065488D10F217D49EE9101E34B1D93D8E7"
"1791","PR-4119806-3ADFDD04A3574324AC61F763CB19DF4A","AT","PR","4119806","3ADFDD04A3574324AC61F763CB19DF4A","PR41198063ADFDD04A3574324AC61F763CB19DF4A"
"1792","PR-4119806-3AAA23B9923F4589A47139B07256951C","AT","PR","4119806","3AAA23B9923F4589A47139B07256951C","PR41198063AAA23B9923F4589A47139B07256951C"
"1793","PR-4119806-E4129E5FFF77433DB0D5661FCA1EB098","AT","PR","4119806","E4129E5FFF77433DB0D5661FCA1EB098","PR4119806E4129E5FFF77433DB0D5661FCA1EB098"
"1794","PR-4119806-F02AB0E08BE9473E9DF514F13D55D5DA","AT","PR","4119806","F02AB0E08BE9473E9DF514F13D55D5DA","PR4119806F02AB0E08BE9473E9DF514F13D55D5DA"
"1795","PR-4119806-E0D4E371242E44D09EB19EB513E028E9","AT","PR","4119806","E0D4E371242E44D09EB19EB513E028E9","PR4119806E0D4E371242E44D09EB19EB513E028E9"
"1796","PR-4119806-EE0686D1BAB0404E8DA14C4206D1EE02","AT","PR","4119806","EE0686D1BAB0404E8DA14C4206D1EE02","PR4119806EE0686D1BAB0404E8DA14C4206D1EE02"
"1797","PR-4119806-C2A895C521D447F7B70FE39B10962024","AT","PR","4119806","C2A895C521D447F7B70FE39B10962024","PR4119806C2A895C521D447F7B70FE39B10962024"
"1798","PR-4119806-CEDBC1679D934D16B922B00B84092C0A","AT","PR","4119806","CEDBC1679D934D16B922B00B84092C0A","PR4119806CEDBC1679D934D16B922B00B84092C0A"
"1799","PR-4119806-401612A18F8A4BEA8B52E686F19DED65","AT","PR","4119806","401612A18F8A4BEA8B52E686F19DED65","PR4119806401612A18F8A4BEA8B52E686F19DED65"
"1800","PR-4119806-7226346DD8FC44B3BD7441C3B8054304","AT","PR","4119806","7226346DD8FC44B3BD7441C3B8054304","PR41198067226346DD8FC44B3BD7441C3B8054304"
"1801","PR-4119806-4A148C0B3CA245EBA6909485F5DE0E3D","AT","PR","4119806","4A148C0B3CA245EBA6909485F5DE0E3D","PR41198064A148C0B3CA245EBA6909485F5DE0E3D"
"1802","PR-4119806-FACBA9DF2AEC4ED1A9CF1CFFB649B893","AT","PR","4119806","FACBA9DF2AEC4ED1A9CF1CFFB649B893","PR4119806FACBA9DF2AEC4ED1A9CF1CFFB649B893"
"1803","PR-4119806-1CA5D8921A9E4AE09B6C8E68795FE69B","AT","PR","4119806","1CA5D8921A9E4AE09B6C8E68795FE69B","PR41198061CA5D8921A9E4AE09B6C8E68795FE69B"
"1804","PR-4119806-62371134019F4D8E9440BAA676B04A25","AT","PR","4119806","62371134019F4D8E9440BAA676B04A25","PR411980662371134019F4D8E9440BAA676B04A25"
"1805","PR-4119806-27C7C73B0DE94551A0D9CA2EB1DB1161","AT","PR","4119806","27C7C73B0DE94551A0D9CA2EB1DB1161","PR411980627C7C73B0DE94551A0D9CA2EB1DB1161"
"1806","PR-4119806-78F6BB81065D45218029674AF343AFCB","AT","PR","4119806","78F6BB81065D45218029674AF343AFCB","PR411980678F6BB81065D45218029674AF343AFCB"
"1807","PR-4119806-E4B85F0F0D8F4D7292740C2134FE2530","AT","PR","4119806","E4B85F0F0D8F4D7292740C2134FE2530","PR4119806E4B85F0F0D8F4D7292740C2134FE2530"
"1808","PR-4119806-B1958100DBB747729FA1466CA23B434D","AT","PR","4119806","B1958100DBB747729FA1466CA23B434D","PR4119806B1958100DBB747729FA1466CA23B434D"
"1809","PR-4119806-96076D831EED4740904AC0D666FF5C01","AT","PR","4119806","96076D831EED4740904AC0D666FF5C01","PR411980696076D831EED4740904AC0D666FF5C01"
"1810","PR-4119806-943A4FB9C21D4912AF5297EAC1F75C4E","AT","PR","4119806","943A4FB9C21D4912AF5297EAC1F75C4E","PR4119806943A4FB9C21D4912AF5297EAC1F75C4E"
"1811","PR-4119806-D4C3219B130345C0B598E2603F2FC0DB","AT","PR","4119806","D4C3219B130345C0B598E2603F2FC0DB","PR4119806D4C3219B130345C0B598E2603F2FC0DB"
"1812","PR-4119806-C3882CF63BB442D38F93373C83BD73BB","AT","PR","4119806","C3882CF63BB442D38F93373C83BD73BB","PR4119806C3882CF63BB442D38F93373C83BD73BB"
"1813","PR-4119806-8B277A28C0FC4723946031656BA0E747","AT","PR","4119806","8B277A28C0FC4723946031656BA0E747","PR41198068B277A28C0FC4723946031656BA0E747"
"1814","PR-4119806-9C4E3197FAAB4AF0B690A88FFB6DB51D","AT","PR","4119806","9C4E3197FAAB4AF0B690A88FFB6DB51D","PR41198069C4E3197FAAB4AF0B690A88FFB6DB51D"
"1815","PR-4119806-1FE2B21CDFA54BA7889241F7EB2D5DDD","AT","PR","4119806","1FE2B21CDFA54BA7889241F7EB2D5DDD","PR41198061FE2B21CDFA54BA7889241F7EB2D5DDD"
"1816","PR-4119806-9037025E74934C929B3325329276EEAC","AT","PR","4119806","9037025E74934C929B3325329276EEAC","PR41198069037025E74934C929B3325329276EEAC"
"1817","PR-4119806-DFAD309187184225B8882C38A8E4BA30","AT","PR","4119806","DFAD309187184225B8882C38A8E4BA30","PR4119806DFAD309187184225B8882C38A8E4BA30"
"1818","PR-4119806-CC60FC72D0A84A02B04B4F984009F4B6","AT","PR","4119806","CC60FC72D0A84A02B04B4F984009F4B6","PR4119806CC60FC72D0A84A02B04B4F984009F4B6"
"1819","PR-4119806-E24681A5CDC741D3A9F31ACC24621B65","AT","PR","4119806","E24681A5CDC741D3A9F31ACC24621B65","PR4119806E24681A5CDC741D3A9F31ACC24621B65"
"1820","PR-4119806-52C72506D7344414BF513FB677D02C80","AT","PR","4119806","52C72506D7344414BF513FB677D02C80","PR411980652C72506D7344414BF513FB677D02C80"
"1821","PR-4119806-00D93CFFAFE84C1E92F442FC2C113CC3","AT","PR","4119806","00D93CFFAFE84C1E92F442FC2C113CC3","PR411980600D93CFFAFE84C1E92F442FC2C113CC3"
"1822","PR-4119806-7268BD19B57B43A7937F1E844A640C5A","AT","PR","4119806","7268BD19B57B43A7937F1E844A640C5A","PR41198067268BD19B57B43A7937F1E844A640C5A"
"1823","PR-4119806-17169BC0EC8B441A8319E05AC68267B1","AT","PR","4119806","17169BC0EC8B441A8319E05AC68267B1","PR411980617169BC0EC8B441A8319E05AC68267B1"
"1824","PR-4119806-9D9CDB659B7C42A1A6E6023709EF1BE2","AT","PR","4119806","9D9CDB659B7C42A1A6E6023709EF1BE2","PR41198069D9CDB659B7C42A1A6E6023709EF1BE2"
"1825","PR-4119806-E2311B51E0AF4035BDB4F4BC5BBD0F43","AT","PR","4119806","E2311B51E0AF4035BDB4F4BC5BBD0F43","PR4119806E2311B51E0AF4035BDB4F4BC5BBD0F43"
"1826","PR-4119806-950566840B1F47379433249D9E434CE9","AT","PR","4119806","950566840B1F47379433249D9E434CE9","PR4119806950566840B1F47379433249D9E434CE9"
"1827","PR-4119806-836853FB27F44003952FC67EE02E8DD4","AT","PR","4119806","836853FB27F44003952FC67EE02E8DD4","PR4119806836853FB27F44003952FC67EE02E8DD4"
"1828","PR-4119806-F286152A79BC436385D80A48C26C16DB","AT","PR","4119806","F286152A79BC436385D80A48C26C16DB","PR4119806F286152A79BC436385D80A48C26C16DB"
"1829","PR-4119806-C6FE4D4361054D97895E5D27670761E4","AT","PR","4119806","C6FE4D4361054D97895E5D27670761E4","PR4119806C6FE4D4361054D97895E5D27670761E4"
"1830","PR-4119806-85E45922C42747A9B4580D73E7567B93","AT","PR","4119806","85E45922C42747A9B4580D73E7567B93","PR411980685E45922C42747A9B4580D73E7567B93"
"1831","PR-4119806-4ADE71E836104C4F90E2B8952338A40B","AT","PR","4119806","4ADE71E836104C4F90E2B8952338A40B","PR41198064ADE71E836104C4F90E2B8952338A40B"
"1832","PR-4119806-5C2B649CD7864EBB942A2E81079ADE1B","AT","PR","4119806","5C2B649CD7864EBB942A2E81079ADE1B","PR41198065C2B649CD7864EBB942A2E81079ADE1B"
"1833","PR-4119806-33FA723933124B17995B446A8D783244","AT","PR","4119806","33FA723933124B17995B446A8D783244","PR411980633FA723933124B17995B446A8D783244"
"1834","PR-4119806-B7AB10785D304CAE9D5D56B21355ECF8","AT","PR","4119806","B7AB10785D304CAE9D5D56B21355ECF8","PR4119806B7AB10785D304CAE9D5D56B21355ECF8"
"1835","PR-4119806-9742230A551348369010CD5E4D52684C","AT","PR","4119806","9742230A551348369010CD5E4D52684C","PR41198069742230A551348369010CD5E4D52684C"
"1836","PR-4119806-1B197745A55B4937B57428DA56FC09B7","AT","PR","4119806","1B197745A55B4937B57428DA56FC09B7","PR41198061B197745A55B4937B57428DA56FC09B7"
"1837","PR-4119806-2BAA0B3AF11D4C7DB48A17910929B0FF","AT","PR","4119806","2BAA0B3AF11D4C7DB48A17910929B0FF","PR41198062BAA0B3AF11D4C7DB48A17910929B0FF"
"1838","PR-4119806-351E7046E67641F594A1D6A449CEC3C9","AT","PR","4119806","351E7046E67641F594A1D6A449CEC3C9","PR4119806351E7046E67641F594A1D6A449CEC3C9"
"1839","PR-4119806-7486EB075E91479486DFB99CF2213117","AT","PR","4119806","7486EB075E91479486DFB99CF2213117","PR41198067486EB075E91479486DFB99CF2213117"
"1840","PR-4119806-91EBAE8FABFD42B1B278E6C01DF77B08","AT","PR","4119806","91EBAE8FABFD42B1B278E6C01DF77B08","PR411980691EBAE8FABFD42B1B278E6C01DF77B08"
"1841","PR-4119806-77445415A52847C88555C3CE18241604","AT","PR","4119806","77445415A52847C88555C3CE18241604","PR411980677445415A52847C88555C3CE18241604"
"1842","PR-4119806-3DEEEE738F6B4F68B8A1ECDE6E942D1E","AT","PR","4119806","3DEEEE738F6B4F68B8A1ECDE6E942D1E","PR41198063DEEEE738F6B4F68B8A1ECDE6E942D1E"
"1843","PR-4119806-55E6FCEB10EE474BAC00F67C6F134034","AT","PR","4119806","55E6FCEB10EE474BAC00F67C6F134034","PR411980655E6FCEB10EE474BAC00F67C6F134034"
"1844","PR-4119806-C740485FC6334CDE9008C4800CE79005","AT","PR","4119806","C740485FC6334CDE9008C4800CE79005","PR4119806C740485FC6334CDE9008C4800CE79005"
"1845","PR-4119806-6BEBD3E77FE9479CA6E643FA7D623FAA","AT","PR","4119806","6BEBD3E77FE9479CA6E643FA7D623FAA","PR41198066BEBD3E77FE9479CA6E643FA7D623FAA"
"1846","PR-4119806-EDAD555CA6BC45AE91D52E20462CFA0F","AT","PR","4119806","EDAD555CA6BC45AE91D52E20462CFA0F","PR4119806EDAD555CA6BC45AE91D52E20462CFA0F"
"1847","PR-4119806-3E3DD0DFFA1B4E5A8F64E10EA593A5EB","AT","PR","4119806","3E3DD0DFFA1B4E5A8F64E10EA593A5EB","PR41198063E3DD0DFFA1B4E5A8F64E10EA593A5EB"
"1848","PR-4119806-8BAFA38053F944B7A51F412D19389551","AT","PR","4119806","8BAFA38053F944B7A51F412D19389551","PR41198068BAFA38053F944B7A51F412D19389551"
"1849","PR-4119806-0C6FEC464DE645C99222F1F95E7FEC51","AT","PR","4119806","0C6FEC464DE645C99222F1F95E7FEC51","PR41198060C6FEC464DE645C99222F1F95E7FEC51"
"1850","PR-4119806-40132C798A254E179F4F1ABE35023ACC","AT","PR","4119806","40132C798A254E179F4F1ABE35023ACC","PR411980640132C798A254E179F4F1ABE35023ACC"
"1851","PR-4119806-2C97021F6E4048A99BC3EF27BBA7CD0F","AT","PR","4119806","2C97021F6E4048A99BC3EF27BBA7CD0F","PR41198062C97021F6E4048A99BC3EF27BBA7CD0F"
"1852","PR-4119806-BF956DDF469C4F7F912EBB830C71D5A5","AT","PR","4119806","BF956DDF469C4F7F912EBB830C71D5A5","PR4119806BF956DDF469C4F7F912EBB830C71D5A5"
"1853","PR-4119806-1AC4B739DA284B92A507414F1B1F6EC6","AT","PR","4119806","1AC4B739DA284B92A507414F1B1F6EC6","PR41198061AC4B739DA284B92A507414F1B1F6EC6"
"1854","PR-4119806-09EA92D31FAB42D1AA7C5726E0AFCEAD","AT","PR","4119806","09EA92D31FAB42D1AA7C5726E0AFCEAD","PR411980609EA92D31FAB42D1AA7C5726E0AFCEAD"
"1855","PR-4119806-8CF4DAAF0A0043DBBD467C68FAE1FC49","AT","PR","4119806","8CF4DAAF0A0043DBBD467C68FAE1FC49","PR41198068CF4DAAF0A0043DBBD467C68FAE1FC49"
"1856","PR-4119806-7A1DF9FF9B344384BB88F649768D8557","AT","PR","4119806","7A1DF9FF9B344384BB88F649768D8557","PR41198067A1DF9FF9B344384BB88F649768D8557"
"1857","PR-4119806-4A326AB3E48B41A2B35C1D66BC143AD9","AT","PR","4119806","4A326AB3E48B41A2B35C1D66BC143AD9","PR41198064A326AB3E48B41A2B35C1D66BC143AD9"
"1858","PR-4119806-C2B9D652FD504A6298A5F9253B21D12D","AT","PR","4119806","C2B9D652FD504A6298A5F9253B21D12D","PR4119806C2B9D652FD504A6298A5F9253B21D12D"
"1859","PR-4119806-CD8066457CA24B65964969BC52060A4E","AT","PR","4119806","CD8066457CA24B65964969BC52060A4E","PR4119806CD8066457CA24B65964969BC52060A4E"
"1860","PR-4119806-F54F046CF6D8469198B1CEC83D710F2B","AT","PR","4119806","F54F046CF6D8469198B1CEC83D710F2B","PR4119806F54F046CF6D8469198B1CEC83D710F2B"
"1861","PR-4119806-1281BB7218B84364A8FFDD2136F9CE6F","AT","PR","4119806","1281BB7218B84364A8FFDD2136F9CE6F","PR41198061281BB7218B84364A8FFDD2136F9CE6F"
"1862","PR-4119806-9452E3BA4A1E4433A1BC48DDD6632276","AT","PR","4119806","9452E3BA4A1E4433A1BC48DDD6632276","PR41198069452E3BA4A1E4433A1BC48DDD6632276"
"1863","PR-4119806-3B1F50C6505D4C168ECC68B1C1193A1B","AT","PR","4119806","3B1F50C6505D4C168ECC68B1C1193A1B","PR41198063B1F50C6505D4C168ECC68B1C1193A1B"
"1864","PR-4119806-9EB236668C2B4899A73CA30730E3AEC5","AT","PR","4119806","9EB236668C2B4899A73CA30730E3AEC5","PR41198069EB236668C2B4899A73CA30730E3AEC5"
"1865","PR-4119806-149FE8206C914199ACD131A6DB036137","AT","PR","4119806","149FE8206C914199ACD131A6DB036137","PR4119806149FE8206C914199ACD131A6DB036137"
"1866","PR-4119806-0B4C971289184DBCB176FEB2FF882ABD","AT","PR","4119806","0B4C971289184DBCB176FEB2FF882ABD","PR41198060B4C971289184DBCB176FEB2FF882ABD"
"1867","PR-4119806-C8BDBE659FDD4C518F780D8FB65C128C","AT","PR","4119806","C8BDBE659FDD4C518F780D8FB65C128C","PR4119806C8BDBE659FDD4C518F780D8FB65C128C"
"1868","PR-4119806-CF7F6C4469244A29BA78248EA8DBB33F","CA","PR","4119806","CF7F6C4469244A29BA78248EA8DBB33F","PR4119806CF7F6C4469244A29BA78248EA8DBB33F"
"1869","PR-4119806-6B0A95D22F934699A30D377B08A6E404","AT","PR","4119806","6B0A95D22F934699A30D377B08A6E404","PR41198066B0A95D22F934699A30D377B08A6E404"
"1870","PR-4119806-30AA24A39C04472F9A77913483EA8387","AT","PR","4119806","30AA24A39C04472F9A77913483EA8387","PR411980630AA24A39C04472F9A77913483EA8387"
"1871","PR-4119806-26E640D0896A4B5BAF437FD7B7C93FAB","AT","PR","4119806","26E640D0896A4B5BAF437FD7B7C93FAB","PR411980626E640D0896A4B5BAF437FD7B7C93FAB"
"1872","PR-4119806-264F2C92CA8A41FA8273E127498E9A85","AT","PR","4119806","264F2C92CA8A41FA8273E127498E9A85","PR4119806264F2C92CA8A41FA8273E127498E9A85"
"1873","PR-4119806-EA8A08DC52F841A8B8897FD9B22E6FE9","AT","PR","4119806","EA8A08DC52F841A8B8897FD9B22E6FE9","PR4119806EA8A08DC52F841A8B8897FD9B22E6FE9"
"1874","PR-4119806-217A8A451B9747DB986E53DE528E4A7E","AT","PR","4119806","217A8A451B9747DB986E53DE528E4A7E","PR4119806217A8A451B9747DB986E53DE528E4A7E"
"1875","PR-4119806-75FDCEF763454452BB3BC584E14AAB9C","AT","PR","4119806","75FDCEF763454452BB3BC584E14AAB9C","PR411980675FDCEF763454452BB3BC584E14AAB9C"
"1876","PR-4119806-551FB5E6C0CA44F8BF9FBA6E21D256EC","AT","PR","4119806","551FB5E6C0CA44F8BF9FBA6E21D256EC","PR4119806551FB5E6C0CA44F8BF9FBA6E21D256EC"
"1877","PR-4119806-39313179BD1F457B9A59695E09042CF8","AT","PR","4119806","39313179BD1F457B9A59695E09042CF8","PR411980639313179BD1F457B9A59695E09042CF8"
"1878","PR-4119806-790A1A9FA2E54939AA956871C67EB1B9","AT","PR","4119806","790A1A9FA2E54939AA956871C67EB1B9","PR4119806790A1A9FA2E54939AA956871C67EB1B9"
"1879","PR-4119806-2884F9E286AB4A829ECF44248D376E25","AT","PR","4119806","2884F9E286AB4A829ECF44248D376E25","PR41198062884F9E286AB4A829ECF44248D376E25"
"1880","PR-4119806-D6F7061B4683410BB2BC302691343D5F","AT","PR","4119806","D6F7061B4683410BB2BC302691343D5F","PR4119806D6F7061B4683410BB2BC302691343D5F"
"1881","PR-4119806-804BE47220AC48898EA11973E102FE04","AT","PR","4119806","804BE47220AC48898EA11973E102FE04","PR4119806804BE47220AC48898EA11973E102FE04"
"1882","PR-4119806-A95EF3349EAC48398CA1D4EE60E80167","AT","PR","4119806","A95EF3349EAC48398CA1D4EE60E80167","PR4119806A95EF3349EAC48398CA1D4EE60E80167"
"1883","PR-4119806-6F083DAA7DBA49168A210259A5177F15","AT","PR","4119806","6F083DAA7DBA49168A210259A5177F15","PR41198066F083DAA7DBA49168A210259A5177F15"
"1884","PR-4119806-8216C22E1D794034AAF1AAD76882A370","AT","PR","4119806","8216C22E1D794034AAF1AAD76882A370","PR41198068216C22E1D794034AAF1AAD76882A370"
"1885","PR-4119806-6AFD304DC6854DE48030CBD5537567E2","AT","PR","4119806","6AFD304DC6854DE48030CBD5537567E2","PR41198066AFD304DC6854DE48030CBD5537567E2"
"1886","PR-4119806-3B24B37D65E14A6BA3617DBCC0A151D1","AT","PR","4119806","3B24B37D65E14A6BA3617DBCC0A151D1","PR41198063B24B37D65E14A6BA3617DBCC0A151D1"
"1887","PR-4119806-D493B137392B418E8D73D9F95D051C6A","AT","PR","4119806","D493B137392B418E8D73D9F95D051C6A","PR4119806D493B137392B418E8D73D9F95D051C6A"
"1888","PR-4119806-3E8C0BB9D6C5482898CE3ECBCAFF8312","AT","PR","4119806","3E8C0BB9D6C5482898CE3ECBCAFF8312","PR41198063E8C0BB9D6C5482898CE3ECBCAFF8312"
"1889","PR-4119806-1881DFB489804316979D4D533DFDE6F3","AT","PR","4119806","1881DFB489804316979D4D533DFDE6F3","PR41198061881DFB489804316979D4D533DFDE6F3"
"1890","PR-4119806-E93D3C2B78D7461898D69E600C2E9FDD","AT","PR","4119806","E93D3C2B78D7461898D69E600C2E9FDD","PR4119806E93D3C2B78D7461898D69E600C2E9FDD"
"1891","PR-4119806-42CECA26E8954D96866220449320F64E","AT","PR","4119806","42CECA26E8954D96866220449320F64E","PR411980642CECA26E8954D96866220449320F64E"
"1892","PR-4119806-CA803E252DE64B98813DF7F4E9F25942","AT","PR","4119806","CA803E252DE64B98813DF7F4E9F25942","PR4119806CA803E252DE64B98813DF7F4E9F25942"
"1893","PR-4119806-533B5AF7B5FE42198105F01BC9998D73","AT","PR","4119806","533B5AF7B5FE42198105F01BC9998D73","PR4119806533B5AF7B5FE42198105F01BC9998D73"
"1894","PR-4119806-F754E2369D06468998BBA8053822A3C5","AT","PR","4119806","F754E2369D06468998BBA8053822A3C5","PR4119806F754E2369D06468998BBA8053822A3C5"
"1895","PR-4119806-57FE07754A1A494FB3FE0A97CDD26DA5","AT","PR","4119806","57FE07754A1A494FB3FE0A97CDD26DA5","PR411980657FE07754A1A494FB3FE0A97CDD26DA5"
"1896","PR-4119806-BFF99D649A7A47FA9DB92DA0A36F4984","AT","PR","4119806","BFF99D649A7A47FA9DB92DA0A36F4984","PR4119806BFF99D649A7A47FA9DB92DA0A36F4984"
"1897","PR-4119806-EE316D7403CA454DAC9EDABCB6F7635A","AT","PR","4119806","EE316D7403CA454DAC9EDABCB6F7635A","PR4119806EE316D7403CA454DAC9EDABCB6F7635A"
"1898","PR-4119806-E08F7548FC7B4BCE9A7B27D7987F6716","AT","PR","4119806","E08F7548FC7B4BCE9A7B27D7987F6716","PR4119806E08F7548FC7B4BCE9A7B27D7987F6716"
"1899","PR-4119806-D468A822701C4F6FBA23176FFAEBBA50","AT","PR","4119806","D468A822701C4F6FBA23176FFAEBBA50","PR4119806D468A822701C4F6FBA23176FFAEBBA50"
"1900","PR-4119806-36FE55B579FB42BFA2E6D887FC2148D9","AT","PR","4119806","36FE55B579FB42BFA2E6D887FC2148D9","PR411980636FE55B579FB42BFA2E6D887FC2148D9"
"1901","PR-4119806-268D074CA6B04840B727D65CADFE4058","AT","PR","4119806","268D074CA6B04840B727D65CADFE4058","PR4119806268D074CA6B04840B727D65CADFE4058"
"1902","PR-4119806-0704EB8EA8C1474CB4C3DC0CC698609F","AT","PR","4119806","0704EB8EA8C1474CB4C3DC0CC698609F","PR41198060704EB8EA8C1474CB4C3DC0CC698609F"
"1903","PR-4119806-870557189E0B4F1B8C248990EB84A779","AT","PR","4119806","870557189E0B4F1B8C248990EB84A779","PR4119806870557189E0B4F1B8C248990EB84A779"
"1904","PR-4119806-6A6E94A091EF47E3AE47B2351CC82E37","AT","PR","4119806","6A6E94A091EF47E3AE47B2351CC82E37","PR41198066A6E94A091EF47E3AE47B2351CC82E37"
"1905","PR-4119806-61718DF6BBBB4DD8B6BF43E4A20B97AF","AT","PR","4119806","61718DF6BBBB4DD8B6BF43E4A20B97AF","PR411980661718DF6BBBB4DD8B6BF43E4A20B97AF"
"1906","PR-4119806-25C96AC56E3D4DF6ADC4BDEE0B2A565C","AT","PR","4119806","25C96AC56E3D4DF6ADC4BDEE0B2A565C","PR411980625C96AC56E3D4DF6ADC4BDEE0B2A565C"
"1907","PR-4119806-AFF46C2882534ABA8E58CB4A149797BE","AT","PR","4119806","AFF46C2882534ABA8E58CB4A149797BE","PR4119806AFF46C2882534ABA8E58CB4A149797BE"
"1908","PR-4119806-33D8965624114D77B9B9F03EBE597A4B","AT","PR","4119806","33D8965624114D77B9B9F03EBE597A4B","PR411980633D8965624114D77B9B9F03EBE597A4B"
"1909","PR-4119806-4D04368CF721474D968ABF6A9342D74F","AT","PR","4119806","4D04368CF721474D968ABF6A9342D74F","PR41198064D04368CF721474D968ABF6A9342D74F"
"1910","PR-4119806-0C480DC67D254C7EA8DB594384A54F40","AT","PR","4119806","0C480DC67D254C7EA8DB594384A54F40","PR41198060C480DC67D254C7EA8DB594384A54F40"
"1911","PR-4119806-F540C720FC7343C2AF158DC625265829","AT","PR","4119806","F540C720FC7343C2AF158DC625265829","PR4119806F540C720FC7343C2AF158DC625265829"
"1912","PR-4119806-05C660C3D0DE4A9D83A700B7482B643B","AT","PR","4119806","05C660C3D0DE4A9D83A700B7482B643B","PR411980605C660C3D0DE4A9D83A700B7482B643B"
"1913","PR-4119806-0C9602B65F59410AB8A0A6B0B9231B13","AT","PR","4119806","0C9602B65F59410AB8A0A6B0B9231B13","PR41198060C9602B65F59410AB8A0A6B0B9231B13"
"1914","PR-4119806-B7DBC6B8AD074A929489F2EF4561E1D7","AT","PR","4119806","B7DBC6B8AD074A929489F2EF4561E1D7","PR4119806B7DBC6B8AD074A929489F2EF4561E1D7"
"1915","PR-4119806-3BAFE3CCCA6143B99C878868024B5FDE","AT","PR","4119806","3BAFE3CCCA6143B99C878868024B5FDE","PR41198063BAFE3CCCA6143B99C878868024B5FDE"
"1916","PR-4119806-38F11692D3B1474DB850744EC13DB269","AT","PR","4119806","38F11692D3B1474DB850744EC13DB269","PR411980638F11692D3B1474DB850744EC13DB269"
"1917","PR-4119806-8E58AF77D4EF4A1B8CA9428FF512C78C","AT","PR","4119806","8E58AF77D4EF4A1B8CA9428FF512C78C","PR41198068E58AF77D4EF4A1B8CA9428FF512C78C"
"1918","PR-4119806-693C6A8B045742B685835C1B7D916AB9","AT","PR","4119806","693C6A8B045742B685835C1B7D916AB9","PR4119806693C6A8B045742B685835C1B7D916AB9"
"1919","PR-4119806-1264BDD088AB41608AE9EE24F1EF3055","AT","PR","4119806","1264BDD088AB41608AE9EE24F1EF3055","PR41198061264BDD088AB41608AE9EE24F1EF3055"
"1920","PR-4119806-C22832ECF7BF4E0BA803B39DEBB1EC92","AT","PR","4119806","C22832ECF7BF4E0BA803B39DEBB1EC92","PR4119806C22832ECF7BF4E0BA803B39DEBB1EC92"
"1921","PR-4119806-CC4A6CFE143E4A949182124B50DACC5C","AT","PR","4119806","CC4A6CFE143E4A949182124B50DACC5C","PR4119806CC4A6CFE143E4A949182124B50DACC5C"
"1922","PR-4119806-FBBE85A7951B4A1FBFC7E42E1BEDD49C","AT","PR","4119806","FBBE85A7951B4A1FBFC7E42E1BEDD49C","PR4119806FBBE85A7951B4A1FBFC7E42E1BEDD49C"
"1923","PR-4119806-DFBBED377C004BCF9DF27C7C2A3D446F","AT","PR","4119806","DFBBED377C004BCF9DF27C7C2A3D446F","PR4119806DFBBED377C004BCF9DF27C7C2A3D446F"
"1924","PR-4119806-42591D329D0046839157295A7C2654E8","AT","PR","4119806","42591D329D0046839157295A7C2654E8","PR411980642591D329D0046839157295A7C2654E8"
"1925","PR-4119806-586BD0BB945C469A97B7C8B6EAF6C50D","AT","PR","4119806","586BD0BB945C469A97B7C8B6EAF6C50D","PR4119806586BD0BB945C469A97B7C8B6EAF6C50D"
"1926","PR-4119806-5866C783C8464B748988E0FA91D468F0","AT","PR","4119806","5866C783C8464B748988E0FA91D468F0","PR41198065866C783C8464B748988E0FA91D468F0"
"1927","PR-4119806-66CA58FAD2E4441486F668DD7DBB77F2","AT","PR","4119806","66CA58FAD2E4441486F668DD7DBB77F2","PR411980666CA58FAD2E4441486F668DD7DBB77F2"
"1928","PR-4119806-22E0501A78C74ED5A9B7342DD169CC68","AT","PR","4119806","22E0501A78C74ED5A9B7342DD169CC68","PR411980622E0501A78C74ED5A9B7342DD169CC68"
"1929","PR-4119806-4E11A15E869E48779632A4CD6D7165CB","AT","PR","4119806","4E11A15E869E48779632A4CD6D7165CB","PR41198064E11A15E869E48779632A4CD6D7165CB"
"1930","PR-4119806-BA4806861D7944FAB96070AAF6A1CD94","AT","PR","4119806","BA4806861D7944FAB96070AAF6A1CD94","PR4119806BA4806861D7944FAB96070AAF6A1CD94"
"1931","PR-4119806-3CFE9920A6B74B64828C1450AE9ADD4C","AT","PR","4119806","3CFE9920A6B74B64828C1450AE9ADD4C","PR41198063CFE9920A6B74B64828C1450AE9ADD4C"
"1932","PR-4119806-B999919D252F434E85031B010482B5F5","AT","PR","4119806","B999919D252F434E85031B010482B5F5","PR4119806B999919D252F434E85031B010482B5F5"
"1933","PR-4119806-A50F7E9B4CD3449F92C4BA7BBDDCA8ED","AT","PR","4119806","A50F7E9B4CD3449F92C4BA7BBDDCA8ED","PR4119806A50F7E9B4CD3449F92C4BA7BBDDCA8ED"
"1934","PR-4119806-78C4A802CE97476F9FA9B9A318467D48","AT","PR","4119806","78C4A802CE97476F9FA9B9A318467D48","PR411980678C4A802CE97476F9FA9B9A318467D48"
"1935","PR-4119806-E753A477537344F49FA993CC40C0DFB2","AT","PR","4119806","E753A477537344F49FA993CC40C0DFB2","PR4119806E753A477537344F49FA993CC40C0DFB2"
"1936","PR-4119806-0CB494173ACC4032B494B5D3BA1F3956","AT","PR","4119806","0CB494173ACC4032B494B5D3BA1F3956","PR41198060CB494173ACC4032B494B5D3BA1F3956"
"1937","PR-4119806-0351A736B4334A3CA6B662C017B98382","AT","PR","4119806","0351A736B4334A3CA6B662C017B98382","PR41198060351A736B4334A3CA6B662C017B98382"
"1938","PR-4119806-08ADF7EE2C4E4801A77842E19456B828","AT","PR","4119806","08ADF7EE2C4E4801A77842E19456B828","PR411980608ADF7EE2C4E4801A77842E19456B828"
"1939","PR-4119806-0FE6548823D542FC8035D2C368BE99D4","AT","PR","4119806","0FE6548823D542FC8035D2C368BE99D4","PR41198060FE6548823D542FC8035D2C368BE99D4"
"1940","PR-4119806-B1C5E2C5AFE84317B5798636BD935A2A","AT","PR","4119806","B1C5E2C5AFE84317B5798636BD935A2A","PR4119806B1C5E2C5AFE84317B5798636BD935A2A"
"1941","PR-4119806-2DEE6B88E9D343A4944E479F7B061F1C","AT","PR","4119806","2DEE6B88E9D343A4944E479F7B061F1C","PR41198062DEE6B88E9D343A4944E479F7B061F1C"
"1942","PR-4119806-CF15F31D67C64E2F80E418156660C783","AT","PR","4119806","CF15F31D67C64E2F80E418156660C783","PR4119806CF15F31D67C64E2F80E418156660C783"
"1943","PR-4119806-405900E8D4C44B3590A00D501D19FAAE","AT","PR","4119806","405900E8D4C44B3590A00D501D19FAAE","PR4119806405900E8D4C44B3590A00D501D19FAAE"
"1944","PR-4119806-8AE9E237E1394A19892C1BAF93C8475E","AT","PR","4119806","8AE9E237E1394A19892C1BAF93C8475E","PR41198068AE9E237E1394A19892C1BAF93C8475E"
"1945","PR-4119806-E92086EA42E54F51A09CA845D71F4AC9","AT","PR","4119806","E92086EA42E54F51A09CA845D71F4AC9","PR4119806E92086EA42E54F51A09CA845D71F4AC9"
"1946","PR-4119806-1ED92846B8964312BF546D8615A71D0D","AT","PR","4119806","1ED92846B8964312BF546D8615A71D0D","PR41198061ED92846B8964312BF546D8615A71D0D"
"1947","PR-4119806-A1327ED0B42C4B0AB7B07CEAB7F70683","AT","PR","4119806","A1327ED0B42C4B0AB7B07CEAB7F70683","PR4119806A1327ED0B42C4B0AB7B07CEAB7F70683"
"1948","PR-4119806-8158697C59234FB7BADB38316A93C7F8","AT","PR","4119806","8158697C59234FB7BADB38316A93C7F8","PR41198068158697C59234FB7BADB38316A93C7F8"
"1949","PR-4119806-E4494F77CDF04F38A5B03F20E99A7013","AT","PR","4119806","E4494F77CDF04F38A5B03F20E99A7013","PR4119806E4494F77CDF04F38A5B03F20E99A7013"
"1950","PR-4119806-9B5AB663377C4C5C99DE187785E211A3","AT","PR","4119806","9B5AB663377C4C5C99DE187785E211A3","PR41198069B5AB663377C4C5C99DE187785E211A3"
"1951","PR-4119806-C95E539218EC43F0BC03A48DEC0BE519","AT","PR","4119806","C95E539218EC43F0BC03A48DEC0BE519","PR4119806C95E539218EC43F0BC03A48DEC0BE519"
"1952","PR-4119806-09116F7096DA446DACA6418D38ECDBA1","AT","PR","4119806","09116F7096DA446DACA6418D38ECDBA1","PR411980609116F7096DA446DACA6418D38ECDBA1"
"1953","PR-4119806-8F7C157283B5433AA4D4BCB17AC25E04","AT","PR","4119806","8F7C157283B5433AA4D4BCB17AC25E04","PR41198068F7C157283B5433AA4D4BCB17AC25E04"
"1954","PR-4119806-C78F95789ACB4154B6B15F5EBC210E34","AT","PR","4119806","C78F95789ACB4154B6B15F5EBC210E34","PR4119806C78F95789ACB4154B6B15F5EBC210E34"
"1955","PR-4119806-0F3925C8F63E4DB6A628B8B23331E473","AT","PR","4119806","0F3925C8F63E4DB6A628B8B23331E473","PR41198060F3925C8F63E4DB6A628B8B23331E473"
"1956","PR-4119806-381DB963467240C1A338FD7196A3E5B4","AT","PR","4119806","381DB963467240C1A338FD7196A3E5B4","PR4119806381DB963467240C1A338FD7196A3E5B4"
"1957","PR-4119806-8F3DC641F82B4944B81E40A8E02F7F11","AT","PR","4119806","8F3DC641F82B4944B81E40A8E02F7F11","PR41198068F3DC641F82B4944B81E40A8E02F7F11"
"1958","PR-4119806-429924B64D314AD88DAE60063A4F942A","AT","PR","4119806","429924B64D314AD88DAE60063A4F942A","PR4119806429924B64D314AD88DAE60063A4F942A"
"1959","PR-4119806-DA800FFBF1D6477DA3CBDA199A58E6FB","AT","PR","4119806","DA800FFBF1D6477DA3CBDA199A58E6FB","PR4119806DA800FFBF1D6477DA3CBDA199A58E6FB"
"1960","PR-4119806-E7A76839F87B47B8AB3D6C6AAC45878D","AT","PR","4119806","E7A76839F87B47B8AB3D6C6AAC45878D","PR4119806E7A76839F87B47B8AB3D6C6AAC45878D"
"1961","PR-4119806-5A1726E3609F45A9A2CFC64B2DBBF102","AT","PR","4119806","5A1726E3609F45A9A2CFC64B2DBBF102","PR41198065A1726E3609F45A9A2CFC64B2DBBF102"
"1962","PR-4119806-1CEDDC4028C6463BA98A08C61466D87B","AT","PR","4119806","1CEDDC4028C6463BA98A08C61466D87B","PR41198061CEDDC4028C6463BA98A08C61466D87B"
"1963","PR-4119806-2DE445F4FC3E4A33A4926C70588BE1EA","AT","PR","4119806","2DE445F4FC3E4A33A4926C70588BE1EA","PR41198062DE445F4FC3E4A33A4926C70588BE1EA"
"1964","PR-4119806-AE0D91B67F7B4DFDB53F97C876812AD1","AT","PR","4119806","AE0D91B67F7B4DFDB53F97C876812AD1","PR4119806AE0D91B67F7B4DFDB53F97C876812AD1"
"1965","PR-4119806-4A04CFCD13FA438688E429E05AB1F738","AT","PR","4119806","4A04CFCD13FA438688E429E05AB1F738","PR41198064A04CFCD13FA438688E429E05AB1F738"
"1966","PR-4119806-185741C3413F4A2E8D53D1FB9E5A9F57","AT","PR","4119806","185741C3413F4A2E8D53D1FB9E5A9F57","PR4119806185741C3413F4A2E8D53D1FB9E5A9F57"
"1967","PR-4119806-21589DE8B9144EABBB71C0476E787DF7","AT","PR","4119806","21589DE8B9144EABBB71C0476E787DF7","PR411980621589DE8B9144EABBB71C0476E787DF7"
"1968","PR-4119806-EE5185BD7DFF42B8ADA26936807BD84B","AT","PR","4119806","EE5185BD7DFF42B8ADA26936807BD84B","PR4119806EE5185BD7DFF42B8ADA26936807BD84B"
"1969","PR-4119806-218342ABDB2C46589F4025D99A6E448D","AT","PR","4119806","218342ABDB2C46589F4025D99A6E448D","PR4119806218342ABDB2C46589F4025D99A6E448D"
"1970","PR-4119806-0E039E6F7A4A4BE39427885D3B17F9BC","AT","PR","4119806","0E039E6F7A4A4BE39427885D3B17F9BC","PR41198060E039E6F7A4A4BE39427885D3B17F9BC"
"1971","PR-4119806-8BDC1EDA5D0C406EBB206796D39DFC3B","AT","PR","4119806","8BDC1EDA5D0C406EBB206796D39DFC3B","PR41198068BDC1EDA5D0C406EBB206796D39DFC3B"
"1972","PR-4119806-C804BE88B9D94DDBBDF1F924E6730278","AT","PR","4119806","C804BE88B9D94DDBBDF1F924E6730278","PR4119806C804BE88B9D94DDBBDF1F924E6730278"
"1973","PR-4119806-18D279C4FD5F457EBFC20D640B62CEBF","AT","PR","4119806","18D279C4FD5F457EBFC20D640B62CEBF","PR411980618D279C4FD5F457EBFC20D640B62CEBF"
"1974","PR-4119806-A5E4AC97A3A84479A96D8C4A29549025","AT","PR","4119806","A5E4AC97A3A84479A96D8C4A29549025","PR4119806A5E4AC97A3A84479A96D8C4A29549025"
"1975","PR-4119806-F2775329969045939CE0A61711AE4618","AT","PR","4119806","F2775329969045939CE0A61711AE4618","PR4119806F2775329969045939CE0A61711AE4618"
"1976","PR-4119806-E0F8F2609BB7443BB9CCC4214CEC440E","AT","PR","4119806","E0F8F2609BB7443BB9CCC4214CEC440E","PR4119806E0F8F2609BB7443BB9CCC4214CEC440E"
"1977","PR-4119806-E65DFC8AA0C7469594E6836B7137145C","AT","PR","4119806","E65DFC8AA0C7469594E6836B7137145C","PR4119806E65DFC8AA0C7469594E6836B7137145C"
"1978","PR-4119806-ADC09F40E89E44509B351BCF73E8A218","AT","PR","4119806","ADC09F40E89E44509B351BCF73E8A218","PR4119806ADC09F40E89E44509B351BCF73E8A218"
"1979","PR-4119806-B3159F7A329F47348ACD759D54B77514","AT","PR","4119806","B3159F7A329F47348ACD759D54B77514","PR4119806B3159F7A329F47348ACD759D54B77514"
"1980","PR-4119806-8CACD1CDCD704D2FB50D31322F70DE64","AT","PR","4119806","8CACD1CDCD704D2FB50D31322F70DE64","PR41198068CACD1CDCD704D2FB50D31322F70DE64"
"1981","PR-4119806-7C2D0118B7FD4A85B846F4FB28B189DC","AT","PR","4119806","7C2D0118B7FD4A85B846F4FB28B189DC","PR41198067C2D0118B7FD4A85B846F4FB28B189DC"
"1982","PR-4119806-66E1CD3777264B22891F8BBD2C49D8D6","AT","PR","4119806","66E1CD3777264B22891F8BBD2C49D8D6","PR411980666E1CD3777264B22891F8BBD2C49D8D6"
"1983","PR-4119806-47A2799E44E34F838763C62E491CB872","AT","PR","4119806","47A2799E44E34F838763C62E491CB872","PR411980647A2799E44E34F838763C62E491CB872"
"1984","PR-4119806-FD8D6564BD3F4DD48AF2092C183A8B85","AT","PR","4119806","FD8D6564BD3F4DD48AF2092C183A8B85","PR4119806FD8D6564BD3F4DD48AF2092C183A8B85"
"1985","PR-4119806-37713DA7B2AC4C0A8F3DB88BE3C9A5E4","AT","PR","4119806","37713DA7B2AC4C0A8F3DB88BE3C9A5E4","PR411980637713DA7B2AC4C0A8F3DB88BE3C9A5E4"
"1986","PR-4119806-62996082C8A14E13BD0131C9EA0F3D13","AT","PR","4119806","62996082C8A14E13BD0131C9EA0F3D13","PR411980662996082C8A14E13BD0131C9EA0F3D13"
"1987","PR-4119806-33BFEB2201A74A0D8F451E278E828BEB","AT","PR","4119806","33BFEB2201A74A0D8F451E278E828BEB","PR411980633BFEB2201A74A0D8F451E278E828BEB"
"1988","PR-4119806-967B4A034DFD43009644F68145688F24","AT","PR","4119806","967B4A034DFD43009644F68145688F24","PR4119806967B4A034DFD43009644F68145688F24"
"1989","PR-4119806-18250C0F7EAA4C729CFAB9906C14A51A","AT","PR","4119806","18250C0F7EAA4C729CFAB9906C14A51A","PR411980618250C0F7EAA4C729CFAB9906C14A51A"
"1990","PR-4119806-9379BF9DF90147E38BF7A1F0387845CE","AT","PR","4119806","9379BF9DF90147E38BF7A1F0387845CE","PR41198069379BF9DF90147E38BF7A1F0387845CE"
"1991","PR-4119806-5D0363E6CEB04CE89E074324C49F12B3","AT","PR","4119806","5D0363E6CEB04CE89E074324C49F12B3","PR41198065D0363E6CEB04CE89E074324C49F12B3"
"1992","PR-4119806-0A2F4E6ACD014638BC372BF11586F6E9","AT","PR","4119806","0A2F4E6ACD014638BC372BF11586F6E9","PR41198060A2F4E6ACD014638BC372BF11586F6E9"
"1993","PR-4119806-BE203E64B6934C32BD519D16A5E1EB77","AT","PR","4119806","BE203E64B6934C32BD519D16A5E1EB77","PR4119806BE203E64B6934C32BD519D16A5E1EB77"
"1994","PR-4119806-DBDAAB62DCE447478C6A55DA46BF84A5","AT","PR","4119806","DBDAAB62DCE447478C6A55DA46BF84A5","PR4119806DBDAAB62DCE447478C6A55DA46BF84A5"
"1995","PR-4119806-9C1FBDD7690E48EB8DC50262A841A510","AT","PR","4119806","9C1FBDD7690E48EB8DC50262A841A510","PR41198069C1FBDD7690E48EB8DC50262A841A510"
"1996","PR-4119806-F87A6064785C40918FD2F952EE275833","AT","PR","4119806","F87A6064785C40918FD2F952EE275833","PR4119806F87A6064785C40918FD2F952EE275833"
"1997","PR-4119806-D922592816B54191973033901663CE52","AT","PR","4119806","D922592816B54191973033901663CE52","PR4119806D922592816B54191973033901663CE52"
"1998","PR-4119806-E40EFC3B14B843B28E9734C6EDA60980","AT","PR","4119806","E40EFC3B14B843B28E9734C6EDA60980","PR4119806E40EFC3B14B843B28E9734C6EDA60980"
"1999","PR-4119806-AEEB3E361C6845B0BC616F6FFFBDA634","AT","PR","4119806","AEEB3E361C6845B0BC616F6FFFBDA634","PR4119806AEEB3E361C6845B0BC616F6FFFBDA634"
"2000","PR-4119806-E8CA955EAA8B4724B77C0BC6F2A6285C","AT","PR","4119806","E8CA955EAA8B4724B77C0BC6F2A6285C","PR4119806E8CA955EAA8B4724B77C0BC6F2A6285C"
"2001","PR-4119806-2C1127C42C06439F9DB37A33171F52BF","AT","PR","4119806","2C1127C42C06439F9DB37A33171F52BF","PR41198062C1127C42C06439F9DB37A33171F52BF"
"2002","PR-4119806-ABC884DDA6C54620970A9E0BDAB6F2B0","AT","PR","4119806","ABC884DDA6C54620970A9E0BDAB6F2B0","PR4119806ABC884DDA6C54620970A9E0BDAB6F2B0"
"2003","PR-4119806-7DA4A6FEDFD140288104D24A450E7669","AT","PR","4119806","7DA4A6FEDFD140288104D24A450E7669","PR41198067DA4A6FEDFD140288104D24A450E7669"
"2004","PR-4119806-58794137D0284610906A6158651AC8A0","AT","PR","4119806","58794137D0284610906A6158651AC8A0","PR411980658794137D0284610906A6158651AC8A0"
"2005","PR-4119806-A0F1EE27B1DC41BF8FA4CCDD4AA5FDCE","AT","PR","4119806","A0F1EE27B1DC41BF8FA4CCDD4AA5FDCE","PR4119806A0F1EE27B1DC41BF8FA4CCDD4AA5FDCE"
"2006","PR-4119806-CA75CA64BEE7494C85DF1FFFAFFAA7E9","AT","PR","4119806","CA75CA64BEE7494C85DF1FFFAFFAA7E9","PR4119806CA75CA64BEE7494C85DF1FFFAFFAA7E9"
"2007","PR-4119806-11205B55A47B4299A1364B28FA2FE596","AT","PR","4119806","11205B55A47B4299A1364B28FA2FE596","PR411980611205B55A47B4299A1364B28FA2FE596"
"2008","PR-4119806-D6C2A6E4F434470BA404830B2BC53BE8","AT","PR","4119806","D6C2A6E4F434470BA404830B2BC53BE8","PR4119806D6C2A6E4F434470BA404830B2BC53BE8"
"2009","PR-4119806-F64FB0F26CB642A49B2BDAFD18CD0195","AT","PR","4119806","F64FB0F26CB642A49B2BDAFD18CD0195","PR4119806F64FB0F26CB642A49B2BDAFD18CD0195"
"2010","PR-4119806-6B5E340C95344A5491DCE73E48325EBF","AT","PR","4119806","6B5E340C95344A5491DCE73E48325EBF","PR41198066B5E340C95344A5491DCE73E48325EBF"
"2011","PR-4119806-EC964049FDA0463B928E798158CACA69","AT","PR","4119806","EC964049FDA0463B928E798158CACA69","PR4119806EC964049FDA0463B928E798158CACA69"
"2012","PR-4119806-EAC6171F7287477B8FDA727C68857D36","AT","PR","4119806","EAC6171F7287477B8FDA727C68857D36","PR4119806EAC6171F7287477B8FDA727C68857D36"
"2013","PR-4119806-CF85EB2F9D154FA6B97834BC4BF35ABB","AT","PR","4119806","CF85EB2F9D154FA6B97834BC4BF35ABB","PR4119806CF85EB2F9D154FA6B97834BC4BF35ABB"
"2014","PR-4119806-5012D6F5340B4ABBA25536231D447740","AT","PR","4119806","5012D6F5340B4ABBA25536231D447740","PR41198065012D6F5340B4ABBA25536231D447740"
"2015","PR-4119806-0AEB3331832B4E42B9F41FBA1363BCA3","AT","PR","4119806","0AEB3331832B4E42B9F41FBA1363BCA3","PR41198060AEB3331832B4E42B9F41FBA1363BCA3"
"2016","PR-4119806-47C05B15DF0A4EC9A82627F21B98A4CE","AT","PR","4119806","47C05B15DF0A4EC9A82627F21B98A4CE","PR411980647C05B15DF0A4EC9A82627F21B98A4CE"
"2017","PR-4119806-B6CB9390F7694BF8B8714F313B86FA8C","AT","PR","4119806","B6CB9390F7694BF8B8714F313B86FA8C","PR4119806B6CB9390F7694BF8B8714F313B86FA8C"
"2018","PR-4119806-71E9E6CCC3624CC4A0CCC42496C76383","AT","PR","4119806","71E9E6CCC3624CC4A0CCC42496C76383","PR411980671E9E6CCC3624CC4A0CCC42496C76383"
"2019","PR-4119806-889698DD05724F19B7CBBB22F49D864E","AT","PR","4119806","889698DD05724F19B7CBBB22F49D864E","PR4119806889698DD05724F19B7CBBB22F49D864E"
"2020","PR-4119806-55D3154CAB7F44F39D08D7FA015FDE96","AT","PR","4119806","55D3154CAB7F44F39D08D7FA015FDE96","PR411980655D3154CAB7F44F39D08D7FA015FDE96"
"2021","PR-4119806-5348245342D5445580B1069A2024A599","AT","PR","4119806","5348245342D5445580B1069A2024A599","PR41198065348245342D5445580B1069A2024A599"
"2022","PR-4119806-E6060D9661A940F68AF1DF2C855ED3D0","AT","PR","4119806","E6060D9661A940F68AF1DF2C855ED3D0","PR4119806E6060D9661A940F68AF1DF2C855ED3D0"
"2023","PR-4119806-51722B91BBA6423BA0AF61CCAE4D43C8","AT","PR","4119806","51722B91BBA6423BA0AF61CCAE4D43C8","PR411980651722B91BBA6423BA0AF61CCAE4D43C8"
"2024","PR-4119806-FB97FA2EF0E949E09D25218C4B436E35","AT","PR","4119806","FB97FA2EF0E949E09D25218C4B436E35","PR4119806FB97FA2EF0E949E09D25218C4B436E35"
"2025","PR-4119806-C24FF73AF3AF4EBD9723641E897A246A","AT","PR","4119806","C24FF73AF3AF4EBD9723641E897A246A","PR4119806C24FF73AF3AF4EBD9723641E897A246A"
"2026","PR-4119806-5721BB081B944219A26B6CA3F3762786","AT","PR","4119806","5721BB081B944219A26B6CA3F3762786","PR41198065721BB081B944219A26B6CA3F3762786"
"2027","PR-4119806-4AF262E7BCAC4EA4AD1020D5E59D1304","AT","PR","4119806","4AF262E7BCAC4EA4AD1020D5E59D1304","PR41198064AF262E7BCAC4EA4AD1020D5E59D1304"
"2028","PR-4119806-B7F5DE6A3D0E4F84AC201CFFD5D238C0","AT","PR","4119806","B7F5DE6A3D0E4F84AC201CFFD5D238C0","PR4119806B7F5DE6A3D0E4F84AC201CFFD5D238C0"
"2029","PR-4119806-7B7708222339497589CEFA58FBE14A3F","AT","PR","4119806","7B7708222339497589CEFA58FBE14A3F","PR41198067B7708222339497589CEFA58FBE14A3F"
"2030","PR-4119806-6B155CDA9B1A4150AE701B9198C9DAE2","AT","PR","4119806","6B155CDA9B1A4150AE701B9198C9DAE2","PR41198066B155CDA9B1A4150AE701B9198C9DAE2"
"2031","PR-4119806-977165C301BA47E9AB22C9674FBE46E8","AT","PR","4119806","977165C301BA47E9AB22C9674FBE46E8","PR4119806977165C301BA47E9AB22C9674FBE46E8"
"2032","PR-4119806-C9C325F4F6B64D62A979235D1ECA0DAF","AT","PR","4119806","C9C325F4F6B64D62A979235D1ECA0DAF","PR4119806C9C325F4F6B64D62A979235D1ECA0DAF"
"2033","PR-4119806-0C0B37FCC2104C9A9F2E68031A97A2EE","AT","PR","4119806","0C0B37FCC2104C9A9F2E68031A97A2EE","PR41198060C0B37FCC2104C9A9F2E68031A97A2EE"
"2034","PR-4119806-BDD97751836C4F1B8F9DF4AB56C81D65","AT","PR","4119806","BDD97751836C4F1B8F9DF4AB56C81D65","PR4119806BDD97751836C4F1B8F9DF4AB56C81D65"
"2035","PR-4119806-2CD336063A414DD4AE92EFF96D9755FA","AT","PR","4119806","2CD336063A414DD4AE92EFF96D9755FA","PR41198062CD336063A414DD4AE92EFF96D9755FA"
"2036","PR-4119806-FBB741DDA9AA4D998B26AA7D3F278ED7","AT","PR","4119806","FBB741DDA9AA4D998B26AA7D3F278ED7","PR4119806FBB741DDA9AA4D998B26AA7D3F278ED7"
"2037","PR-4119806-3747DE53DF924172B1D77D23E63B4037","AT","PR","4119806","3747DE53DF924172B1D77D23E63B4037","PR41198063747DE53DF924172B1D77D23E63B4037"
"2038","PR-4119806-76337475E557443B8F6BF1424DC928CD","AT","PR","4119806","76337475E557443B8F6BF1424DC928CD","PR411980676337475E557443B8F6BF1424DC928CD"
"2039","PR-4119806-ADE31CAF923E4837980B11EE8C084A5E","AT","PR","4119806","ADE31CAF923E4837980B11EE8C084A5E","PR4119806ADE31CAF923E4837980B11EE8C084A5E"
"2040","PR-4119806-3C48858AB1394ED7A4555FD1927A7E65","AT","PR","4119806","3C48858AB1394ED7A4555FD1927A7E65","PR41198063C48858AB1394ED7A4555FD1927A7E65"
"2041","PR-4119806-712F76CCF73A4AAB84D69439CD41D027","AT","PR","4119806","712F76CCF73A4AAB84D69439CD41D027","PR4119806712F76CCF73A4AAB84D69439CD41D027"
"2042","PR-4119806-6A766C229D0A4C819E38DEF2F21582E3","AT","PR","4119806","6A766C229D0A4C819E38DEF2F21582E3","PR41198066A766C229D0A4C819E38DEF2F21582E3"
"2043","PR-4119806-FA02E7F7446C4473AE227F8926E6F104","CA","PR","4119806","FA02E7F7446C4473AE227F8926E6F104","PR4119806FA02E7F7446C4473AE227F8926E6F104"
"2044","PR-4119806-4DE64D56167B46DDB13DC07D97265570","AT","PR","4119806","4DE64D56167B46DDB13DC07D97265570","PR41198064DE64D56167B46DDB13DC07D97265570"
"2045","PR-4119806-5978E61AC3BB4B59A5A09DF40CD73E29","AT","PR","4119806","5978E61AC3BB4B59A5A09DF40CD73E29","PR41198065978E61AC3BB4B59A5A09DF40CD73E29"
"2046","PR-4119806-F2C8D33AF7874514AF59D7AC811CF3CC","AT","PR","4119806","F2C8D33AF7874514AF59D7AC811CF3CC","PR4119806F2C8D33AF7874514AF59D7AC811CF3CC"
"2047","PR-4119806-302E8023C0A54A4B88ADA3982BA4E2D7","AT","PR","4119806","302E8023C0A54A4B88ADA3982BA4E2D7","PR4119806302E8023C0A54A4B88ADA3982BA4E2D7"
"2048","PR-4119806-67F3EF07EE454EE291F2ED746B8AD842","AT","PR","4119806","67F3EF07EE454EE291F2ED746B8AD842","PR411980667F3EF07EE454EE291F2ED746B8AD842"
"2049","PR-4119806-738926DC5B584126891AFD45EB6A9CB6","AT","PR","4119806","738926DC5B584126891AFD45EB6A9CB6","PR4119806738926DC5B584126891AFD45EB6A9CB6"
"2050","PR-4119806-1E9F705851954C579C23AAB58800AF53","AT","PR","4119806","1E9F705851954C579C23AAB58800AF53","PR41198061E9F705851954C579C23AAB58800AF53"
"2051","PR-4119806-968F8D3AA4694363BBB391CE2B8AE174","AT","PR","4119806","968F8D3AA4694363BBB391CE2B8AE174","PR4119806968F8D3AA4694363BBB391CE2B8AE174"
"2052","PR-4119806-CB41B854A317408EB4039CEA1A34F6B9","AT","PR","4119806","CB41B854A317408EB4039CEA1A34F6B9","PR4119806CB41B854A317408EB4039CEA1A34F6B9"
"2053","PR-4119806-0FC60943F9AC460A82B3F1E1174A8676","AT","PR","4119806","0FC60943F9AC460A82B3F1E1174A8676","PR41198060FC60943F9AC460A82B3F1E1174A8676"
"2054","PR-4119806-682BA072F06C4151BD6DFB4F1220E8D8","AT","PR","4119806","682BA072F06C4151BD6DFB4F1220E8D8","PR4119806682BA072F06C4151BD6DFB4F1220E8D8"
"2055","PR-4119806-BC34D264CEB54B1B84629FA4D1F2FFE7","CA","PR","4119806","BC34D264CEB54B1B84629FA4D1F2FFE7","PR4119806BC34D264CEB54B1B84629FA4D1F2FFE7"
"2056","PR-4119806-B6AAA12803994A6684A2D101F8BFBCB8","AT","PR","4119806","B6AAA12803994A6684A2D101F8BFBCB8","PR4119806B6AAA12803994A6684A2D101F8BFBCB8"
"2057","PR-4119806-C52E69EB5BAF4860B4E377F3C95E2F27","AT","PR","4119806","C52E69EB5BAF4860B4E377F3C95E2F27","PR4119806C52E69EB5BAF4860B4E377F3C95E2F27"
"2058","PR-4119806-3B0F578B9B634E6BA4CC57B43A9FD652","AT","PR","4119806","3B0F578B9B634E6BA4CC57B43A9FD652","PR41198063B0F578B9B634E6BA4CC57B43A9FD652"
"2059","PR-4119806-339515E69A324B3693F1AFD86484FCEC","AT","PR","4119806","339515E69A324B3693F1AFD86484FCEC","PR4119806339515E69A324B3693F1AFD86484FCEC"
"2060","PR-4119806-F8CB224D633645DEBF1FA3563FDB3A14","AT","PR","4119806","F8CB224D633645DEBF1FA3563FDB3A14","PR4119806F8CB224D633645DEBF1FA3563FDB3A14"
"2061","PR-4119806-93D2815075C849918293546E843F75C6","AT","PR","4119806","93D2815075C849918293546E843F75C6","PR411980693D2815075C849918293546E843F75C6"
"2062","PR-4119806-2E977479433E4BD99E7AD0402D0004A3","AT","PR","4119806","2E977479433E4BD99E7AD0402D0004A3","PR41198062E977479433E4BD99E7AD0402D0004A3"
"2063","PR-4119806-9A1DBB6BE2B84A9B93D2F52ED95D13E0","AT","PR","4119806","9A1DBB6BE2B84A9B93D2F52ED95D13E0","PR41198069A1DBB6BE2B84A9B93D2F52ED95D13E0"
"2064","PR-4119806-0E2DCFD1BBE14D6FBDB4E47AD441D4FF","AT","PR","4119806","0E2DCFD1BBE14D6FBDB4E47AD441D4FF","PR41198060E2DCFD1BBE14D6FBDB4E47AD441D4FF"
"2065","PR-4119806-9E678A09B25C48CEB01930123EB9F0AB","AT","PR","4119806","9E678A09B25C48CEB01930123EB9F0AB","PR41198069E678A09B25C48CEB01930123EB9F0AB"
"2066","PR-4119806-8C03BC89C46549A689C88E0830AFB859","AT","PR","4119806","8C03BC89C46549A689C88E0830AFB859","PR41198068C03BC89C46549A689C88E0830AFB859"
"2067","PR-4119806-A0443F69AEAC40E7BA926F6741064FDF","AT","PR","4119806","A0443F69AEAC40E7BA926F6741064FDF","PR4119806A0443F69AEAC40E7BA926F6741064FDF"
"2068","PR-4119806-2E7307A4396D40C7ABB800A8AC641C25","AT","PR","4119806","2E7307A4396D40C7ABB800A8AC641C25","PR41198062E7307A4396D40C7ABB800A8AC641C25"
"2069","PR-4119806-B6850D1FFD8940DFA04B574AC3E5629E","AT","PR","4119806","B6850D1FFD8940DFA04B574AC3E5629E","PR4119806B6850D1FFD8940DFA04B574AC3E5629E"
"2070","PR-4119806-9B154D2A976E4C1EA6D99CB9E6041CB2","AT","PR","4119806","9B154D2A976E4C1EA6D99CB9E6041CB2","PR41198069B154D2A976E4C1EA6D99CB9E6041CB2"
"2071","PR-4119806-8AA8C8EA4F1F457EAB3DE151970AF998","AT","PR","4119806","8AA8C8EA4F1F457EAB3DE151970AF998","PR41198068AA8C8EA4F1F457EAB3DE151970AF998"
"2072","PR-4119806-DABFA80C257841DF87C94833C1C51D79","AT","PR","4119806","DABFA80C257841DF87C94833C1C51D79","PR4119806DABFA80C257841DF87C94833C1C51D79"
"2073","PR-4119806-78234F67E55142DF8564215B7ACBF2CC","AT","PR","4119806","78234F67E55142DF8564215B7ACBF2CC","PR411980678234F67E55142DF8564215B7ACBF2CC"
"2074","PR-4119806-A626BB6C777D4BEABF5AEEA749CAF53C","AT","PR","4119806","A626BB6C777D4BEABF5AEEA749CAF53C","PR4119806A626BB6C777D4BEABF5AEEA749CAF53C"
"2075","PR-4119806-A79C7552B78746A79D2407ADE95F84EA","AT","PR","4119806","A79C7552B78746A79D2407ADE95F84EA","PR4119806A79C7552B78746A79D2407ADE95F84EA"
"2076","PR-4119806-998E4ECEDA5D45D883A2D0EC67712DFC","AT","PR","4119806","998E4ECEDA5D45D883A2D0EC67712DFC","PR4119806998E4ECEDA5D45D883A2D0EC67712DFC"
"2077","PR-4119806-28DF77204B434979810E09A940949FFF","AT","PR","4119806","28DF77204B434979810E09A940949FFF","PR411980628DF77204B434979810E09A940949FFF"
"2078","PR-4119806-E6D1968217E2499785D9B7A62216FD93","AT","PR","4119806","E6D1968217E2499785D9B7A62216FD93","PR4119806E6D1968217E2499785D9B7A62216FD93"
"2079","PR-4119806-C2EEA11495794B81B6F62191A2651C62","AT","PR","4119806","C2EEA11495794B81B6F62191A2651C62","PR4119806C2EEA11495794B81B6F62191A2651C62"
"2080","PR-4119806-9D2E208FDA084D45A74C4517486903B7","AT","PR","4119806","9D2E208FDA084D45A74C4517486903B7","PR41198069D2E208FDA084D45A74C4517486903B7"
"2081","PR-4119806-7981D038B0894F9F89A5B7026C515B2F","AT","PR","4119806","7981D038B0894F9F89A5B7026C515B2F","PR41198067981D038B0894F9F89A5B7026C515B2F"
"2082","PR-4119806-DEF40890A1BE466F86C818E70F7913DC","AT","PR","4119806","DEF40890A1BE466F86C818E70F7913DC","PR4119806DEF40890A1BE466F86C818E70F7913DC"
"2083","PR-4119806-EA037A59ECAE42FDA5702C83E2096538","AT","PR","4119806","EA037A59ECAE42FDA5702C83E2096538","PR4119806EA037A59ECAE42FDA5702C83E2096538"
"2084","PR-4119806-FC7164BC801F4ADEB5EB72D70C338F4F","AT","PR","4119806","FC7164BC801F4ADEB5EB72D70C338F4F","PR4119806FC7164BC801F4ADEB5EB72D70C338F4F"
"2085","PR-4119806-E6EF94C6C694413997714536B0EDB0FD","AT","PR","4119806","E6EF94C6C694413997714536B0EDB0FD","PR4119806E6EF94C6C694413997714536B0EDB0FD"
"2086","PR-4119806-DE617F3776C146C1B6D82BF5BE06CA36","AT","PR","4119806","DE617F3776C146C1B6D82BF5BE06CA36","PR4119806DE617F3776C146C1B6D82BF5BE06CA36"
"2087","PR-4119806-FC55A02E41934E1EBF31B74D5BE7C59A","AT","PR","4119806","FC55A02E41934E1EBF31B74D5BE7C59A","PR4119806FC55A02E41934E1EBF31B74D5BE7C59A"
"2088","PR-4119806-5EFA09E3972D484C86D12FF612B3D1C0","AT","PR","4119806","5EFA09E3972D484C86D12FF612B3D1C0","PR41198065EFA09E3972D484C86D12FF612B3D1C0"
"2089","PR-4119806-05922D5F8964488FA019839D1531144C","AT","PR","4119806","05922D5F8964488FA019839D1531144C","PR411980605922D5F8964488FA019839D1531144C"
"2090","PR-4119806-558454C8FA9E45BAA6F8082AA90C31D7","AT","PR","4119806","558454C8FA9E45BAA6F8082AA90C31D7","PR4119806558454C8FA9E45BAA6F8082AA90C31D7"
"2091","PR-4119806-3B695E95B2DD4119851DE78C52853F0E","AT","PR","4119806","3B695E95B2DD4119851DE78C52853F0E","PR41198063B695E95B2DD4119851DE78C52853F0E"
"2092","PR-4119806-E76E84D243D1423197F86EC3BCDD85A5","AT","PR","4119806","E76E84D243D1423197F86EC3BCDD85A5","PR4119806E76E84D243D1423197F86EC3BCDD85A5"
"2093","PR-4119806-6BE650F314FC4679B6092A63C04B8D6E","AT","PR","4119806","6BE650F314FC4679B6092A63C04B8D6E","PR41198066BE650F314FC4679B6092A63C04B8D6E"
"2094","PR-4119806-DE30C6410F7E4BE9BBE8F041840E3034","AT","PR","4119806","DE30C6410F7E4BE9BBE8F041840E3034","PR4119806DE30C6410F7E4BE9BBE8F041840E3034"
"2095","PR-4119806-B546995F0D8143C59904576908AB6D14","AT","PR","4119806","B546995F0D8143C59904576908AB6D14","PR4119806B546995F0D8143C59904576908AB6D14"
"2096","PR-4119806-88F03D9C671A4DD8807889B8D1ABC2A7","AT","PR","4119806","88F03D9C671A4DD8807889B8D1ABC2A7","PR411980688F03D9C671A4DD8807889B8D1ABC2A7"
"2097","PR-4119806-460B29C4730F4224ADF0898F2EE2E5A0","AT","PR","4119806","460B29C4730F4224ADF0898F2EE2E5A0","PR4119806460B29C4730F4224ADF0898F2EE2E5A0"
"2098","PR-4119806-36B777B62DA2404193CECE93F85CDC9A","AT","PR","4119806","36B777B62DA2404193CECE93F85CDC9A","PR411980636B777B62DA2404193CECE93F85CDC9A"
"2099","PR-4119806-5D3363E6C020404B944E2990A05ED0F8","AT","PR","4119806","5D3363E6C020404B944E2990A05ED0F8","PR41198065D3363E6C020404B944E2990A05ED0F8"
"2100","PR-4119806-847B45EA869641F4A8D16FF768DB3E01","AT","PR","4119806","847B45EA869641F4A8D16FF768DB3E01","PR4119806847B45EA869641F4A8D16FF768DB3E01"
"2101","PR-4119806-D334DAD4BC3940A2AB8C47883AC83896","AT","PR","4119806","D334DAD4BC3940A2AB8C47883AC83896","PR4119806D334DAD4BC3940A2AB8C47883AC83896"
"2102","PR-4119806-50C81D0B3C6248619F074B826AC2C790","AT","PR","4119806","50C81D0B3C6248619F074B826AC2C790","PR411980650C81D0B3C6248619F074B826AC2C790"
"2103","PR-4119806-DEC07226941540A993C77938A7BD3370","AT","PR","4119806","DEC07226941540A993C77938A7BD3370","PR4119806DEC07226941540A993C77938A7BD3370"
"2104","PR-4119806-BA25181C24BB48F98F054BC17227B6D4","AT","PR","4119806","BA25181C24BB48F98F054BC17227B6D4","PR4119806BA25181C24BB48F98F054BC17227B6D4"
"2105","PR-4119806-B6E5FB72E42D4ED18CDB1D15AA58527E","AT","PR","4119806","B6E5FB72E42D4ED18CDB1D15AA58527E","PR4119806B6E5FB72E42D4ED18CDB1D15AA58527E"
"2106","PR-4119806-88E0FB401BC74DF1AFBCB8B622B5E3C7","AT","PR","4119806","88E0FB401BC74DF1AFBCB8B622B5E3C7","PR411980688E0FB401BC74DF1AFBCB8B622B5E3C7"
"2107","PR-4119806-C560AAED4FA14EA7BAE592EDCD2B2FD6","AT","PR","4119806","C560AAED4FA14EA7BAE592EDCD2B2FD6","PR4119806C560AAED4FA14EA7BAE592EDCD2B2FD6"
"2108","PR-4119806-63822590DA7841BDAC7E2DC6C6720ABB","AT","PR","4119806","63822590DA7841BDAC7E2DC6C6720ABB","PR411980663822590DA7841BDAC7E2DC6C6720ABB"
"2109","PR-4119806-6C51D0304F124FDEA6E18F00F35A4F53","AT","PR","4119806","6C51D0304F124FDEA6E18F00F35A4F53","PR41198066C51D0304F124FDEA6E18F00F35A4F53"
"2110","PR-4119806-658FA038FBB242419C06362AADE4AED1","AT","PR","4119806","658FA038FBB242419C06362AADE4AED1","PR4119806658FA038FBB242419C06362AADE4AED1"
"2111","PR-4119806-D179F4DE1EA94E83A03EA2A405AA4D49","AT","PR","4119806","D179F4DE1EA94E83A03EA2A405AA4D49","PR4119806D179F4DE1EA94E83A03EA2A405AA4D49"
"2112","PR-4119806-08982AEA1733486583AD12473B4DBA10","AT","PR","4119806","08982AEA1733486583AD12473B4DBA10","PR411980608982AEA1733486583AD12473B4DBA10"
"2113","PR-4119806-EFE396A0D10D446E81CE93AEC637467F","AT","PR","4119806","EFE396A0D10D446E81CE93AEC637467F","PR4119806EFE396A0D10D446E81CE93AEC637467F"
"2114","PR-4119806-98B8302DF5BA453DA85ADFFB05A95154","AT","PR","4119806","98B8302DF5BA453DA85ADFFB05A95154","PR411980698B8302DF5BA453DA85ADFFB05A95154"
"2115","PR-4119806-4141CAB8CAAB4725BF04EA00E684CF02","AT","PR","4119806","4141CAB8CAAB4725BF04EA00E684CF02","PR41198064141CAB8CAAB4725BF04EA00E684CF02"
"2116","PR-4119806-134644423217437AAC04194D25ADA405","AT","PR","4119806","134644423217437AAC04194D25ADA405","PR4119806134644423217437AAC04194D25ADA405"
"2117","PR-4119806-66038DBA425547E09E7BDAEDC99843F4","AT","PR","4119806","66038DBA425547E09E7BDAEDC99843F4","PR411980666038DBA425547E09E7BDAEDC99843F4"
"2118","PR-4119806-EBFD3329182940F1ADA9D7D47431A236","AT","PR","4119806","EBFD3329182940F1ADA9D7D47431A236","PR4119806EBFD3329182940F1ADA9D7D47431A236"
"2119","PR-4119806-001EA12FBD9142C7974E549A2E389AB5","AT","PR","4119806","001EA12FBD9142C7974E549A2E389AB5","PR4119806001EA12FBD9142C7974E549A2E389AB5"
"2120","PR-4119806-37FB2E6859704713A63D298D765B3F20","AT","PR","4119806","37FB2E6859704713A63D298D765B3F20","PR411980637FB2E6859704713A63D298D765B3F20"
"2121","PR-4119806-F3E322D14D1F49E6B62191595A28C71B","AT","PR","4119806","F3E322D14D1F49E6B62191595A28C71B","PR4119806F3E322D14D1F49E6B62191595A28C71B"
"2122","PR-4119806-27F6BF48248041A498117444D722E55E","AT","PR","4119806","27F6BF48248041A498117444D722E55E","PR411980627F6BF48248041A498117444D722E55E"
"2123","PR-4119806-4211C14199604F789788B05EBA7E5B75","AT","PR","4119806","4211C14199604F789788B05EBA7E5B75","PR41198064211C14199604F789788B05EBA7E5B75"
"2124","PR-4119806-F6EDF7A7BE8949038A14D74AAA84F351","AT","PR","4119806","F6EDF7A7BE8949038A14D74AAA84F351","PR4119806F6EDF7A7BE8949038A14D74AAA84F351"
"2125","PR-4119806-911BE38A4A05487AB6882ED12183FBE7","AT","PR","4119806","911BE38A4A05487AB6882ED12183FBE7","PR4119806911BE38A4A05487AB6882ED12183FBE7"
"2126","PR-4119806-47FE4F23E30544308C12A9F89A1753F5","AT","PR","4119806","47FE4F23E30544308C12A9F89A1753F5","PR411980647FE4F23E30544308C12A9F89A1753F5"
"2127","PR-4119806-F95A519F218343578703BC8956A93510","AT","PR","4119806","F95A519F218343578703BC8956A93510","PR4119806F95A519F218343578703BC8956A93510"
"2128","PR-4119806-FDAB4E1AA48945C29CC73F20C34E1744","AT","PR","4119806","FDAB4E1AA48945C29CC73F20C34E1744","PR4119806FDAB4E1AA48945C29CC73F20C34E1744"
"2129","PR-4119806-A92A1C40F63A4595840F83668C91DB90","AT","PR","4119806","A92A1C40F63A4595840F83668C91DB90","PR4119806A92A1C40F63A4595840F83668C91DB90"
"2130","PR-4119806-3CEA62924C8F48AF88BA11BB86353797","AT","PR","4119806","3CEA62924C8F48AF88BA11BB86353797","PR41198063CEA62924C8F48AF88BA11BB86353797"
"2131","PR-4119806-F9DD04033954425F91C595D889220A5A","AT","PR","4119806","F9DD04033954425F91C595D889220A5A","PR4119806F9DD04033954425F91C595D889220A5A"
"2132","PR-4119806-BDDB0F4EA47549A4A2352DA65AD804F8","AT","PR","4119806","BDDB0F4EA47549A4A2352DA65AD804F8","PR4119806BDDB0F4EA47549A4A2352DA65AD804F8"
"2133","PR-4119806-141E7C6FBD084EF08932F1DD600145B0","AT","PR","4119806","141E7C6FBD084EF08932F1DD600145B0","PR4119806141E7C6FBD084EF08932F1DD600145B0"
"2134","PR-4119806-D5B0A7C01A08430381322A2DC8C54DCE","AT","PR","4119806","D5B0A7C01A08430381322A2DC8C54DCE","PR4119806D5B0A7C01A08430381322A2DC8C54DCE"
"2135","PR-4119806-50EEFEBF52C3447582F40AEFBD67ABD6","AT","PR","4119806","50EEFEBF52C3447582F40AEFBD67ABD6","PR411980650EEFEBF52C3447582F40AEFBD67ABD6"
"2136","PR-4119806-F1957C7B6A9D4A538BC67001B1C44568","AT","PR","4119806","F1957C7B6A9D4A538BC67001B1C44568","PR4119806F1957C7B6A9D4A538BC67001B1C44568"
"2137","PR-4119806-E9376CA05398476E9C08C75021664AA3","AT","PR","4119806","E9376CA05398476E9C08C75021664AA3","PR4119806E9376CA05398476E9C08C75021664AA3"
"2138","PR-4119806-0EFCA0F5A8C14496A6749A110A6EEE1D","AT","PR","4119806","0EFCA0F5A8C14496A6749A110A6EEE1D","PR41198060EFCA0F5A8C14496A6749A110A6EEE1D"
"2139","PR-4119806-1998ED5BB27D4410938C6D2BD77B2299","AT","PR","4119806","1998ED5BB27D4410938C6D2BD77B2299","PR41198061998ED5BB27D4410938C6D2BD77B2299"
"2140","PR-4119806-B9849E358AC940C88D112D2D64C77BC9","AT","PR","4119806","B9849E358AC940C88D112D2D64C77BC9","PR4119806B9849E358AC940C88D112D2D64C77BC9"
"2141","PR-4119806-2689ECE8616D40ABB04582F524B754B7","AT","PR","4119806","2689ECE8616D40ABB04582F524B754B7","PR41198062689ECE8616D40ABB04582F524B754B7"
"2142","PR-4119806-CA23C8B691464628A45C6AEF1960ED77","AT","PR","4119806","CA23C8B691464628A45C6AEF1960ED77","PR4119806CA23C8B691464628A45C6AEF1960ED77"
"2143","PR-4119806-74478BF9A9664C05B5D2F89B59E03481","AT","PR","4119806","74478BF9A9664C05B5D2F89B59E03481","PR411980674478BF9A9664C05B5D2F89B59E03481"
"2144","PR-4119806-4F549156B8E5449DA9B524F030347BC6","AT","PR","4119806","4F549156B8E5449DA9B524F030347BC6","PR41198064F549156B8E5449DA9B524F030347BC6"
"2145","PR-4119806-AA0C534EEE8E4BFD926B8E7772852937","AT","PR","4119806","AA0C534EEE8E4BFD926B8E7772852937","PR4119806AA0C534EEE8E4BFD926B8E7772852937"
"2146","PR-4119806-28F9B1E302C247568642789C560C4892","AT","PR","4119806","28F9B1E302C247568642789C560C4892","PR411980628F9B1E302C247568642789C560C4892"
"2147","PR-4119806-A219B141DA32425385CDE5860150A0D8","AT","PR","4119806","A219B141DA32425385CDE5860150A0D8","PR4119806A219B141DA32425385CDE5860150A0D8"
"2148","PR-4119806-29FF149B8CA2444B9C24EEB1DEBFE5B7","AT","PR","4119806","29FF149B8CA2444B9C24EEB1DEBFE5B7","PR411980629FF149B8CA2444B9C24EEB1DEBFE5B7"
"2149","PR-4119806-AAC3AB8688AF444D83A1B925787ED9D5","AT","PR","4119806","AAC3AB8688AF444D83A1B925787ED9D5","PR4119806AAC3AB8688AF444D83A1B925787ED9D5"
"2150","PR-4119806-36E924994D5E462495E24C46CC52AE03","AT","PR","4119806","36E924994D5E462495E24C46CC52AE03","PR411980636E924994D5E462495E24C46CC52AE03"
"2151","PR-4119806-168DAF969C5A4B39B3E6E1DB6296EBD1","AT","PR","4119806","168DAF969C5A4B39B3E6E1DB6296EBD1","PR4119806168DAF969C5A4B39B3E6E1DB6296EBD1"
"2152","PR-4119806-201FEBB06ED84A1A9B9352F20058444A","AT","PR","4119806","201FEBB06ED84A1A9B9352F20058444A","PR4119806201FEBB06ED84A1A9B9352F20058444A"
"2153","PR-4119806-8275AFF07A3D41569E97E3BE048FF8A0","AT","PR","4119806","8275AFF07A3D41569E97E3BE048FF8A0","PR41198068275AFF07A3D41569E97E3BE048FF8A0"
"2154","PR-4119806-7D47EDA334264E5C8C8229FD0A2E0CC3","AT","PR","4119806","7D47EDA334264E5C8C8229FD0A2E0CC3","PR41198067D47EDA334264E5C8C8229FD0A2E0CC3"
"2155","PR-4119806-994AF3076CC54716AEFA43924DD82A8C","AT","PR","4119806","994AF3076CC54716AEFA43924DD82A8C","PR4119806994AF3076CC54716AEFA43924DD82A8C"
"2156","PR-4119806-F2EED16C7F154E9BB69A097D5D49D65C","AT","PR","4119806","F2EED16C7F154E9BB69A097D5D49D65C","PR4119806F2EED16C7F154E9BB69A097D5D49D65C"
"2157","PR-4119806-7249B62BABD746309FDA1B7633C75E76","AT","PR","4119806","7249B62BABD746309FDA1B7633C75E76","PR41198067249B62BABD746309FDA1B7633C75E76"
"2158","PR-4119806-2B141349A5F94F17992377B1B2B51D93","AT","PR","4119806","2B141349A5F94F17992377B1B2B51D93","PR41198062B141349A5F94F17992377B1B2B51D93"
"2159","PR-4119806-B42C73B3C6414E158538E5DD2E79DACD","AT","PR","4119806","B42C73B3C6414E158538E5DD2E79DACD","PR4119806B42C73B3C6414E158538E5DD2E79DACD"
"2160","PR-4119806-E77A51A510ED404082CD7977A3DE1AEE","AT","PR","4119806","E77A51A510ED404082CD7977A3DE1AEE","PR4119806E77A51A510ED404082CD7977A3DE1AEE"
"2161","PR-4119806-560EC0C2060E4971A3D4204A1F913FCF","AT","PR","4119806","560EC0C2060E4971A3D4204A1F913FCF","PR4119806560EC0C2060E4971A3D4204A1F913FCF"
"2162","PR-4119806-76FE513E94C64604885981DCD93AE0F8","AT","PR","4119806","76FE513E94C64604885981DCD93AE0F8","PR411980676FE513E94C64604885981DCD93AE0F8"
"2163","PR-4119806-2B8695B145AB4275A385522907EC9429","AT","PR","4119806","2B8695B145AB4275A385522907EC9429","PR41198062B8695B145AB4275A385522907EC9429"
"2164","PR-4119806-2B0B6A7CA24E4C6883F1D09554411598","AT","PR","4119806","2B0B6A7CA24E4C6883F1D09554411598","PR41198062B0B6A7CA24E4C6883F1D09554411598"
"2165","PR-4119806-BA22E66583DE475EA75345E54CDEF51F","AT","PR","4119806","BA22E66583DE475EA75345E54CDEF51F","PR4119806BA22E66583DE475EA75345E54CDEF51F"
"2166","PR-4119806-B349A0D4E41F476B9A089A621E44C52C","AT","PR","4119806","B349A0D4E41F476B9A089A621E44C52C","PR4119806B349A0D4E41F476B9A089A621E44C52C"
"2167","PR-4119806-757A74BE22AC4843A9DCCB8B4B3AE180","AT","PR","4119806","757A74BE22AC4843A9DCCB8B4B3AE180","PR4119806757A74BE22AC4843A9DCCB8B4B3AE180"
"2168","PR-4119806-CB637094EA7F45BC9C846B0FBCDAF302","AT","PR","4119806","CB637094EA7F45BC9C846B0FBCDAF302","PR4119806CB637094EA7F45BC9C846B0FBCDAF302"
"2169","PR-4119806-82F4632A36C94085848075195DDAAA71","AT","PR","4119806","82F4632A36C94085848075195DDAAA71","PR411980682F4632A36C94085848075195DDAAA71"
"2170","PR-4119806-E10E3D71CF194CD6B56641E0896840B1","AT","PR","4119806","E10E3D71CF194CD6B56641E0896840B1","PR4119806E10E3D71CF194CD6B56641E0896840B1"
"2171","PR-4119806-17077F40C99C448FB2587A5EEDBB765D","AT","PR","4119806","17077F40C99C448FB2587A5EEDBB765D","PR411980617077F40C99C448FB2587A5EEDBB765D"
"2172","PR-4119806-F5E666A1FFE74C2A94745BAE39BE05DC","AT","PR","4119806","F5E666A1FFE74C2A94745BAE39BE05DC","PR4119806F5E666A1FFE74C2A94745BAE39BE05DC"
"2173","PR-4119806-388D55A8E2AF4082BA50AB46CB1F00BD","AT","PR","4119806","388D55A8E2AF4082BA50AB46CB1F00BD","PR4119806388D55A8E2AF4082BA50AB46CB1F00BD"
"2174","PR-4119806-A472FAB603684A028AF1BFF61D649235","AT","PR","4119806","A472FAB603684A028AF1BFF61D649235","PR4119806A472FAB603684A028AF1BFF61D649235"
"2175","PR-4119806-46E8E7323DDE4F8C90E47611A4ED0164","AT","PR","4119806","46E8E7323DDE4F8C90E47611A4ED0164","PR411980646E8E7323DDE4F8C90E47611A4ED0164"
"2176","PR-4119806-6E78DD8AE788492B9E0C05C1525D423E","AT","PR","4119806","6E78DD8AE788492B9E0C05C1525D423E","PR41198066E78DD8AE788492B9E0C05C1525D423E"
"2177","PR-4119806-2C8BB9121B7C43029CC7B5F84B318860","AT","PR","4119806","2C8BB9121B7C43029CC7B5F84B318860","PR41198062C8BB9121B7C43029CC7B5F84B318860"
"2178","PR-4119806-7230CDE8CAB14058B1CEE0B269FB3816","AT","PR","4119806","7230CDE8CAB14058B1CEE0B269FB3816","PR41198067230CDE8CAB14058B1CEE0B269FB3816"
"2179","PR-4119806-065A0A5806D04ECBA93C29A9DDC4EF4E","AT","PR","4119806","065A0A5806D04ECBA93C29A9DDC4EF4E","PR4119806065A0A5806D04ECBA93C29A9DDC4EF4E"
"2180","PR-4119806-C46F7AE2A5AF404484A401C7AA86EE72","AT","PR","4119806","C46F7AE2A5AF404484A401C7AA86EE72","PR4119806C46F7AE2A5AF404484A401C7AA86EE72"
"2181","PR-4119806-582307439C764D7FB6EAFF596A393B5B","AT","PR","4119806","582307439C764D7FB6EAFF596A393B5B","PR4119806582307439C764D7FB6EAFF596A393B5B"
"2182","PR-4119806-BA7BD94E1C6D4869BD5D64F915DC31E3","AT","PR","4119806","BA7BD94E1C6D4869BD5D64F915DC31E3","PR4119806BA7BD94E1C6D4869BD5D64F915DC31E3"
"2183","PR-4119806-F35F57CF3DD44E2F9634FB65167EF5FD","AT","PR","4119806","F35F57CF3DD44E2F9634FB65167EF5FD","PR4119806F35F57CF3DD44E2F9634FB65167EF5FD"
"2184","PR-4119806-115EBAA0CB4D454DA3E458BBE4918606","AT","PR","4119806","115EBAA0CB4D454DA3E458BBE4918606","PR4119806115EBAA0CB4D454DA3E458BBE4918606"
"2185","PR-4119806-7333628CD3594C71AEE4EFE40DC43AC9","AT","PR","4119806","7333628CD3594C71AEE4EFE40DC43AC9","PR41198067333628CD3594C71AEE4EFE40DC43AC9"
"2186","PR-4119806-5092E22D0079449FB7BD7BD2F6C64355","AT","PR","4119806","5092E22D0079449FB7BD7BD2F6C64355","PR41198065092E22D0079449FB7BD7BD2F6C64355"
"2187","PR-4119806-5BC774B5EAEE4795B26E0560B78AAF4A","AT","PR","4119806","5BC774B5EAEE4795B26E0560B78AAF4A","PR41198065BC774B5EAEE4795B26E0560B78AAF4A"
"2188","PR-4119806-311CFE77AC284C4BB8BEBE4D6D2E8EFA","AT","PR","4119806","311CFE77AC284C4BB8BEBE4D6D2E8EFA","PR4119806311CFE77AC284C4BB8BEBE4D6D2E8EFA"
"2189","PR-4119806-1B4102A181B64C4882BBF28F2D1C6A99","AT","PR","4119806","1B4102A181B64C4882BBF28F2D1C6A99","PR41198061B4102A181B64C4882BBF28F2D1C6A99"
"2190","PR-4119806-7295052C737C4F30BC2372CFD51433B1","AT","PR","4119806","7295052C737C4F30BC2372CFD51433B1","PR41198067295052C737C4F30BC2372CFD51433B1"
"2191","PR-4119806-DE2AFE71009140EABF6CB84F37CE31CC","AT","PR","4119806","DE2AFE71009140EABF6CB84F37CE31CC","PR4119806DE2AFE71009140EABF6CB84F37CE31CC"
"2192","PR-4119806-634B021FC2FB4AEC85931189E2615C7D","AT","PR","4119806","634B021FC2FB4AEC85931189E2615C7D","PR4119806634B021FC2FB4AEC85931189E2615C7D"
"2193","PR-4119806-4AA6D82E5FA34B7BAE63E480DFD465B1","AT","PR","4119806","4AA6D82E5FA34B7BAE63E480DFD465B1","PR41198064AA6D82E5FA34B7BAE63E480DFD465B1"
"2194","PR-4119806-6FDC759222724B5297EB965D5B6DB44D","AT","PR","4119806","6FDC759222724B5297EB965D5B6DB44D","PR41198066FDC759222724B5297EB965D5B6DB44D"
"2195","PR-4119806-78CEBB1D31F24139BF13A27E3CEED79A","AT","PR","4119806","78CEBB1D31F24139BF13A27E3CEED79A","PR411980678CEBB1D31F24139BF13A27E3CEED79A"
"2196","PR-4119806-D004DDF0D65C4477B750634D8E8CA24B","AT","PR","4119806","D004DDF0D65C4477B750634D8E8CA24B","PR4119806D004DDF0D65C4477B750634D8E8CA24B"
"2197","PR-4119806-74D7F4D7496D4C0F8CDBFA18541ABFF7","AT","PR","4119806","74D7F4D7496D4C0F8CDBFA18541ABFF7","PR411980674D7F4D7496D4C0F8CDBFA18541ABFF7"
"2198","PR-4119806-33266D2816DE48EFB95EF48962B92852","AT","PR","4119806","33266D2816DE48EFB95EF48962B92852","PR411980633266D2816DE48EFB95EF48962B92852"
"2199","PR-4119806-5288B28BDAEF49B99F1708D4633DA414","AT","PR","4119806","5288B28BDAEF49B99F1708D4633DA414","PR41198065288B28BDAEF49B99F1708D4633DA414"
"2200","PR-4119806-B6090E31852F44A89737FD0C2BC21333","AT","PR","4119806","B6090E31852F44A89737FD0C2BC21333","PR4119806B6090E31852F44A89737FD0C2BC21333"
"2201","PR-4119806-7D745B7645D645F98B5D35818244D3B5","AT","PR","4119806","7D745B7645D645F98B5D35818244D3B5","PR41198067D745B7645D645F98B5D35818244D3B5"
"2202","PR-4119806-F1F059964BA54F22A9AEAB015A5990CB","AT","PR","4119806","F1F059964BA54F22A9AEAB015A5990CB","PR4119806F1F059964BA54F22A9AEAB015A5990CB"
"2203","PR-4119806-C4F7A9EB9C884E189D062C248790E76F","AT","PR","4119806","C4F7A9EB9C884E189D062C248790E76F","PR4119806C4F7A9EB9C884E189D062C248790E76F"
"2204","PR-4119806-6F1E1ABE35E54F44A0A92E1D1FDEB5B9","AT","PR","4119806","6F1E1ABE35E54F44A0A92E1D1FDEB5B9","PR41198066F1E1ABE35E54F44A0A92E1D1FDEB5B9"
"2205","PR-4119806-ABBF5FF7F8D74E32A5D730EE332266E4","AT","PR","4119806","ABBF5FF7F8D74E32A5D730EE332266E4","PR4119806ABBF5FF7F8D74E32A5D730EE332266E4"
"2206","PR-4119806-C3BD44B24F7740059C7EEB61740817F1","AT","PR","4119806","C3BD44B24F7740059C7EEB61740817F1","PR4119806C3BD44B24F7740059C7EEB61740817F1"
"2207","PR-4119806-59C2FEFE98DE4C309D4715E4A924A57D","AT","PR","4119806","59C2FEFE98DE4C309D4715E4A924A57D","PR411980659C2FEFE98DE4C309D4715E4A924A57D"
"2208","PR-4119806-957FC0332C164A9BB6C17B9504CA6414","AT","PR","4119806","957FC0332C164A9BB6C17B9504CA6414","PR4119806957FC0332C164A9BB6C17B9504CA6414"
"2209","PR-4119806-24D514034AC54469B36682958EB36B78","AT","PR","4119806","24D514034AC54469B36682958EB36B78","PR411980624D514034AC54469B36682958EB36B78"
"2210","PR-4119806-BD2FBECD976E4CF09B5626DFBA65244E","AT","PR","4119806","BD2FBECD976E4CF09B5626DFBA65244E","PR4119806BD2FBECD976E4CF09B5626DFBA65244E"
"2211","PR-4119806-864F7E9A8A3841ADBAC87E1CF5EF1162","AT","PR","4119806","864F7E9A8A3841ADBAC87E1CF5EF1162","PR4119806864F7E9A8A3841ADBAC87E1CF5EF1162"
"2212","PR-4119806-FB428052123843738395ACAE8A5B49AD","AT","PR","4119806","FB428052123843738395ACAE8A5B49AD","PR4119806FB428052123843738395ACAE8A5B49AD"
"2213","PR-4119806-3F6229646D52487AB6DF199CC989CDFF","AT","PR","4119806","3F6229646D52487AB6DF199CC989CDFF","PR41198063F6229646D52487AB6DF199CC989CDFF"
"2214","PR-4119806-A1249AD021B146FEABCD3ACAE2DF2F76","AT","PR","4119806","A1249AD021B146FEABCD3ACAE2DF2F76","PR4119806A1249AD021B146FEABCD3ACAE2DF2F76"
"2215","PR-4119806-742E69F2108D40E59DF85CAC917226D4","AT","PR","4119806","742E69F2108D40E59DF85CAC917226D4","PR4119806742E69F2108D40E59DF85CAC917226D4"
"2216","PR-4119806-8DFBF973E84D4CBB9F522E128F5AE2C8","AT","PR","4119806","8DFBF973E84D4CBB9F522E128F5AE2C8","PR41198068DFBF973E84D4CBB9F522E128F5AE2C8"
"2217","PR-4119806-CD58E9AD6D8F40549B6BFFAFAD8ED17C","AT","PR","4119806","CD58E9AD6D8F40549B6BFFAFAD8ED17C","PR4119806CD58E9AD6D8F40549B6BFFAFAD8ED17C"
"2218","PR-4119806-3600041794224DF9A76D8D0088555979","AT","PR","4119806","3600041794224DF9A76D8D0088555979","PR41198063600041794224DF9A76D8D0088555979"
"2219","PR-4119806-EC98D0CF7BEE44CFBD6AFA4233F5697B","AT","PR","4119806","EC98D0CF7BEE44CFBD6AFA4233F5697B","PR4119806EC98D0CF7BEE44CFBD6AFA4233F5697B"
"2220","PR-4119806-2F0CE8233BE2429BB45D9805F45EA94B","AT","PR","4119806","2F0CE8233BE2429BB45D9805F45EA94B","PR41198062F0CE8233BE2429BB45D9805F45EA94B"
"2221","PR-4119806-C1D7EB709C484E1289F43C83F8634F15","AT","PR","4119806","C1D7EB709C484E1289F43C83F8634F15","PR4119806C1D7EB709C484E1289F43C83F8634F15"
"2222","PR-4119806-A20192EB4EAA4286B2C737244AE37EDA","AT","PR","4119806","A20192EB4EAA4286B2C737244AE37EDA","PR4119806A20192EB4EAA4286B2C737244AE37EDA"
"2223","PR-4119806-DC2516A708C44BA7897B88E9CEE19D92","AT","PR","4119806","DC2516A708C44BA7897B88E9CEE19D92","PR4119806DC2516A708C44BA7897B88E9CEE19D92"
"2224","PR-4119806-C932D4703C22445EB957812BE79CAEB3","AT","PR","4119806","C932D4703C22445EB957812BE79CAEB3","PR4119806C932D4703C22445EB957812BE79CAEB3"
"2225","PR-4119806-7F5A51D2C1F24417A80E5CF9F7FE6A15","AT","PR","4119806","7F5A51D2C1F24417A80E5CF9F7FE6A15","PR41198067F5A51D2C1F24417A80E5CF9F7FE6A15"
"2226","PR-4119806-DFA6442F217D4FEF961E8D0E1983588E","AT","PR","4119806","DFA6442F217D4FEF961E8D0E1983588E","PR4119806DFA6442F217D4FEF961E8D0E1983588E"
"2227","PR-4119806-9E7A2771E9074B49B06FD5EEF279793A","AT","PR","4119806","9E7A2771E9074B49B06FD5EEF279793A","PR41198069E7A2771E9074B49B06FD5EEF279793A"
"2228","PR-4119806-80B80148B12C44E0942F9656067FBC89","AT","PR","4119806","80B80148B12C44E0942F9656067FBC89","PR411980680B80148B12C44E0942F9656067FBC89"
"2229","PR-4119806-BE8D48A01FDD45D6A241A914DD4624BC","AT","PR","4119806","BE8D48A01FDD45D6A241A914DD4624BC","PR4119806BE8D48A01FDD45D6A241A914DD4624BC"
"2230","PR-4119806-F8FCD92B16394B09B8C31752BF449456","AT","PR","4119806","F8FCD92B16394B09B8C31752BF449456","PR4119806F8FCD92B16394B09B8C31752BF449456"
"2231","PR-4119806-FD21DB987CAD462C952817F2A6039106","AT","PR","4119806","FD21DB987CAD462C952817F2A6039106","PR4119806FD21DB987CAD462C952817F2A6039106"
"2232","PR-4119806-F8C1E663F3F04143AFF5AF0A4C9D652C","AT","PR","4119806","F8C1E663F3F04143AFF5AF0A4C9D652C","PR4119806F8C1E663F3F04143AFF5AF0A4C9D652C"
"2233","PR-4119806-F01359908D994FF79148DE4620773F78","AT","PR","4119806","F01359908D994FF79148DE4620773F78","PR4119806F01359908D994FF79148DE4620773F78"
"2234","PR-4119806-23045F53D26244329770EB038F70C045","AT","PR","4119806","23045F53D26244329770EB038F70C045","PR411980623045F53D26244329770EB038F70C045"
"2235","PR-4119806-04E44E62E51C4649BCB6EBB64487F1B5","AT","PR","4119806","04E44E62E51C4649BCB6EBB64487F1B5","PR411980604E44E62E51C4649BCB6EBB64487F1B5"
"2236","PR-4119806-4AC45F7535174E09B5F05ECDE7775202","AT","PR","4119806","4AC45F7535174E09B5F05ECDE7775202","PR41198064AC45F7535174E09B5F05ECDE7775202"
"2237","PR-4119806-84655BAADB17406FA5B3EE3838D5F919","AT","PR","4119806","84655BAADB17406FA5B3EE3838D5F919","PR411980684655BAADB17406FA5B3EE3838D5F919"
"2238","PR-4119806-F2B0DA243E094DFA997345D55F31C67A","AT","PR","4119806","F2B0DA243E094DFA997345D55F31C67A","PR4119806F2B0DA243E094DFA997345D55F31C67A"
"2239","PR-4119806-0CF1BBEF656A433FB21F55DA186A0C10","AT","PR","4119806","0CF1BBEF656A433FB21F55DA186A0C10","PR41198060CF1BBEF656A433FB21F55DA186A0C10"
"2240","PR-4119806-875B911F70BC481F9D435324DE20E6DC","AT","PR","4119806","875B911F70BC481F9D435324DE20E6DC","PR4119806875B911F70BC481F9D435324DE20E6DC"
"2241","PR-4119806-536563CD908E4489887A403B010CC0A9","AT","PR","4119806","536563CD908E4489887A403B010CC0A9","PR4119806536563CD908E4489887A403B010CC0A9"
"2242","PR-4119806-0C0357406E9E4762B93581A83DFC6196","AT","PR","4119806","0C0357406E9E4762B93581A83DFC6196","PR41198060C0357406E9E4762B93581A83DFC6196"
"2243","PR-4119806-4E7EA8C3C53E47DCB54E58B7B62FC9F4","AT","PR","4119806","4E7EA8C3C53E47DCB54E58B7B62FC9F4","PR41198064E7EA8C3C53E47DCB54E58B7B62FC9F4"
"2244","PR-4119806-9FDCA46054A149C5B51EF71EDC342FFF","AT","PR","4119806","9FDCA46054A149C5B51EF71EDC342FFF","PR41198069FDCA46054A149C5B51EF71EDC342FFF"
"2245","PR-4119806-35E26E6A2FE14D208EB7919427337487","AT","PR","4119806","35E26E6A2FE14D208EB7919427337487","PR411980635E26E6A2FE14D208EB7919427337487"
"2246","PR-4119806-8ECB805D429245838898B047293A896E","AT","PR","4119806","8ECB805D429245838898B047293A896E","PR41198068ECB805D429245838898B047293A896E"
"2247","PR-4119806-D96A072DEA92430C8213D37ED3A9E0CE","AT","PR","4119806","D96A072DEA92430C8213D37ED3A9E0CE","PR4119806D96A072DEA92430C8213D37ED3A9E0CE"
"2248","PR-4119806-EF70BFBF55AE490695F84CEA4BD170A8","AT","PR","4119806","EF70BFBF55AE490695F84CEA4BD170A8","PR4119806EF70BFBF55AE490695F84CEA4BD170A8"
"2249","PR-4119806-7E337B9FA93F455EB312E1E9B22F3C1E","AT","PR","4119806","7E337B9FA93F455EB312E1E9B22F3C1E","PR41198067E337B9FA93F455EB312E1E9B22F3C1E"
"2250","PR-4119806-B5B96336BF904C97B3835173024B695C","AT","PR","4119806","B5B96336BF904C97B3835173024B695C","PR4119806B5B96336BF904C97B3835173024B695C"
"2251","PR-4119806-0EDA20B70A9246D5AC8CEC389EA4BBB9","AT","PR","4119806","0EDA20B70A9246D5AC8CEC389EA4BBB9","PR41198060EDA20B70A9246D5AC8CEC389EA4BBB9"
"2252","PR-4119806-B6D57D311D9B4A04A5E5FC167759B988","AT","PR","4119806","B6D57D311D9B4A04A5E5FC167759B988","PR4119806B6D57D311D9B4A04A5E5FC167759B988"
"2253","PR-4119806-9BD695D146604CCC8D162111971BD2AE","AT","PR","4119806","9BD695D146604CCC8D162111971BD2AE","PR41198069BD695D146604CCC8D162111971BD2AE"
"2254","PR-4119806-88ED9533B6F141A692AECB31B0A12464","AT","PR","4119806","88ED9533B6F141A692AECB31B0A12464","PR411980688ED9533B6F141A692AECB31B0A12464"
"2255","PR-4119806-F81B5053D8A948F8A321E67A5A8B3FB9","AT","PR","4119806","F81B5053D8A948F8A321E67A5A8B3FB9","PR4119806F81B5053D8A948F8A321E67A5A8B3FB9"
"2256","PR-4119806-34A3B560B67D48B39F4160F1D3241FF4","AT","PR","4119806","34A3B560B67D48B39F4160F1D3241FF4","PR411980634A3B560B67D48B39F4160F1D3241FF4"
"2257","PR-4119806-4ECB77136B79438F8DDEBE8CBF56D0A0","AT","PR","4119806","4ECB77136B79438F8DDEBE8CBF56D0A0","PR41198064ECB77136B79438F8DDEBE8CBF56D0A0"
"2258","PR-4119806-08CA0CEA440C45F4AD0AB77019834783","AT","PR","4119806","08CA0CEA440C45F4AD0AB77019834783","PR411980608CA0CEA440C45F4AD0AB77019834783"
"2259","PR-4119806-94CAC555783D441382C20F7D490E69B4","AT","PR","4119806","94CAC555783D441382C20F7D490E69B4","PR411980694CAC555783D441382C20F7D490E69B4"
"2260","PR-4119806-4D3DACE504BA4B78A3DDFA20F59AC9F5","AT","PR","4119806","4D3DACE504BA4B78A3DDFA20F59AC9F5","PR41198064D3DACE504BA4B78A3DDFA20F59AC9F5"
"2261","PR-4119806-AF79CF68DAB24E1487C2A54AD03D25AE","AT","PR","4119806","AF79CF68DAB24E1487C2A54AD03D25AE","PR4119806AF79CF68DAB24E1487C2A54AD03D25AE"
"2262","PR-4119806-3E4532E6C52541DDAD9394A56B644631","AT","PR","4119806","3E4532E6C52541DDAD9394A56B644631","PR41198063E4532E6C52541DDAD9394A56B644631"
"2263","PR-4119806-7670ED0214344BD88EEB06350D4F9101","AT","PR","4119806","7670ED0214344BD88EEB06350D4F9101","PR41198067670ED0214344BD88EEB06350D4F9101"
"2264","PR-4119806-90758F92AD1A4ACDB72E82AEF21EE7A8","AT","PR","4119806","90758F92AD1A4ACDB72E82AEF21EE7A8","PR411980690758F92AD1A4ACDB72E82AEF21EE7A8"
"2265","PR-4119806-952A2BC831F340729C3676FF43570B34","AT","PR","4119806","952A2BC831F340729C3676FF43570B34","PR4119806952A2BC831F340729C3676FF43570B34"
"2266","PR-4119806-7DE0536DE6624D47828980248A108BBC","AT","PR","4119806","7DE0536DE6624D47828980248A108BBC","PR41198067DE0536DE6624D47828980248A108BBC"
"2267","PR-4119806-9E422E2DADEB45E0BF22506853C10CB2","AT","PR","4119806","9E422E2DADEB45E0BF22506853C10CB2","PR41198069E422E2DADEB45E0BF22506853C10CB2"
"2268","PR-4119806-94BB8DEADE344FEB8252B3BDC57CABAD","AT","PR","4119806","94BB8DEADE344FEB8252B3BDC57CABAD","PR411980694BB8DEADE344FEB8252B3BDC57CABAD"
"2269","PR-4119806-E9195E9D181B4C6FAFD5E93A4AD2709E","AT","PR","4119806","E9195E9D181B4C6FAFD5E93A4AD2709E","PR4119806E9195E9D181B4C6FAFD5E93A4AD2709E"
"2270","PR-4119806-79F705E81CEC4F04934B4C21D3B5509D","AT","PR","4119806","79F705E81CEC4F04934B4C21D3B5509D","PR411980679F705E81CEC4F04934B4C21D3B5509D"
"2271","PR-4119806-ACF98030DEA34C56A1459B8F3421B496","AT","PR","4119806","ACF98030DEA34C56A1459B8F3421B496","PR4119806ACF98030DEA34C56A1459B8F3421B496"
"2272","PR-4119806-649971D4D11546B2945F152455EE104A","AT","PR","4119806","649971D4D11546B2945F152455EE104A","PR4119806649971D4D11546B2945F152455EE104A"
"2273","PR-4119806-7B8A45046DA84E3F9A915961124F2082","AT","PR","4119806","7B8A45046DA84E3F9A915961124F2082","PR41198067B8A45046DA84E3F9A915961124F2082"
"2274","PR-4119806-0938DCF1201A4787BC3FE67B666BBE4E","AT","PR","4119806","0938DCF1201A4787BC3FE67B666BBE4E","PR41198060938DCF1201A4787BC3FE67B666BBE4E"
"2275","PR-4119806-6D122499641A4C888D0E5E7880522041","AT","PR","4119806","6D122499641A4C888D0E5E7880522041","PR41198066D122499641A4C888D0E5E7880522041"
"2276","PR-4119806-604F03A737554AAFB7E307002856F4EE","AT","PR","4119806","604F03A737554AAFB7E307002856F4EE","PR4119806604F03A737554AAFB7E307002856F4EE"
"2277","PR-4119806-9603D87A091A46258C812DF8BE159C9B","AT","PR","4119806","9603D87A091A46258C812DF8BE159C9B","PR41198069603D87A091A46258C812DF8BE159C9B"
"2278","PR-4119806-A94A57CB2FAE4805BAE4A2149BAE6F33","AT","PR","4119806","A94A57CB2FAE4805BAE4A2149BAE6F33","PR4119806A94A57CB2FAE4805BAE4A2149BAE6F33"
"2279","PR-4119806-57D2B07070D34A6C9D4C7EA422958460","AT","PR","4119806","57D2B07070D34A6C9D4C7EA422958460","PR411980657D2B07070D34A6C9D4C7EA422958460"
"2280","PR-4119806-91E95564BFA54BA5AFC9F61B65773657","AT","PR","4119806","91E95564BFA54BA5AFC9F61B65773657","PR411980691E95564BFA54BA5AFC9F61B65773657"
"2281","PR-4119806-8BC95D8FF6DA4E12877DD5715FC45A79","AT","PR","4119806","8BC95D8FF6DA4E12877DD5715FC45A79","PR41198068BC95D8FF6DA4E12877DD5715FC45A79"
"2282","PR-4119806-F5AEFAD633AB4D949BF2E57BFCEAC2A5","AT","PR","4119806","F5AEFAD633AB4D949BF2E57BFCEAC2A5","PR4119806F5AEFAD633AB4D949BF2E57BFCEAC2A5"
"2283","PR-4119806-EEA9BC5A376C4E3ABEB51DA87296DA3C","AT","PR","4119806","EEA9BC5A376C4E3ABEB51DA87296DA3C","PR4119806EEA9BC5A376C4E3ABEB51DA87296DA3C"
"2284","PR-4119806-8CA7D19C2F2743A8B792BBF4330F44B1","AT","PR","4119806","8CA7D19C2F2743A8B792BBF4330F44B1","PR41198068CA7D19C2F2743A8B792BBF4330F44B1"
"2285","PR-4119806-F5D44576F7C742039275ACD274350DE1","AT","PR","4119806","F5D44576F7C742039275ACD274350DE1","PR4119806F5D44576F7C742039275ACD274350DE1"
"2286","PR-4119806-1CDE572BB6A84C239148CF0D9403E86B","AT","PR","4119806","1CDE572BB6A84C239148CF0D9403E86B","PR41198061CDE572BB6A84C239148CF0D9403E86B"
"2287","PR-4119806-A20F00B603FC4020B5364A83D4266A7D","AT","PR","4119806","A20F00B603FC4020B5364A83D4266A7D","PR4119806A20F00B603FC4020B5364A83D4266A7D"
"2288","PR-4119806-8B1B0D8CB16748AA95ADA4557430CE26","AT","PR","4119806","8B1B0D8CB16748AA95ADA4557430CE26","PR41198068B1B0D8CB16748AA95ADA4557430CE26"
"2289","PR-4119806-EDFBA41E76D248DDAD9EB4FAFE72ABB7","AT","PR","4119806","EDFBA41E76D248DDAD9EB4FAFE72ABB7","PR4119806EDFBA41E76D248DDAD9EB4FAFE72ABB7"
"2290","PR-4119806-F406630F3FA04743A5707936E6B6BB4D","AT","PR","4119806","F406630F3FA04743A5707936E6B6BB4D","PR4119806F406630F3FA04743A5707936E6B6BB4D"
"2291","PR-4119806-00CFE0B834404FECA91CFD335395AA56","AT","PR","4119806","00CFE0B834404FECA91CFD335395AA56","PR411980600CFE0B834404FECA91CFD335395AA56"
"2292","PR-4119806-6DE08520EFDA4E84807C1480AFA73699","AT","PR","4119806","6DE08520EFDA4E84807C1480AFA73699","PR41198066DE08520EFDA4E84807C1480AFA73699"
"2293","PR-4119806-51EE46DBC8A845D09D8F64F36A5B9240","AT","PR","4119806","51EE46DBC8A845D09D8F64F36A5B9240","PR411980651EE46DBC8A845D09D8F64F36A5B9240"
"2294","PR-4119806-85E253113095423F94AE259D2A91755F","AT","PR","4119806","85E253113095423F94AE259D2A91755F","PR411980685E253113095423F94AE259D2A91755F"
"2295","PR-4119806-708F6416B6D940698572C6EFFDF453A8","AT","PR","4119806","708F6416B6D940698572C6EFFDF453A8","PR4119806708F6416B6D940698572C6EFFDF453A8"
"2296","PR-4119806-CBEDB348C7A943C6AA57EBBFAB99DF96","AT","PR","4119806","CBEDB348C7A943C6AA57EBBFAB99DF96","PR4119806CBEDB348C7A943C6AA57EBBFAB99DF96"
"2297","PR-4119806-98670E5F3BE84DEC9F8A2AC4522269A0","AT","PR","4119806","98670E5F3BE84DEC9F8A2AC4522269A0","PR411980698670E5F3BE84DEC9F8A2AC4522269A0"
"2298","PR-4119806-8EC6BF5D69D649A49CDDB75DD66BFD57","AT","PR","4119806","8EC6BF5D69D649A49CDDB75DD66BFD57","PR41198068EC6BF5D69D649A49CDDB75DD66BFD57"
"2299","PR-4119806-48A9B4664AF54F13B768C210DD33FD17","AT","PR","4119806","48A9B4664AF54F13B768C210DD33FD17","PR411980648A9B4664AF54F13B768C210DD33FD17"
"2300","PR-4119806-49FA2E31A11B48EA9DEE5FE919F3B294","AT","PR","4119806","49FA2E31A11B48EA9DEE5FE919F3B294","PR411980649FA2E31A11B48EA9DEE5FE919F3B294"
"2301","PR-4119806-BA6B6E23EC40453DA28B6F0F4C354922","AT","PR","4119806","BA6B6E23EC40453DA28B6F0F4C354922","PR4119806BA6B6E23EC40453DA28B6F0F4C354922"
"2302","PR-4119806-EC4C0F582DB64BBF851F18DE7A267054","AT","PR","4119806","EC4C0F582DB64BBF851F18DE7A267054","PR4119806EC4C0F582DB64BBF851F18DE7A267054"
"2303","PR-4119806-0B3F5361E3164B41A4538431998247ED","AT","PR","4119806","0B3F5361E3164B41A4538431998247ED","PR41198060B3F5361E3164B41A4538431998247ED"
"2304","PR-4119806-C9A22547CED34BE8A9AB8F9782DB9590","AT","PR","4119806","C9A22547CED34BE8A9AB8F9782DB9590","PR4119806C9A22547CED34BE8A9AB8F9782DB9590"
"2305","PR-4119806-9F53D7AB74924F0D9A7CC90E7F32738D","AT","PR","4119806","9F53D7AB74924F0D9A7CC90E7F32738D","PR41198069F53D7AB74924F0D9A7CC90E7F32738D"
"2306","PR-4119806-706EB167681A4AFA978E6510B2A6D5CD","AT","PR","4119806","706EB167681A4AFA978E6510B2A6D5CD","PR4119806706EB167681A4AFA978E6510B2A6D5CD"
"2307","PR-4119806-AA9A45B9B7134868A937D0B8C8252ECE","AT","PR","4119806","AA9A45B9B7134868A937D0B8C8252ECE","PR4119806AA9A45B9B7134868A937D0B8C8252ECE"
"2308","PR-4119806-4DFEFFBC636E46318F6CCA61D155C67B","AT","PR","4119806","4DFEFFBC636E46318F6CCA61D155C67B","PR41198064DFEFFBC636E46318F6CCA61D155C67B"
"2309","PR-4119806-FCC39A630AD9480383042E9C14B3347D","AT","PR","4119806","FCC39A630AD9480383042E9C14B3347D","PR4119806FCC39A630AD9480383042E9C14B3347D"
"2310","PR-4119806-375AD2BE60B34C63B6DC65E3FB0F9CAA","AT","PR","4119806","375AD2BE60B34C63B6DC65E3FB0F9CAA","PR4119806375AD2BE60B34C63B6DC65E3FB0F9CAA"
"2311","PR-4119806-4C45CCE1E5784A049EB697AB122792BB","AT","PR","4119806","4C45CCE1E5784A049EB697AB122792BB","PR41198064C45CCE1E5784A049EB697AB122792BB"
"2312","PR-4119806-447B95DADE62426091B58C71F0FEDDC1","AT","PR","4119806","447B95DADE62426091B58C71F0FEDDC1","PR4119806447B95DADE62426091B58C71F0FEDDC1"
"2313","PR-4119806-AB0655AB9FAD4B3FAAA0A271DE7DE17E","AT","PR","4119806","AB0655AB9FAD4B3FAAA0A271DE7DE17E","PR4119806AB0655AB9FAD4B3FAAA0A271DE7DE17E"
"2314","PR-4119806-99AFBA3139A149D285A6567430D414BF","AT","PR","4119806","99AFBA3139A149D285A6567430D414BF","PR411980699AFBA3139A149D285A6567430D414BF"
"2315","PR-4119806-612C323650804FBD94E2571601337774","AT","PR","4119806","612C323650804FBD94E2571601337774","PR4119806612C323650804FBD94E2571601337774"
"2316","PR-4119806-E4FAC53A50BC450A924E61E2CC5D487B","AT","PR","4119806","E4FAC53A50BC450A924E61E2CC5D487B","PR4119806E4FAC53A50BC450A924E61E2CC5D487B"
"2317","PR-4119806-176D4FE4ABCE41B49449E0DD56962126","AT","PR","4119806","176D4FE4ABCE41B49449E0DD56962126","PR4119806176D4FE4ABCE41B49449E0DD56962126"
"2318","PR-4119806-0AA529ED22644E5CA31D676FF80CBA2D","AT","PR","4119806","0AA529ED22644E5CA31D676FF80CBA2D","PR41198060AA529ED22644E5CA31D676FF80CBA2D"
"2319","PR-4119806-B833E9E2652542BABF4EA05953E880B3","AT","PR","4119806","B833E9E2652542BABF4EA05953E880B3","PR4119806B833E9E2652542BABF4EA05953E880B3"
"2320","PR-4119806-0BA75E2F8D8047748A7C104DFF9EF77D","AT","PR","4119806","0BA75E2F8D8047748A7C104DFF9EF77D","PR41198060BA75E2F8D8047748A7C104DFF9EF77D"
"2321","PR-4119806-9CB6C7C0C1C94E68B42C3E8507DB346F","AT","PR","4119806","9CB6C7C0C1C94E68B42C3E8507DB346F","PR41198069CB6C7C0C1C94E68B42C3E8507DB346F"
"2322","PR-4119806-C7E62E0C270D4642AEF53E192119E917","AT","PR","4119806","C7E62E0C270D4642AEF53E192119E917","PR4119806C7E62E0C270D4642AEF53E192119E917"
"2323","PR-4119806-F1E4998E574E472EA2479C874A8E47ED","AT","PR","4119806","F1E4998E574E472EA2479C874A8E47ED","PR4119806F1E4998E574E472EA2479C874A8E47ED"
"2324","PR-4119806-9BBFE136D35B481A85D63E3FEC3ED846","AT","PR","4119806","9BBFE136D35B481A85D63E3FEC3ED846","PR41198069BBFE136D35B481A85D63E3FEC3ED846"
"2325","PR-4119806-7098A01F46DC4DABA1C69A125C472A1A","AT","PR","4119806","7098A01F46DC4DABA1C69A125C472A1A","PR41198067098A01F46DC4DABA1C69A125C472A1A"
"2326","PR-4119806-CA8ABC56A5DF4E509DEA9B9CA0140B2C","AT","PR","4119806","CA8ABC56A5DF4E509DEA9B9CA0140B2C","PR4119806CA8ABC56A5DF4E509DEA9B9CA0140B2C"
"2327","PR-4119806-A243338A4C8A43E8BC59122F4E0C571F","AT","PR","4119806","A243338A4C8A43E8BC59122F4E0C571F","PR4119806A243338A4C8A43E8BC59122F4E0C571F"
"2328","PR-4119806-857A773FB7CA49A09084E6BDAF77DD78","AT","PR","4119806","857A773FB7CA49A09084E6BDAF77DD78","PR4119806857A773FB7CA49A09084E6BDAF77DD78"
"2329","PR-4119806-0BE975B30D704BDC8FE000328BCEA402","AT","PR","4119806","0BE975B30D704BDC8FE000328BCEA402","PR41198060BE975B30D704BDC8FE000328BCEA402"
"2330","PR-4119806-DC0B38BC2456489B9D2C92904DB155D1","AT","PR","4119806","DC0B38BC2456489B9D2C92904DB155D1","PR4119806DC0B38BC2456489B9D2C92904DB155D1"
"2331","PR-4119806-F828B7B3F97C4E5682929A2F98566F90","AT","PR","4119806","F828B7B3F97C4E5682929A2F98566F90","PR4119806F828B7B3F97C4E5682929A2F98566F90"
"2332","PR-4119806-D234721C26AF4A40B30C1D47D43B7464","AT","PR","4119806","D234721C26AF4A40B30C1D47D43B7464","PR4119806D234721C26AF4A40B30C1D47D43B7464"
"2333","PR-4119806-3B789CB97B2248AA9A4FE36723AA8839","AT","PR","4119806","3B789CB97B2248AA9A4FE36723AA8839","PR41198063B789CB97B2248AA9A4FE36723AA8839"
"2334","PR-4119806-955A041AFB7945D8A8440D9AE1592838","AT","PR","4119806","955A041AFB7945D8A8440D9AE1592838","PR4119806955A041AFB7945D8A8440D9AE1592838"
"2335","PR-4119806-666CCD19381B4FF7923B7B0840DF1798","AT","PR","4119806","666CCD19381B4FF7923B7B0840DF1798","PR4119806666CCD19381B4FF7923B7B0840DF1798"
"2336","PR-4119806-9F23FFAA83AB48B09CD52A94E222FBA0","AT","PR","4119806","9F23FFAA83AB48B09CD52A94E222FBA0","PR41198069F23FFAA83AB48B09CD52A94E222FBA0"
"2337","PR-4119806-0B2ECEF249AF4AF0A65ED8C9948A14C8","AT","PR","4119806","0B2ECEF249AF4AF0A65ED8C9948A14C8","PR41198060B2ECEF249AF4AF0A65ED8C9948A14C8"
"2338","PR-4119806-BC27D93492DB4D8A80272C84A3CB76E3","AT","PR","4119806","BC27D93492DB4D8A80272C84A3CB76E3","PR4119806BC27D93492DB4D8A80272C84A3CB76E3"
"2339","PR-4119806-B717EECBC44B4E31BC0CB7C6B2A70190","AT","PR","4119806","B717EECBC44B4E31BC0CB7C6B2A70190","PR4119806B717EECBC44B4E31BC0CB7C6B2A70190"
"2340","PR-4119806-54F74B14367E42ECBF98AFF3DF934838","AT","PR","4119806","54F74B14367E42ECBF98AFF3DF934838","PR411980654F74B14367E42ECBF98AFF3DF934838"
"2341","PR-4119806-794D4CAAFD874848AA30AA16805EF4F1","AT","PR","4119806","794D4CAAFD874848AA30AA16805EF4F1","PR4119806794D4CAAFD874848AA30AA16805EF4F1"
"2342","PR-4119806-FA8C101D53F0479288A76F1BEE975813","AT","PR","4119806","FA8C101D53F0479288A76F1BEE975813","PR4119806FA8C101D53F0479288A76F1BEE975813"
"2343","PR-4119806-A0E810D8A72F40378900FDC519650FF4","AT","PR","4119806","A0E810D8A72F40378900FDC519650FF4","PR4119806A0E810D8A72F40378900FDC519650FF4"
"2344","PR-4119806-1D70C3C3C96C4428BA57905874F0CC23","AT","PR","4119806","1D70C3C3C96C4428BA57905874F0CC23","PR41198061D70C3C3C96C4428BA57905874F0CC23"
"2345","PR-4119806-0EF582DFB8BA4015A6383E6952523DB9","AT","PR","4119806","0EF582DFB8BA4015A6383E6952523DB9","PR41198060EF582DFB8BA4015A6383E6952523DB9"
"2346","PR-4119806-55645EF734374E57AAE53E6DC7DA30E7","AT","PR","4119806","55645EF734374E57AAE53E6DC7DA30E7","PR411980655645EF734374E57AAE53E6DC7DA30E7"
"2347","PR-4119806-E2FDB73497A64A02BD7148DFA1535EC5","AT","PR","4119806","E2FDB73497A64A02BD7148DFA1535EC5","PR4119806E2FDB73497A64A02BD7148DFA1535EC5"
"2348","PR-4119806-823CE8DE6A574624B062605D519D2481","AT","PR","4119806","823CE8DE6A574624B062605D519D2481","PR4119806823CE8DE6A574624B062605D519D2481"
"2349","PR-4119806-2D97B7472A0843C1A557683C74AA6B32","AT","PR","4119806","2D97B7472A0843C1A557683C74AA6B32","PR41198062D97B7472A0843C1A557683C74AA6B32"
"2350","PR-4119806-EBFDB511454141AAB7FBCD42E06533F8","AT","PR","4119806","EBFDB511454141AAB7FBCD42E06533F8","PR4119806EBFDB511454141AAB7FBCD42E06533F8"
"2351","PR-4119806-1992F7AF99B941358B4B339CE80E308F","AT","PR","4119806","1992F7AF99B941358B4B339CE80E308F","PR41198061992F7AF99B941358B4B339CE80E308F"
"2352","PR-4119806-55B245E633BA4F98A7EBCB237B72E977","AT","PR","4119806","55B245E633BA4F98A7EBCB237B72E977","PR411980655B245E633BA4F98A7EBCB237B72E977"
"2353","PR-4119806-2687126316B54A5B9CFEE67779E5AA15","AT","PR","4119806","2687126316B54A5B9CFEE67779E5AA15","PR41198062687126316B54A5B9CFEE67779E5AA15"
"2354","PR-4119806-F7C969DB2E294625BCB7ED53A2539BD2","AT","PR","4119806","F7C969DB2E294625BCB7ED53A2539BD2","PR4119806F7C969DB2E294625BCB7ED53A2539BD2"
"2355","PR-4119806-E0F2060DFE7544F8A1F843D1CBFD3B78","AT","PR","4119806","E0F2060DFE7544F8A1F843D1CBFD3B78","PR4119806E0F2060DFE7544F8A1F843D1CBFD3B78"
"2356","PR-4119806-2A43EB0A591B46FAAFB4166DC85B2337","AT","PR","4119806","2A43EB0A591B46FAAFB4166DC85B2337","PR41198062A43EB0A591B46FAAFB4166DC85B2337"
"2357","PR-4119806-E8B8BB933D6E4DAE8671186F3527A0A4","AT","PR","4119806","E8B8BB933D6E4DAE8671186F3527A0A4","PR4119806E8B8BB933D6E4DAE8671186F3527A0A4"
"2358","PR-4119806-327525BA017248F9839D7994C27A8090","AT","PR","4119806","327525BA017248F9839D7994C27A8090","PR4119806327525BA017248F9839D7994C27A8090"
"2359","PR-4119806-6DB9E00DA30D480D91D380749A40469E","AT","PR","4119806","6DB9E00DA30D480D91D380749A40469E","PR41198066DB9E00DA30D480D91D380749A40469E"
"2360","PR-4119806-ED40488911EC48208A0344D65196B6F2","AT","PR","4119806","ED40488911EC48208A0344D65196B6F2","PR4119806ED40488911EC48208A0344D65196B6F2"
"2361","PR-4119806-A5AD1078A1C74923893D90447542151A","AT","PR","4119806","A5AD1078A1C74923893D90447542151A","PR4119806A5AD1078A1C74923893D90447542151A"
"2362","PR-4119806-AEB41BC5808C431497824C7A4AFA4F6C","AT","PR","4119806","AEB41BC5808C431497824C7A4AFA4F6C","PR4119806AEB41BC5808C431497824C7A4AFA4F6C"
"2363","PR-4119806-E3B33567DEF949849656F4237B2AA17A","AT","PR","4119806","E3B33567DEF949849656F4237B2AA17A","PR4119806E3B33567DEF949849656F4237B2AA17A"
"2364","PR-4119806-E3C3C71FE8BB4421A6300EB2940F4CD1","AT","PR","4119806","E3C3C71FE8BB4421A6300EB2940F4CD1","PR4119806E3C3C71FE8BB4421A6300EB2940F4CD1"
"2365","PR-4119806-D00D5D41D791424AB9613017F80A7E36","AT","PR","4119806","D00D5D41D791424AB9613017F80A7E36","PR4119806D00D5D41D791424AB9613017F80A7E36"
"2366","PR-4119806-8946EF88313E4A5C82F69B4854979A3C","AT","PR","4119806","8946EF88313E4A5C82F69B4854979A3C","PR41198068946EF88313E4A5C82F69B4854979A3C"
"2367","PR-4119806-C2B66BB9B22A4DFDB595F7677F4A7351","AT","PR","4119806","C2B66BB9B22A4DFDB595F7677F4A7351","PR4119806C2B66BB9B22A4DFDB595F7677F4A7351"
"2368","PR-4119806-27ED8315FED744558A869C69D47F10D0","AT","PR","4119806","27ED8315FED744558A869C69D47F10D0","PR411980627ED8315FED744558A869C69D47F10D0"
"2369","PR-4119806-9BBF2A223C8740FA82BDFE6CB1A856E0","AT","PR","4119806","9BBF2A223C8740FA82BDFE6CB1A856E0","PR41198069BBF2A223C8740FA82BDFE6CB1A856E0"
"2370","PR-4119806-395D2CA3547A4B5B914CF19212F20A53","AT","PR","4119806","395D2CA3547A4B5B914CF19212F20A53","PR4119806395D2CA3547A4B5B914CF19212F20A53"
"2371","PR-4119806-87BDDF39EC8E424EA40D7631E98D4F4E","AT","PR","4119806","87BDDF39EC8E424EA40D7631E98D4F4E","PR411980687BDDF39EC8E424EA40D7631E98D4F4E"
"2372","PR-4119806-986EA0E1F96A42AE99CA8B3B21B396C0","AT","PR","4119806","986EA0E1F96A42AE99CA8B3B21B396C0","PR4119806986EA0E1F96A42AE99CA8B3B21B396C0"
"2373","PR-4119806-D1F82694AC3D4E369099EC80C63E98C3","AT","PR","4119806","D1F82694AC3D4E369099EC80C63E98C3","PR4119806D1F82694AC3D4E369099EC80C63E98C3"
"2374","PR-4119806-8FEB73E2625B4C9B9CF9A484758CB85C","AT","PR","4119806","8FEB73E2625B4C9B9CF9A484758CB85C","PR41198068FEB73E2625B4C9B9CF9A484758CB85C"
"2375","PR-4119806-9573F385BE4F44A0BC938BACD05CB8F0","AT","PR","4119806","9573F385BE4F44A0BC938BACD05CB8F0","PR41198069573F385BE4F44A0BC938BACD05CB8F0"
"2376","PR-4119806-460203624E9F4B7AA2A6B0673100BB14","AT","PR","4119806","460203624E9F4B7AA2A6B0673100BB14","PR4119806460203624E9F4B7AA2A6B0673100BB14"
"2377","PR-4119806-949AD4E3A34E4D1AB6E8AC13909B8475","CA","PR","4119806","949AD4E3A34E4D1AB6E8AC13909B8475","PR4119806949AD4E3A34E4D1AB6E8AC13909B8475"
"2378","PR-4119806-137E5D1295FA42CEB874124C8FACF794","AT","PR","4119806","137E5D1295FA42CEB874124C8FACF794","PR4119806137E5D1295FA42CEB874124C8FACF794"
"2379","PR-4119806-50551031DDB949F9AB2A82D10692C717","AT","PR","4119806","50551031DDB949F9AB2A82D10692C717","PR411980650551031DDB949F9AB2A82D10692C717"
"2380","PR-4119806-EE277D29C9A6453C8F2802491514E308","AT","PR","4119806","EE277D29C9A6453C8F2802491514E308","PR4119806EE277D29C9A6453C8F2802491514E308"
"2381","PR-4119806-4BB52A4F0A844369B9209F76BB843E2C","AT","PR","4119806","4BB52A4F0A844369B9209F76BB843E2C","PR41198064BB52A4F0A844369B9209F76BB843E2C"
"2382","PR-4119806-0C0B98D6F075430E916BA1B9F72CDD31","AT","PR","4119806","0C0B98D6F075430E916BA1B9F72CDD31","PR41198060C0B98D6F075430E916BA1B9F72CDD31"
"2383","PR-4119806-AC0433CB1E0249FEAAB2CD6ECB2C2E76","AT","PR","4119806","AC0433CB1E0249FEAAB2CD6ECB2C2E76","PR4119806AC0433CB1E0249FEAAB2CD6ECB2C2E76"
"2384","PR-4119806-E250FF6D5410494EB411E67D238620C6","AT","PR","4119806","E250FF6D5410494EB411E67D238620C6","PR4119806E250FF6D5410494EB411E67D238620C6"
"2385","PR-4119806-3267F60B0DFA46E3A430A1D3E3C6A53D","AT","PR","4119806","3267F60B0DFA46E3A430A1D3E3C6A53D","PR41198063267F60B0DFA46E3A430A1D3E3C6A53D"
"2386","PR-4119806-9E5D50D155F0427FABD666DF921A7D14","AT","PR","4119806","9E5D50D155F0427FABD666DF921A7D14","PR41198069E5D50D155F0427FABD666DF921A7D14"
"2387","PR-4119806-8C7A71E0330B45D18637F40A793AE6F6","AT","PR","4119806","8C7A71E0330B45D18637F40A793AE6F6","PR41198068C7A71E0330B45D18637F40A793AE6F6"
"2388","PR-4119806-7147ECBED847433FA4C94CEAE08D9A27","AT","PR","4119806","7147ECBED847433FA4C94CEAE08D9A27","PR41198067147ECBED847433FA4C94CEAE08D9A27"
"2389","PR-4119806-682BFDFEA5444C3EA128B79430F80B8C","AT","PR","4119806","682BFDFEA5444C3EA128B79430F80B8C","PR4119806682BFDFEA5444C3EA128B79430F80B8C"
"2390","PR-4119806-4DE5B10B7D37471092C2476F054626E5","AT","PR","4119806","4DE5B10B7D37471092C2476F054626E5","PR41198064DE5B10B7D37471092C2476F054626E5"
"2391","PR-4119806-288738D75B054CE7BC4F56CB7692BC2E","AT","PR","4119806","288738D75B054CE7BC4F56CB7692BC2E","PR4119806288738D75B054CE7BC4F56CB7692BC2E"
"2392","PR-4119806-CD40780AA13B4E92A9FB62C9B431B522","AT","PR","4119806","CD40780AA13B4E92A9FB62C9B431B522","PR4119806CD40780AA13B4E92A9FB62C9B431B522"
"2393","PR-4119806-870CA0E6FE8C447AA18F2942CC5CB243","AT","PR","4119806","870CA0E6FE8C447AA18F2942CC5CB243","PR4119806870CA0E6FE8C447AA18F2942CC5CB243"
"2394","PR-4119806-983E5BE4A2B744D8BAF6EA7CE6835EA9","AT","PR","4119806","983E5BE4A2B744D8BAF6EA7CE6835EA9","PR4119806983E5BE4A2B744D8BAF6EA7CE6835EA9"
"2395","PR-4119806-EF68D52F06FB4C8CB894C50565A7CDA2","AT","PR","4119806","EF68D52F06FB4C8CB894C50565A7CDA2","PR4119806EF68D52F06FB4C8CB894C50565A7CDA2"
"2396","PR-4119806-C42D4B943E4D46F78EE45D0F7D68A32C","AT","PR","4119806","C42D4B943E4D46F78EE45D0F7D68A32C","PR4119806C42D4B943E4D46F78EE45D0F7D68A32C"
"2397","PR-4119806-A61B5AA1D43E48589823EE5CAD664E55","AT","PR","4119806","A61B5AA1D43E48589823EE5CAD664E55","PR4119806A61B5AA1D43E48589823EE5CAD664E55"
"2398","PR-4119806-616072F49B3E4037BE9E1A53628FA5AA","AT","PR","4119806","616072F49B3E4037BE9E1A53628FA5AA","PR4119806616072F49B3E4037BE9E1A53628FA5AA"
"2399","PR-4119806-AA38F1531DBC42B8BCBD43DC64E39685","AT","PR","4119806","AA38F1531DBC42B8BCBD43DC64E39685","PR4119806AA38F1531DBC42B8BCBD43DC64E39685"
"2400","PR-4119806-203915EAE27D4076BAE716E426598385","AT","PR","4119806","203915EAE27D4076BAE716E426598385","PR4119806203915EAE27D4076BAE716E426598385"
"2401","PR-4119806-8FA4C7FBC49D492E96C7B012CCBF89C6","AT","PR","4119806","8FA4C7FBC49D492E96C7B012CCBF89C6","PR41198068FA4C7FBC49D492E96C7B012CCBF89C6"
"2402","PR-4119806-5AD0F6C77A574A708DA55702CFB69A80","AT","PR","4119806","5AD0F6C77A574A708DA55702CFB69A80","PR41198065AD0F6C77A574A708DA55702CFB69A80"
"2403","PR-4119806-4023840DE51746BDAA7CFAFC45E30368","AT","PR","4119806","4023840DE51746BDAA7CFAFC45E30368","PR41198064023840DE51746BDAA7CFAFC45E30368"
"2404","PR-4119806-E5809183268E444F9B3F2CD5DC087EE0","AT","PR","4119806","E5809183268E444F9B3F2CD5DC087EE0","PR4119806E5809183268E444F9B3F2CD5DC087EE0"
"2405","PR-4119806-69D5BFA69754423D8121388B9420F2FA","AT","PR","4119806","69D5BFA69754423D8121388B9420F2FA","PR411980669D5BFA69754423D8121388B9420F2FA"
"2406","PR-4119806-EABC0BB802104A9BB491641743D8B4CB","AT","PR","4119806","EABC0BB802104A9BB491641743D8B4CB","PR4119806EABC0BB802104A9BB491641743D8B4CB"
"2407","PR-4119806-F452E3A2D5054BB4AC44552626108E69","AT","PR","4119806","F452E3A2D5054BB4AC44552626108E69","PR4119806F452E3A2D5054BB4AC44552626108E69"
"2408","PR-4119806-D3974D35E8924EE691D76397F44D9939","AT","PR","4119806","D3974D35E8924EE691D76397F44D9939","PR4119806D3974D35E8924EE691D76397F44D9939"
"2409","PR-4119806-74B724D36FD4416FBE9239F5FD5C14C9","AT","PR","4119806","74B724D36FD4416FBE9239F5FD5C14C9","PR411980674B724D36FD4416FBE9239F5FD5C14C9"
"2410","PR-4119806-D81468B653B648B2999EF69EAE26BF13","AT","PR","4119806","D81468B653B648B2999EF69EAE26BF13","PR4119806D81468B653B648B2999EF69EAE26BF13"
"2411","PR-4119806-AEDC7D28C7B34ABBBE0F0774CEB36AD5","AT","PR","4119806","AEDC7D28C7B34ABBBE0F0774CEB36AD5","PR4119806AEDC7D28C7B34ABBBE0F0774CEB36AD5"
"2412","PR-4119806-89641F216B5A4EA2872B2D3C3DAFE91E","AT","PR","4119806","89641F216B5A4EA2872B2D3C3DAFE91E","PR411980689641F216B5A4EA2872B2D3C3DAFE91E"
"2413","PR-4119806-9DC503F21D8A434BBE0A318EEB56A97B","AT","PR","4119806","9DC503F21D8A434BBE0A318EEB56A97B","PR41198069DC503F21D8A434BBE0A318EEB56A97B"
"2414","PR-4119806-AE201DEE2C6E4ACDAB903CCC6026E034","AT","PR","4119806","AE201DEE2C6E4ACDAB903CCC6026E034","PR4119806AE201DEE2C6E4ACDAB903CCC6026E034"
"2415","PR-4119806-4FB3868231A548EBA665A754185B7D2F","AT","PR","4119806","4FB3868231A548EBA665A754185B7D2F","PR41198064FB3868231A548EBA665A754185B7D2F"
"2416","PR-4119806-76D6EF7181F7442B9A999C6A2CA83B62","AT","PR","4119806","76D6EF7181F7442B9A999C6A2CA83B62","PR411980676D6EF7181F7442B9A999C6A2CA83B62"
"2417","PR-4119806-311D5BFEB3B04DD389EFA8D616A492CB","AT","PR","4119806","311D5BFEB3B04DD389EFA8D616A492CB","PR4119806311D5BFEB3B04DD389EFA8D616A492CB"
"2418","PR-4119806-21987BE56E9443279559AD77575B8C52","AT","PR","4119806","21987BE56E9443279559AD77575B8C52","PR411980621987BE56E9443279559AD77575B8C52"
"2419","PR-4119806-5AD9ECBDEF5C4E5AAF17D84A1269119F","AT","PR","4119806","5AD9ECBDEF5C4E5AAF17D84A1269119F","PR41198065AD9ECBDEF5C4E5AAF17D84A1269119F"
"2420","PR-4119806-8A9C9B9740744FDCA541784217587F26","AT","PR","4119806","8A9C9B9740744FDCA541784217587F26","PR41198068A9C9B9740744FDCA541784217587F26"
"2421","PR-4119806-01E0B52BDC0C4716BEA7D2FA2B714C1D","AT","PR","4119806","01E0B52BDC0C4716BEA7D2FA2B714C1D","PR411980601E0B52BDC0C4716BEA7D2FA2B714C1D"
"2422","PR-4119806-F2A336B9D56F45148836B680E122E823","AT","PR","4119806","F2A336B9D56F45148836B680E122E823","PR4119806F2A336B9D56F45148836B680E122E823"
"2423","PR-4119806-D94CBAE91A3A4B78BCA985B455A28AAA","AT","PR","4119806","D94CBAE91A3A4B78BCA985B455A28AAA","PR4119806D94CBAE91A3A4B78BCA985B455A28AAA"
"2424","PR-4119806-3ABA48453E8944E8BB5B98C1172FE2C8","AT","PR","4119806","3ABA48453E8944E8BB5B98C1172FE2C8","PR41198063ABA48453E8944E8BB5B98C1172FE2C8"
"2425","PR-4119806-C2FE8B09C40E40DBA64C7030655E9D9F","AT","PR","4119806","C2FE8B09C40E40DBA64C7030655E9D9F","PR4119806C2FE8B09C40E40DBA64C7030655E9D9F"
"2426","PR-4119806-2D419AE552C243A7AEC42232B76A4BA0","AT","PR","4119806","2D419AE552C243A7AEC42232B76A4BA0","PR41198062D419AE552C243A7AEC42232B76A4BA0"
"2427","PR-4119806-ED469311CFC04ADE9075A5C047ED5B05","AT","PR","4119806","ED469311CFC04ADE9075A5C047ED5B05","PR4119806ED469311CFC04ADE9075A5C047ED5B05"
"2428","PR-4119806-A52810B934154C5F8BA4C10210810794","AT","PR","4119806","A52810B934154C5F8BA4C10210810794","PR4119806A52810B934154C5F8BA4C10210810794"
"2429","PR-4119806-7AB9FC37DF3440569552DA4929B48D41","AT","PR","4119806","7AB9FC37DF3440569552DA4929B48D41","PR41198067AB9FC37DF3440569552DA4929B48D41"
"2430","PR-4119806-DEB4DCA1F65E45069D0208A0F1B924CB","AT","PR","4119806","DEB4DCA1F65E45069D0208A0F1B924CB","PR4119806DEB4DCA1F65E45069D0208A0F1B924CB"
"2431","PR-4119806-CE2E3EF70C82484C946796E35D84BD82","AT","PR","4119806","CE2E3EF70C82484C946796E35D84BD82","PR4119806CE2E3EF70C82484C946796E35D84BD82"
"2432","PR-4119806-F6D81AE31AC5487B9A91490009CFE31B","AT","PR","4119806","F6D81AE31AC5487B9A91490009CFE31B","PR4119806F6D81AE31AC5487B9A91490009CFE31B"
"2433","PR-4119806-D3D3F8D16B704F449D149D927FAD2EE9","AT","PR","4119806","D3D3F8D16B704F449D149D927FAD2EE9","PR4119806D3D3F8D16B704F449D149D927FAD2EE9"
"2434","PR-4119806-45C8DDBF442E44F796F71DB46913051F","AT","PR","4119806","45C8DDBF442E44F796F71DB46913051F","PR411980645C8DDBF442E44F796F71DB46913051F"
"2435","PR-4119806-68A59323E950459B90819DDE87B2A2F0","AT","PR","4119806","68A59323E950459B90819DDE87B2A2F0","PR411980668A59323E950459B90819DDE87B2A2F0"
"2436","PR-4119806-9F4DF6A4D4F0419E871FEF0B588F1AD1","AT","PR","4119806","9F4DF6A4D4F0419E871FEF0B588F1AD1","PR41198069F4DF6A4D4F0419E871FEF0B588F1AD1"
"2437","PR-4119806-1243A9D432E34610B3F92176CD68F42B","AT","PR","4119806","1243A9D432E34610B3F92176CD68F42B","PR41198061243A9D432E34610B3F92176CD68F42B"
"2438","PR-4119806-2E43F60ABDDD44689F55F36BA878C40C","AT","PR","4119806","2E43F60ABDDD44689F55F36BA878C40C","PR41198062E43F60ABDDD44689F55F36BA878C40C"
"2439","PR-4119806-4FBF5AA9911A4CC0B6978E92A40246DE","AT","PR","4119806","4FBF5AA9911A4CC0B6978E92A40246DE","PR41198064FBF5AA9911A4CC0B6978E92A40246DE"
"2440","PR-4119806-1E9712CB5BEB41939EE9495AF7F90ACB","AT","PR","4119806","1E9712CB5BEB41939EE9495AF7F90ACB","PR41198061E9712CB5BEB41939EE9495AF7F90ACB"
"2441","PR-4119806-5FE15A4D8FCC49D48B6F9246DE668CE6","AT","PR","4119806","5FE15A4D8FCC49D48B6F9246DE668CE6","PR41198065FE15A4D8FCC49D48B6F9246DE668CE6"
"2442","PR-4119806-5CA8CBB1B3D64FE8ACB8FAD478CF96F8","AT","PR","4119806","5CA8CBB1B3D64FE8ACB8FAD478CF96F8","PR41198065CA8CBB1B3D64FE8ACB8FAD478CF96F8"
"2443","PR-4119806-39C32207BD0041528E045779DEFEC27C","AT","PR","4119806","39C32207BD0041528E045779DEFEC27C","PR411980639C32207BD0041528E045779DEFEC27C"
"2444","PR-4119806-4E861D483CC54165A8A483A129D3B030","AT","PR","4119806","4E861D483CC54165A8A483A129D3B030","PR41198064E861D483CC54165A8A483A129D3B030"
"2445","PR-4119806-1CBA3F74403D433A9854F0B972CF1CCD","AT","PR","4119806","1CBA3F74403D433A9854F0B972CF1CCD","PR41198061CBA3F74403D433A9854F0B972CF1CCD"
"2446","PR-4119806-2EF3AA06C4C94959A717FE7112AEFB76","AT","PR","4119806","2EF3AA06C4C94959A717FE7112AEFB76","PR41198062EF3AA06C4C94959A717FE7112AEFB76"
"2447","PR-4119806-5B2F515B0C094B2D94266B3B2458CA36","AT","PR","4119806","5B2F515B0C094B2D94266B3B2458CA36","PR41198065B2F515B0C094B2D94266B3B2458CA36"
"2448","PR-4119806-1CC327BD68E64E1288723438303F50DF","AT","PR","4119806","1CC327BD68E64E1288723438303F50DF","PR41198061CC327BD68E64E1288723438303F50DF"
"2449","PR-4119806-FDDCE15D1CD2432E8F9EB38581CC83F9","AT","PR","4119806","FDDCE15D1CD2432E8F9EB38581CC83F9","PR4119806FDDCE15D1CD2432E8F9EB38581CC83F9"
"2450","PR-4119806-0F028B41B535494688163FC857D5136E","AT","PR","4119806","0F028B41B535494688163FC857D5136E","PR41198060F028B41B535494688163FC857D5136E"
"2451","PR-4119806-3AFABBD6E4DC400DB77F652C4ECB7EEB","AT","PR","4119806","3AFABBD6E4DC400DB77F652C4ECB7EEB","PR41198063AFABBD6E4DC400DB77F652C4ECB7EEB"
"2452","PR-4119806-9BD513A26E2D4B2D95DA5E04CC6CB9E0","AT","PR","4119806","9BD513A26E2D4B2D95DA5E04CC6CB9E0","PR41198069BD513A26E2D4B2D95DA5E04CC6CB9E0"
"2453","PR-4119806-E69E71665100425EB6792C9707FE3401","AT","PR","4119806","E69E71665100425EB6792C9707FE3401","PR4119806E69E71665100425EB6792C9707FE3401"
"2454","PR-4119806-E26FD3CDB14448C79C00DC9D49B74AC2","AT","PR","4119806","E26FD3CDB14448C79C00DC9D49B74AC2","PR4119806E26FD3CDB14448C79C00DC9D49B74AC2"
"2455","PR-4119806-E44922E903B2498EA9A5C143A81734C0","AT","PR","4119806","E44922E903B2498EA9A5C143A81734C0","PR4119806E44922E903B2498EA9A5C143A81734C0"
"2456","PR-4119806-E2D93D9CC72C4E88901039A1A54C6604","AT","PR","4119806","E2D93D9CC72C4E88901039A1A54C6604","PR4119806E2D93D9CC72C4E88901039A1A54C6604"
"2457","PR-4119806-644DA0C6717648A798314DD07F808C9A","AT","PR","4119806","644DA0C6717648A798314DD07F808C9A","PR4119806644DA0C6717648A798314DD07F808C9A"
"2458","PR-4119806-1F4829611B8840958E2FF7935E1D2494","AT","PR","4119806","1F4829611B8840958E2FF7935E1D2494","PR41198061F4829611B8840958E2FF7935E1D2494"
"2459","PR-4119806-CCAC0EB3F3814818ABA90AFF34E868D1","AT","PR","4119806","CCAC0EB3F3814818ABA90AFF34E868D1","PR4119806CCAC0EB3F3814818ABA90AFF34E868D1"
"2460","PR-4119806-641D13891C644A5EB07A0C91352F336E","AT","PR","4119806","641D13891C644A5EB07A0C91352F336E","PR4119806641D13891C644A5EB07A0C91352F336E"
"2461","PR-4119806-0132C47A328E4B1E9EF80138CEAB6A08","AT","PR","4119806","0132C47A328E4B1E9EF80138CEAB6A08","PR41198060132C47A328E4B1E9EF80138CEAB6A08"
"2462","PR-4119806-D257C87E6C7B4F58BD63DCDCB64732F4","AT","PR","4119806","D257C87E6C7B4F58BD63DCDCB64732F4","PR4119806D257C87E6C7B4F58BD63DCDCB64732F4"
"2463","PR-4119806-BFA2973269234FF687FCC74F0D394681","AT","PR","4119806","BFA2973269234FF687FCC74F0D394681","PR4119806BFA2973269234FF687FCC74F0D394681"
"2464","PR-4119806-A32F146F83A548AA8759259EE983A39B","AT","PR","4119806","A32F146F83A548AA8759259EE983A39B","PR4119806A32F146F83A548AA8759259EE983A39B"
"2465","PR-4119806-07C80AB6D51743F7B5E134FED8D5E456","AT","PR","4119806","07C80AB6D51743F7B5E134FED8D5E456","PR411980607C80AB6D51743F7B5E134FED8D5E456"
"2466","PR-4119806-734229794A26420F97C5259CDE693298","AT","PR","4119806","734229794A26420F97C5259CDE693298","PR4119806734229794A26420F97C5259CDE693298"
"2467","PR-4119806-4B525B01EBAB475C8621D3465A4BF9DD","AT","PR","4119806","4B525B01EBAB475C8621D3465A4BF9DD","PR41198064B525B01EBAB475C8621D3465A4BF9DD"
"2468","PR-4119806-FC7F2980300041FE90069B2DF92F5A6C","AT","PR","4119806","FC7F2980300041FE90069B2DF92F5A6C","PR4119806FC7F2980300041FE90069B2DF92F5A6C"
"2469","PR-4119806-C9D1A81A8307430DA3D1A927561B51D8","AT","PR","4119806","C9D1A81A8307430DA3D1A927561B51D8","PR4119806C9D1A81A8307430DA3D1A927561B51D8"
"2470","PR-4119806-ABEE2C2D03A444AA9891B9E4DEE2F12B","AT","PR","4119806","ABEE2C2D03A444AA9891B9E4DEE2F12B","PR4119806ABEE2C2D03A444AA9891B9E4DEE2F12B"
"2471","PR-4119806-330386086F3441AB9660D354F5174E7B","AT","PR","4119806","330386086F3441AB9660D354F5174E7B","PR4119806330386086F3441AB9660D354F5174E7B"
"2472","PR-4119806-AAF30134746A4F20BDEEA3486650CB3A","AT","PR","4119806","AAF30134746A4F20BDEEA3486650CB3A","PR4119806AAF30134746A4F20BDEEA3486650CB3A"
"2473","PR-4119806-8B96026158E1457DA91441DC2C12DE34","AT","PR","4119806","8B96026158E1457DA91441DC2C12DE34","PR41198068B96026158E1457DA91441DC2C12DE34"
"2474","PR-4119806-5AA867FD12634184B6175E084BEF8D7C","AT","PR","4119806","5AA867FD12634184B6175E084BEF8D7C","PR41198065AA867FD12634184B6175E084BEF8D7C"
"2475","PR-4119806-AAB952CAB0E94DD88ACAD25BD3CD7A17","AT","PR","4119806","AAB952CAB0E94DD88ACAD25BD3CD7A17","PR4119806AAB952CAB0E94DD88ACAD25BD3CD7A17"
"2476","PR-4119806-47F2F567C7C24F3DB2403F97006B24F0","AT","PR","4119806","47F2F567C7C24F3DB2403F97006B24F0","PR411980647F2F567C7C24F3DB2403F97006B24F0"
"2477","PR-4119806-E7160A17AB83449BAEDE2EADECE1D05A","AT","PR","4119806","E7160A17AB83449BAEDE2EADECE1D05A","PR4119806E7160A17AB83449BAEDE2EADECE1D05A"
"2478","PR-4119806-3E174BD861734A7789739CF48CBE4AD0","AT","PR","4119806","3E174BD861734A7789739CF48CBE4AD0","PR41198063E174BD861734A7789739CF48CBE4AD0"
"2479","PR-4119806-059C435BF32C43BF899E911C037182CD","AT","PR","4119806","059C435BF32C43BF899E911C037182CD","PR4119806059C435BF32C43BF899E911C037182CD"
"2480","PR-4119806-B4BD1ED5F29D419BA54AA864A134166C","AT","PR","4119806","B4BD1ED5F29D419BA54AA864A134166C","PR4119806B4BD1ED5F29D419BA54AA864A134166C"
"2481","PR-4119806-6381A329A9BB49AB9D80050D1009EEAD","AT","PR","4119806","6381A329A9BB49AB9D80050D1009EEAD","PR41198066381A329A9BB49AB9D80050D1009EEAD"
"2482","PR-4119806-4B9770649E6B4DE6B55013EF3AA1A7AD","AT","PR","4119806","4B9770649E6B4DE6B55013EF3AA1A7AD","PR41198064B9770649E6B4DE6B55013EF3AA1A7AD"
"2483","PR-4119806-97D985807C114418B1B2F95447304753","AT","PR","4119806","97D985807C114418B1B2F95447304753","PR411980697D985807C114418B1B2F95447304753"
"2484","PR-4119806-E0D1BC914B5B4C6FAF17368B051F465B","AT","PR","4119806","E0D1BC914B5B4C6FAF17368B051F465B","PR4119806E0D1BC914B5B4C6FAF17368B051F465B"
"2485","PR-4119806-FB54302752F9427FA3157A76FCF6E508","AT","PR","4119806","FB54302752F9427FA3157A76FCF6E508","PR4119806FB54302752F9427FA3157A76FCF6E508"
"2486","PR-4119806-D0D983A393DD438A88FC9351E48D3EF1","AT","PR","4119806","D0D983A393DD438A88FC9351E48D3EF1","PR4119806D0D983A393DD438A88FC9351E48D3EF1"
"2487","PR-4119806-21997919E0A347F683B6A0A77D70656D","AT","PR","4119806","21997919E0A347F683B6A0A77D70656D","PR411980621997919E0A347F683B6A0A77D70656D"
"2488","PR-4119806-F09B29134DE7404AB5EF468DF1CC9BD0","AT","PR","4119806","F09B29134DE7404AB5EF468DF1CC9BD0","PR4119806F09B29134DE7404AB5EF468DF1CC9BD0"
"2489","PR-4119806-61DB719B961E46F7A932C8F5E7187B05","AT","PR","4119806","61DB719B961E46F7A932C8F5E7187B05","PR411980661DB719B961E46F7A932C8F5E7187B05"
"2490","PR-4119806-E39EA0EA4CBE41DE8A49ABFAB95E701C","AT","PR","4119806","E39EA0EA4CBE41DE8A49ABFAB95E701C","PR4119806E39EA0EA4CBE41DE8A49ABFAB95E701C"
"2491","PR-4119806-04E1B78D486646B6BC2C7ADD6B2FE7C5","AT","PR","4119806","04E1B78D486646B6BC2C7ADD6B2FE7C5","PR411980604E1B78D486646B6BC2C7ADD6B2FE7C5"
"2492","PR-4119806-437CE706CB05401D9D6C675BD7104622","AT","PR","4119806","437CE706CB05401D9D6C675BD7104622","PR4119806437CE706CB05401D9D6C675BD7104622"
"2493","PR-4119806-32642FDE82EB4ACD8F1A03961FFF2C26","AT","PR","4119806","32642FDE82EB4ACD8F1A03961FFF2C26","PR411980632642FDE82EB4ACD8F1A03961FFF2C26"
"2494","PR-4119806-313929A29AA14425ACB345B4071C8F2F","AT","PR","4119806","313929A29AA14425ACB345B4071C8F2F","PR4119806313929A29AA14425ACB345B4071C8F2F"
"2495","PR-4119806-0716DF0A5BA543CA9018D5F0616B03C0","AT","PR","4119806","0716DF0A5BA543CA9018D5F0616B03C0","PR41198060716DF0A5BA543CA9018D5F0616B03C0"
"2496","PR-4119806-497D115C1CCC48BCB2C5DE790693C0F2","AT","PR","4119806","497D115C1CCC48BCB2C5DE790693C0F2","PR4119806497D115C1CCC48BCB2C5DE790693C0F2"
"2497","PR-4119806-BF9591F10AC3466EAE68905EDB8396E1","AT","PR","4119806","BF9591F10AC3466EAE68905EDB8396E1","PR4119806BF9591F10AC3466EAE68905EDB8396E1"
"2498","PR-4119806-91D535D25E1C4F019357CA97AA404E55","AT","PR","4119806","91D535D25E1C4F019357CA97AA404E55","PR411980691D535D25E1C4F019357CA97AA404E55"
"2499","PR-4119806-11AABD00D1AD416789E1919AF443B380","AT","PR","4119806","11AABD00D1AD416789E1919AF443B380","PR411980611AABD00D1AD416789E1919AF443B380"
"2500","PR-4119806-CD8D93E46578489EB42A5595FEA14F92","AT","PR","4119806","CD8D93E46578489EB42A5595FEA14F92","PR4119806CD8D93E46578489EB42A5595FEA14F92"
"2501","PR-4119806-2E1A2344C03B4C87A4A05B86729E1808","AT","PR","4119806","2E1A2344C03B4C87A4A05B86729E1808","PR41198062E1A2344C03B4C87A4A05B86729E1808"
"2502","PR-4119806-D7342218DEED48D4B6985D8F8FC5BE39","AT","PR","4119806","D7342218DEED48D4B6985D8F8FC5BE39","PR4119806D7342218DEED48D4B6985D8F8FC5BE39"
"2503","PR-4119806-C0A8A1F13A2D471F85364775FFB2E226","AT","PR","4119806","C0A8A1F13A2D471F85364775FFB2E226","PR4119806C0A8A1F13A2D471F85364775FFB2E226"
"2504","PR-4119806-7D45905207D648EA9089F34B2844A5A4","AT","PR","4119806","7D45905207D648EA9089F34B2844A5A4","PR41198067D45905207D648EA9089F34B2844A5A4"
"2505","PR-4119806-2219CAF5B4A941BB9B0106C41865773E","AT","PR","4119806","2219CAF5B4A941BB9B0106C41865773E","PR41198062219CAF5B4A941BB9B0106C41865773E"
"2506","PR-4119806-287AF8D9B31C4F05B086079D706C683E","AT","PR","4119806","287AF8D9B31C4F05B086079D706C683E","PR4119806287AF8D9B31C4F05B086079D706C683E"
"2507","PR-4119806-F48123066B9F44538ED90C3D3983841A","AT","PR","4119806","F48123066B9F44538ED90C3D3983841A","PR4119806F48123066B9F44538ED90C3D3983841A"
"2508","PR-4119806-D1A67ECDD1204F8D85AE6D7075360E43","AT","PR","4119806","D1A67ECDD1204F8D85AE6D7075360E43","PR4119806D1A67ECDD1204F8D85AE6D7075360E43"
"2509","PR-4119806-F9908D37F1C34FEF8340A783D9C28584","AT","PR","4119806","F9908D37F1C34FEF8340A783D9C28584","PR4119806F9908D37F1C34FEF8340A783D9C28584"
"2510","PR-4119806-C5E5DCB54B894E47BFEC7F79AE647C9A","AT","PR","4119806","C5E5DCB54B894E47BFEC7F79AE647C9A","PR4119806C5E5DCB54B894E47BFEC7F79AE647C9A"
"2511","PR-4119806-EA068632EF4C4575BDE4879C01EB274D","AT","PR","4119806","EA068632EF4C4575BDE4879C01EB274D","PR4119806EA068632EF4C4575BDE4879C01EB274D"
"2512","PR-4119806-995DC704C7FC42A59EF5A0C3035BA467","AT","PR","4119806","995DC704C7FC42A59EF5A0C3035BA467","PR4119806995DC704C7FC42A59EF5A0C3035BA467"
"2513","PR-4119806-199F16E6EADB471E86615F52535AAD9D","AT","PR","4119806","199F16E6EADB471E86615F52535AAD9D","PR4119806199F16E6EADB471E86615F52535AAD9D"
"2514","PR-4119806-B520994B61FA4D22ADB8E66D31D0EF32","AT","PR","4119806","B520994B61FA4D22ADB8E66D31D0EF32","PR4119806B520994B61FA4D22ADB8E66D31D0EF32"
"2515","PR-4119806-707301469D62470ABDABA1E9BB2B7D86","AT","PR","4119806","707301469D62470ABDABA1E9BB2B7D86","PR4119806707301469D62470ABDABA1E9BB2B7D86"
"2516","PR-4119806-8B04349A160C4013951622F1218B4DFF","AT","PR","4119806","8B04349A160C4013951622F1218B4DFF","PR41198068B04349A160C4013951622F1218B4DFF"
"2517","PR-4119806-F7B7DBF08328451B850B9F792BFA9BB5","AT","PR","4119806","F7B7DBF08328451B850B9F792BFA9BB5","PR4119806F7B7DBF08328451B850B9F792BFA9BB5"
"2518","PR-4119806-EB879E7A06164198A0E199CF1BB9157B","AT","PR","4119806","EB879E7A06164198A0E199CF1BB9157B","PR4119806EB879E7A06164198A0E199CF1BB9157B"
"2519","PR-4119806-74197B498B12412E8181E97BFA5F76CF","AT","PR","4119806","74197B498B12412E8181E97BFA5F76CF","PR411980674197B498B12412E8181E97BFA5F76CF"
"2520","PR-4119806-B59252643C61493C8B5D3896E4636B53","AT","PR","4119806","B59252643C61493C8B5D3896E4636B53","PR4119806B59252643C61493C8B5D3896E4636B53"
"2521","PR-4119806-546F10B58DCB447C93B4BAAC66BE39BF","AT","PR","4119806","546F10B58DCB447C93B4BAAC66BE39BF","PR4119806546F10B58DCB447C93B4BAAC66BE39BF"
"2522","PR-4119806-49C1AFF3BDD64FF4A8E0979B9BA7B285","AT","PR","4119806","49C1AFF3BDD64FF4A8E0979B9BA7B285","PR411980649C1AFF3BDD64FF4A8E0979B9BA7B285"
"2523","PR-4119806-781A159328CB42F3A682CC5650125D5E","AT","PR","4119806","781A159328CB42F3A682CC5650125D5E","PR4119806781A159328CB42F3A682CC5650125D5E"
"2524","PR-4119806-CE256216F91C41BFB9DAF7564DF8E854","AT","PR","4119806","CE256216F91C41BFB9DAF7564DF8E854","PR4119806CE256216F91C41BFB9DAF7564DF8E854"
"2525","PR-4119806-C51C6F25337E49BF909DB2EEFABA40A5","AT","PR","4119806","C51C6F25337E49BF909DB2EEFABA40A5","PR4119806C51C6F25337E49BF909DB2EEFABA40A5"
"2526","PR-4119806-FA808CA9F0594880A15DF632403E71DD","AT","PR","4119806","FA808CA9F0594880A15DF632403E71DD","PR4119806FA808CA9F0594880A15DF632403E71DD"
"2527","PR-4119806-03E1DAF12A084DB98CBD2AD222103A6B","AT","PR","4119806","03E1DAF12A084DB98CBD2AD222103A6B","PR411980603E1DAF12A084DB98CBD2AD222103A6B"
"2528","PR-4119806-8FD1A42F602A479E871D9910328BE473","AT","PR","4119806","8FD1A42F602A479E871D9910328BE473","PR41198068FD1A42F602A479E871D9910328BE473"
"2529","PR-4119806-A2FDF61AAEB34CDAB8EAE309D99E4A37","AT","PR","4119806","A2FDF61AAEB34CDAB8EAE309D99E4A37","PR4119806A2FDF61AAEB34CDAB8EAE309D99E4A37"
"2530","PR-4119806-33031A8D151B4C97ADD438388FDADADB","AT","PR","4119806","33031A8D151B4C97ADD438388FDADADB","PR411980633031A8D151B4C97ADD438388FDADADB"
"2531","PR-4119806-673D2F59D04A4C6DB7D9F84E4E7799E2","AT","PR","4119806","673D2F59D04A4C6DB7D9F84E4E7799E2","PR4119806673D2F59D04A4C6DB7D9F84E4E7799E2"
"2532","PR-4119806-5E04CBFE4FD943AEA515E33717886E3C","AT","PR","4119806","5E04CBFE4FD943AEA515E33717886E3C","PR41198065E04CBFE4FD943AEA515E33717886E3C"
"2533","PR-4119806-FE9F04703E414E11A06E884EE869855F","AT","PR","4119806","FE9F04703E414E11A06E884EE869855F","PR4119806FE9F04703E414E11A06E884EE869855F"
"2534","PR-4119806-55240E76F48D4CE9AE46CA756DB6545D","AT","PR","4119806","55240E76F48D4CE9AE46CA756DB6545D","PR411980655240E76F48D4CE9AE46CA756DB6545D"
"2535","PR-4119806-E657C4D970474C87879339785D1E41D5","AT","PR","4119806","E657C4D970474C87879339785D1E41D5","PR4119806E657C4D970474C87879339785D1E41D5"
"2536","PR-4119806-42F7A0E1CE684166AC2618C6AA3C3DC2","AT","PR","4119806","42F7A0E1CE684166AC2618C6AA3C3DC2","PR411980642F7A0E1CE684166AC2618C6AA3C3DC2"
"2537","PR-4119806-D8237389792344468148D514AC27C031","AT","PR","4119806","D8237389792344468148D514AC27C031","PR4119806D8237389792344468148D514AC27C031"
"2538","PR-4119806-AFAE3E70869943818A63AA5575F58640","AT","PR","4119806","AFAE3E70869943818A63AA5575F58640","PR4119806AFAE3E70869943818A63AA5575F58640"
"2539","PR-4119806-9A1736592279448092359E7832D7E79C","AT","PR","4119806","9A1736592279448092359E7832D7E79C","PR41198069A1736592279448092359E7832D7E79C"
"2540","PR-4119806-77AFAAD56C99425C860F7251D90C3D7D","AT","PR","4119806","77AFAAD56C99425C860F7251D90C3D7D","PR411980677AFAAD56C99425C860F7251D90C3D7D"
"2541","PR-4119806-17E57A77682B46EBA584C0E76BA7BFD5","AT","PR","4119806","17E57A77682B46EBA584C0E76BA7BFD5","PR411980617E57A77682B46EBA584C0E76BA7BFD5"
"2542","PR-4119806-0709ACF6B5B84D878E47E8BAF81B0CA8","AT","PR","4119806","0709ACF6B5B84D878E47E8BAF81B0CA8","PR41198060709ACF6B5B84D878E47E8BAF81B0CA8"
"2543","PR-4119806-8E5D9297028542F2ACA4014FD860B524","AT","PR","4119806","8E5D9297028542F2ACA4014FD860B524","PR41198068E5D9297028542F2ACA4014FD860B524"
"2544","PR-4119806-CC3F1BFF39CC4E6A8F58A876A14B805B","AT","PR","4119806","CC3F1BFF39CC4E6A8F58A876A14B805B","PR4119806CC3F1BFF39CC4E6A8F58A876A14B805B"
"2545","PR-4104501-97DD1027318E49F9B2AB158E84FA593A","AT","PR","4104501","97DD1027318E49F9B2AB158E84FA593A","PR410450197DD1027318E49F9B2AB158E84FA593A"
"2546","PR-4119806-9D64E29C98804DDB9C77A31B53F810DA","AT","PR","4119806","9D64E29C98804DDB9C77A31B53F810DA","PR41198069D64E29C98804DDB9C77A31B53F810DA"
"2547","PR-4119806-55A2C6B5EA1A4EE788BC88BAC4D29926","AT","PR","4119806","55A2C6B5EA1A4EE788BC88BAC4D29926","PR411980655A2C6B5EA1A4EE788BC88BAC4D29926"
"2548","PR-4119806-3F29DBEBE4D9456CA00A5D6498774539","AT","PR","4119806","3F29DBEBE4D9456CA00A5D6498774539","PR41198063F29DBEBE4D9456CA00A5D6498774539"
"2549","PR-4119806-B3079D65ADF448A5B8E516991A7CB856","AT","PR","4119806","B3079D65ADF448A5B8E516991A7CB856","PR4119806B3079D65ADF448A5B8E516991A7CB856"
"2550","PR-4119806-5170ED46ADC949CCB9892465BC0A1A5D","AT","PR","4119806","5170ED46ADC949CCB9892465BC0A1A5D","PR41198065170ED46ADC949CCB9892465BC0A1A5D"
"2551","PR-4119806-A1F80B108B014031A2DFC0582372C90A","AT","PR","4119806","A1F80B108B014031A2DFC0582372C90A","PR4119806A1F80B108B014031A2DFC0582372C90A"
"2552","PR-4119806-F7EFCDC8B0D14572B167ADF0090B7B1C","AT","PR","4119806","F7EFCDC8B0D14572B167ADF0090B7B1C","PR4119806F7EFCDC8B0D14572B167ADF0090B7B1C"
"2553","PR-4119806-4354007850D64AAE921CC812D1980763","AT","PR","4119806","4354007850D64AAE921CC812D1980763","PR41198064354007850D64AAE921CC812D1980763"
"2554","PR-4119806-8E0840AC5FF9434AA5DFA49C681F6AC5","AT","PR","4119806","8E0840AC5FF9434AA5DFA49C681F6AC5","PR41198068E0840AC5FF9434AA5DFA49C681F6AC5"
"2555","PR-4119806-F182A350EFB940DEAB4F2F415CD8F4D7","AT","PR","4119806","F182A350EFB940DEAB4F2F415CD8F4D7","PR4119806F182A350EFB940DEAB4F2F415CD8F4D7"
"2556","PR-4119806-A20D265A1FEA4332BED23C0BF4D067E0","AT","PR","4119806","A20D265A1FEA4332BED23C0BF4D067E0","PR4119806A20D265A1FEA4332BED23C0BF4D067E0"
"2557","PR-4119806-37C043009B884AB7AE19A42996238937","AT","PR","4119806","37C043009B884AB7AE19A42996238937","PR411980637C043009B884AB7AE19A42996238937"
"2558","PR-4119806-28D0B3241A7640E2AED2630F1FA54A71","AT","PR","4119806","28D0B3241A7640E2AED2630F1FA54A71","PR411980628D0B3241A7640E2AED2630F1FA54A71"
"2559","PR-4119806-B35E94DA9DBE445AB11BCA94D9B73C9A","AT","PR","4119806","B35E94DA9DBE445AB11BCA94D9B73C9A","PR4119806B35E94DA9DBE445AB11BCA94D9B73C9A"
"2560","PR-4119806-7770C66546F440B0A8F22BE40A38D0DF","AT","PR","4119806","7770C66546F440B0A8F22BE40A38D0DF","PR41198067770C66546F440B0A8F22BE40A38D0DF"
"2561","PR-4119806-1FACC61C8CE0440CA235234937DD2AE5","AT","PR","4119806","1FACC61C8CE0440CA235234937DD2AE5","PR41198061FACC61C8CE0440CA235234937DD2AE5"
"2562","PR-4119806-47EA7249BB9248889B4D5920A706B060","AT","PR","4119806","47EA7249BB9248889B4D5920A706B060","PR411980647EA7249BB9248889B4D5920A706B060"
"2563","PR-4119806-5E6544FF43834A5CABC7BB916347338A","AT","PR","4119806","5E6544FF43834A5CABC7BB916347338A","PR41198065E6544FF43834A5CABC7BB916347338A"
"2564","PR-4119806-0A2718769EC14101BEDA4F729B04DBA7","AT","PR","4119806","0A2718769EC14101BEDA4F729B04DBA7","PR41198060A2718769EC14101BEDA4F729B04DBA7"
"2565","PR-4119806-D422CB491F684824B4BC577BDF10C6A3","AT","PR","4119806","D422CB491F684824B4BC577BDF10C6A3","PR4119806D422CB491F684824B4BC577BDF10C6A3"
"2566","PR-4119806-55E97530F320405DA27AF52ABA191B19","AT","PR","4119806","55E97530F320405DA27AF52ABA191B19","PR411980655E97530F320405DA27AF52ABA191B19"
"2567","PR-4119806-0C49160D6FCC4CF79BC6406B4CA24AB6","AT","PR","4119806","0C49160D6FCC4CF79BC6406B4CA24AB6","PR41198060C49160D6FCC4CF79BC6406B4CA24AB6"
"2568","PR-4119806-BD9EF38FF072495D866A42075A3E8FE0","AT","PR","4119806","BD9EF38FF072495D866A42075A3E8FE0","PR4119806BD9EF38FF072495D866A42075A3E8FE0"
"2569","PR-4119806-EC4BA665C45A47C4AF953FE40A2A686D","AT","PR","4119806","EC4BA665C45A47C4AF953FE40A2A686D","PR4119806EC4BA665C45A47C4AF953FE40A2A686D"
"2570","PR-4119806-F114AACCAC584682B27223B2945D595A","AT","PR","4119806","F114AACCAC584682B27223B2945D595A","PR4119806F114AACCAC584682B27223B2945D595A"
"2571","PR-4119806-6024F97BC8C14987969FCDAB757DE50B","AT","PR","4119806","6024F97BC8C14987969FCDAB757DE50B","PR41198066024F97BC8C14987969FCDAB757DE50B"
"2572","PR-4119806-0D11E2AB3563436BBA395BFE19A4FC74","AT","PR","4119806","0D11E2AB3563436BBA395BFE19A4FC74","PR41198060D11E2AB3563436BBA395BFE19A4FC74"
"2573","PR-4119806-3FA01E625C9A49208115BF1FBAC91AE1","AT","PR","4119806","3FA01E625C9A49208115BF1FBAC91AE1","PR41198063FA01E625C9A49208115BF1FBAC91AE1"
"2574","PR-4119806-91E1542EA14947B1AA81B4FCC2671E0F","AT","PR","4119806","91E1542EA14947B1AA81B4FCC2671E0F","PR411980691E1542EA14947B1AA81B4FCC2671E0F"
"2575","PR-4119806-0CD3EEFEBAD6448984E7DFEF310A0EAA","AT","PR","4119806","0CD3EEFEBAD6448984E7DFEF310A0EAA","PR41198060CD3EEFEBAD6448984E7DFEF310A0EAA"
"2576","PR-4119806-FCAF772FC3334B4DA44DCEFA6F401798","AT","PR","4119806","FCAF772FC3334B4DA44DCEFA6F401798","PR4119806FCAF772FC3334B4DA44DCEFA6F401798"
"2577","PR-4119806-6773E469EF9A407DAC338B2B0DFEFC07","AT","PR","4119806","6773E469EF9A407DAC338B2B0DFEFC07","PR41198066773E469EF9A407DAC338B2B0DFEFC07"
"2578","PR-4119806-73FDABF4F28D4F5E94008FB7BD89F4FA","AT","PR","4119806","73FDABF4F28D4F5E94008FB7BD89F4FA","PR411980673FDABF4F28D4F5E94008FB7BD89F4FA"
"2579","PR-4119806-CF017C1C408E4C9DB27AC672355B4CB6","AT","PR","4119806","CF017C1C408E4C9DB27AC672355B4CB6","PR4119806CF017C1C408E4C9DB27AC672355B4CB6"
"2580","PR-4119806-C5686F6D4E66411282387046AEBA4B2C","AT","PR","4119806","C5686F6D4E66411282387046AEBA4B2C","PR4119806C5686F6D4E66411282387046AEBA4B2C"
"2581","PR-4119806-A5DEB08B90184105ABE1A29574445CA1","AT","PR","4119806","A5DEB08B90184105ABE1A29574445CA1","PR4119806A5DEB08B90184105ABE1A29574445CA1"
"2582","PR-4119806-FFA08C4D1800435699588005D3FE801F","AT","PR","4119806","FFA08C4D1800435699588005D3FE801F","PR4119806FFA08C4D1800435699588005D3FE801F"
"2583","PR-4119806-42B688147CFA4F8097EC563E7AB10239","AT","PR","4119806","42B688147CFA4F8097EC563E7AB10239","PR411980642B688147CFA4F8097EC563E7AB10239"
"2584","PR-4119806-3034FFF71F8C42728E4E7A5913737E25","AT","PR","4119806","3034FFF71F8C42728E4E7A5913737E25","PR41198063034FFF71F8C42728E4E7A5913737E25"
"2585","PR-4119806-427F4273CE184D668F6B110DB8F66FED","AT","PR","4119806","427F4273CE184D668F6B110DB8F66FED","PR4119806427F4273CE184D668F6B110DB8F66FED"
"2586","PR-4119806-B28372E513B14CC9BF01FD542C6812A5","AT","PR","4119806","B28372E513B14CC9BF01FD542C6812A5","PR4119806B28372E513B14CC9BF01FD542C6812A5"
"2587","PR-4119806-A0D2F61764974424B218840EDB906E00","AT","PR","4119806","A0D2F61764974424B218840EDB906E00","PR4119806A0D2F61764974424B218840EDB906E00"
"2588","PR-4119806-44283E7EA9F74DB3900C7E0EB677E626","AT","PR","4119806","44283E7EA9F74DB3900C7E0EB677E626","PR411980644283E7EA9F74DB3900C7E0EB677E626"
"2589","PR-4119806-1E21DD2AF7BB4361BBAB3AD2F0DBB26E","AT","PR","4119806","1E21DD2AF7BB4361BBAB3AD2F0DBB26E","PR41198061E21DD2AF7BB4361BBAB3AD2F0DBB26E"
"2590","PR-4119806-F2C79F1430A5425EA6434D731F3A32F1","AT","PR","4119806","F2C79F1430A5425EA6434D731F3A32F1","PR4119806F2C79F1430A5425EA6434D731F3A32F1"
"2591","PR-4119806-67B96BB71723408F8758BF0D421A5278","AT","PR","4119806","67B96BB71723408F8758BF0D421A5278","PR411980667B96BB71723408F8758BF0D421A5278"
"2592","PR-4119806-5AA696A628AB430883D2C38F73558713","AT","PR","4119806","5AA696A628AB430883D2C38F73558713","PR41198065AA696A628AB430883D2C38F73558713"
"2593","PR-4119806-105E95C54BF74CE3BB105DF104EFB28F","AT","PR","4119806","105E95C54BF74CE3BB105DF104EFB28F","PR4119806105E95C54BF74CE3BB105DF104EFB28F"
"2594","PR-4119806-99A820E4F65041E188ABB20ACFC469ED","AT","PR","4119806","99A820E4F65041E188ABB20ACFC469ED","PR411980699A820E4F65041E188ABB20ACFC469ED"
"2595","PR-4119806-9AAC389B961A4EAA9C0772B08E0AB60A","AT","PR","4119806","9AAC389B961A4EAA9C0772B08E0AB60A","PR41198069AAC389B961A4EAA9C0772B08E0AB60A"
"2596","PR-4119806-91348A18FC184938B1DAE05ED6EB9E94","AT","PR","4119806","91348A18FC184938B1DAE05ED6EB9E94","PR411980691348A18FC184938B1DAE05ED6EB9E94"
"2597","PR-4119806-852CB0C2610B436289F151D4F348660A","AT","PR","4119806","852CB0C2610B436289F151D4F348660A","PR4119806852CB0C2610B436289F151D4F348660A"
"2598","PR-4119806-B083732DABD44FE8B90304632AFD10AF","AT","PR","4119806","B083732DABD44FE8B90304632AFD10AF","PR4119806B083732DABD44FE8B90304632AFD10AF"
"2599","PR-4119806-CF32192B6EC548199588E91A11664D99","AT","PR","4119806","CF32192B6EC548199588E91A11664D99","PR4119806CF32192B6EC548199588E91A11664D99"
"2600","PR-4119806-44B197160C7C49E4910C8319D836B4C1","AT","PR","4119806","44B197160C7C49E4910C8319D836B4C1","PR411980644B197160C7C49E4910C8319D836B4C1"
"2601","PR-4119806-DC6D6F200C004246975AC22D51EFB76C","AT","PR","4119806","DC6D6F200C004246975AC22D51EFB76C","PR4119806DC6D6F200C004246975AC22D51EFB76C"
"2602","PR-4119806-63FA40E2A88243DB98CC764B589CF032","AT","PR","4119806","63FA40E2A88243DB98CC764B589CF032","PR411980663FA40E2A88243DB98CC764B589CF032"
"2603","PR-4119806-DC7A5C5D07F14C58A440E00A99F76CEB","AT","PR","4119806","DC7A5C5D07F14C58A440E00A99F76CEB","PR4119806DC7A5C5D07F14C58A440E00A99F76CEB"
"2604","PR-4119806-001C26A0C42D4EA49AD1F92FD6219292","AT","PR","4119806","001C26A0C42D4EA49AD1F92FD6219292","PR4119806001C26A0C42D4EA49AD1F92FD6219292"
"2605","PR-4119806-4B99E4CDD00345AA9315F41DC09D1499","AT","PR","4119806","4B99E4CDD00345AA9315F41DC09D1499","PR41198064B99E4CDD00345AA9315F41DC09D1499"
"2606","PR-4119806-2C6159556AC044BF9A65DE6E61EDE5D1","AT","PR","4119806","2C6159556AC044BF9A65DE6E61EDE5D1","PR41198062C6159556AC044BF9A65DE6E61EDE5D1"
"2607","PR-4119806-13AC80EE87E14E87A34997EB8F23C861","AT","PR","4119806","13AC80EE87E14E87A34997EB8F23C861","PR411980613AC80EE87E14E87A34997EB8F23C861"
"2608","PR-4119806-23CA2BC07CAB4537A6E68D0771A2940D","AT","PR","4119806","23CA2BC07CAB4537A6E68D0771A2940D","PR411980623CA2BC07CAB4537A6E68D0771A2940D"
"2609","PR-4119806-F443B6E3FAC040CBA5F3A6CF32D762A6","AT","PR","4119806","F443B6E3FAC040CBA5F3A6CF32D762A6","PR4119806F443B6E3FAC040CBA5F3A6CF32D762A6"
"2610","PR-4119806-AE05E50AEB324647B44CB41B067BE384","AT","PR","4119806","AE05E50AEB324647B44CB41B067BE384","PR4119806AE05E50AEB324647B44CB41B067BE384"
"2611","PR-4119806-3D074821412A4D5C9EEEC55C0762C48D","AT","PR","4119806","3D074821412A4D5C9EEEC55C0762C48D","PR41198063D074821412A4D5C9EEEC55C0762C48D"
"2612","PR-4119806-A1DCBB51D58F4220A1B88B24CFB0084C","AT","PR","4119806","A1DCBB51D58F4220A1B88B24CFB0084C","PR4119806A1DCBB51D58F4220A1B88B24CFB0084C"
"2613","PR-4119806-CA0E4B6C2FA04C64852A9E98490DAA96","AT","PR","4119806","CA0E4B6C2FA04C64852A9E98490DAA96","PR4119806CA0E4B6C2FA04C64852A9E98490DAA96"
"2614","PR-4119806-718E1EE3B40F484EBD77A337E7C4CC7F","AT","PR","4119806","718E1EE3B40F484EBD77A337E7C4CC7F","PR4119806718E1EE3B40F484EBD77A337E7C4CC7F"
"2615","PR-4119806-4358730417504C88BF30775AE51F48E0","AT","PR","4119806","4358730417504C88BF30775AE51F48E0","PR41198064358730417504C88BF30775AE51F48E0"
"2616","PR-4119806-C468B08461A74FF49CD96CC0E0DF7CF0","AT","PR","4119806","C468B08461A74FF49CD96CC0E0DF7CF0","PR4119806C468B08461A74FF49CD96CC0E0DF7CF0"
