"","fcar","situacao","uf","munic","code","NUMREGCAR"
"1","GO-5220280-80A385F7115F4AD6B2AE36901F3946C4","PE","GO","5220280","80A385F7115F4AD6B2AE36901F3946C4","GO522028080A385F7115F4AD6B2AE36901F3946C4"
"2","GO-5220280-2B9D66D2256E444DAC8258726DFD9E28","PE","GO","5220280","2B9D66D2256E444DAC8258726DFD9E28","GO52202802B9D66D2256E444DAC8258726DFD9E28"
"3","GO-5220280-5F1927665DE84B898EF0563290B95196","AT","GO","5220280","5F1927665DE84B898EF0563290B95196","GO52202805F1927665DE84B898EF0563290B95196"
"4","GO-5220280-0273D5B699BF4610976D01B030788F1A","AT","GO","5220280","0273D5B699BF4610976D01B030788F1A","GO52202800273D5B699BF4610976D01B030788F1A"
"5","GO-5220280-AF8B235F753440BFB7BC221263145DA9","PE","GO","5220280","AF8B235F753440BFB7BC221263145DA9","GO5220280AF8B235F753440BFB7BC221263145DA9"
"6","GO-5220280-052F646DBA66430CA062ABEC8B96F455","PE","GO","5220280","052F646DBA66430CA062ABEC8B96F455","GO5220280052F646DBA66430CA062ABEC8B96F455"
"7","GO-5220280-F4B0A2DA35AE460882505284862B97EF","PE","GO","5220280","F4B0A2DA35AE460882505284862B97EF","GO5220280F4B0A2DA35AE460882505284862B97EF"
"8","GO-5220280-DC75C09879CC4C2B930E91DDD750125F","PE","GO","5220280","DC75C09879CC4C2B930E91DDD750125F","GO5220280DC75C09879CC4C2B930E91DDD750125F"
"9","GO-5220280-B3D758F8534B412AAFCF0410A28BA380","PE","GO","5220280","B3D758F8534B412AAFCF0410A28BA380","GO5220280B3D758F8534B412AAFCF0410A28BA380"
"10","GO-5220280-1893FA5438FC4A528F6CAFFE5AC18B35","PE","GO","5220280","1893FA5438FC4A528F6CAFFE5AC18B35","GO52202801893FA5438FC4A528F6CAFFE5AC18B35"
"11","GO-5220280-2F950082F3004A0881EA30644F856B7B","PE","GO","5220280","2F950082F3004A0881EA30644F856B7B","GO52202802F950082F3004A0881EA30644F856B7B"
"12","GO-5220280-40F49EB2536C46D4BD31C2A3EC2F7399","PE","GO","5220280","40F49EB2536C46D4BD31C2A3EC2F7399","GO522028040F49EB2536C46D4BD31C2A3EC2F7399"
"13","GO-5220280-AC8E8B55F5F94679801A716781615BFD","PE","GO","5220280","AC8E8B55F5F94679801A716781615BFD","GO5220280AC8E8B55F5F94679801A716781615BFD"
"14","GO-5220280-21CCAB3B27594BB49A21DEE6EC4E5B2D","PE","GO","5220280","21CCAB3B27594BB49A21DEE6EC4E5B2D","GO522028021CCAB3B27594BB49A21DEE6EC4E5B2D"
"15","GO-5220280-54BE6EDA6F7348A9A500CC9F639F4390","PE","GO","5220280","54BE6EDA6F7348A9A500CC9F639F4390","GO522028054BE6EDA6F7348A9A500CC9F639F4390"
"16","GO-5220280-19A071CD6FAB4A28B89C8C829E727422","AT","GO","5220280","19A071CD6FAB4A28B89C8C829E727422","GO522028019A071CD6FAB4A28B89C8C829E727422"
"17","GO-5220280-DAF090EBCE8A4CB7B6AAFA4183597194","AT","GO","5220280","DAF090EBCE8A4CB7B6AAFA4183597194","GO5220280DAF090EBCE8A4CB7B6AAFA4183597194"
"18","GO-5220280-9AA5A87941754DD7B044EA25576D0458","AT","GO","5220280","9AA5A87941754DD7B044EA25576D0458","GO52202809AA5A87941754DD7B044EA25576D0458"
"19","GO-5220280-55056BBA1E5049E2B3AF0B472E8D39F6","AT","GO","5220280","55056BBA1E5049E2B3AF0B472E8D39F6","GO522028055056BBA1E5049E2B3AF0B472E8D39F6"
"20","GO-5220280-708CBCEBCD304F7791B5D63F3CE0AD97","PE","GO","5220280","708CBCEBCD304F7791B5D63F3CE0AD97","GO5220280708CBCEBCD304F7791B5D63F3CE0AD97"
"21","GO-5220280-B2D2D5A9739243C39709200963A570BD","AT","GO","5220280","B2D2D5A9739243C39709200963A570BD","GO5220280B2D2D5A9739243C39709200963A570BD"
"22","GO-5220280-764D48F86EAD4A69923D9A2DBA8C6067","AT","GO","5220280","764D48F86EAD4A69923D9A2DBA8C6067","GO5220280764D48F86EAD4A69923D9A2DBA8C6067"
"23","GO-5220280-24AB46861CEC437DA42DB51F56AD5ECC","AT","GO","5220280","24AB46861CEC437DA42DB51F56AD5ECC","GO522028024AB46861CEC437DA42DB51F56AD5ECC"
"24","GO-5220280-7A58E687DCA14DBD8AB07A096A3D186B","AT","GO","5220280","7A58E687DCA14DBD8AB07A096A3D186B","GO52202807A58E687DCA14DBD8AB07A096A3D186B"
"25","GO-5220280-08F265DD1E9D441E86C64D1125C071C0","AT","GO","5220280","08F265DD1E9D441E86C64D1125C071C0","GO522028008F265DD1E9D441E86C64D1125C071C0"
"26","GO-5220280-5EDD76E9F4474D848DCE2D470F1F1B0E","PE","GO","5220280","5EDD76E9F4474D848DCE2D470F1F1B0E","GO52202805EDD76E9F4474D848DCE2D470F1F1B0E"
"27","GO-5220280-2FBC141BF42A44DC8177639B078ACB7E","AT","GO","5220280","2FBC141BF42A44DC8177639B078ACB7E","GO52202802FBC141BF42A44DC8177639B078ACB7E"
"28","GO-5220280-963F707989FF413C8E1DE8BCC3662972","PE","GO","5220280","963F707989FF413C8E1DE8BCC3662972","GO5220280963F707989FF413C8E1DE8BCC3662972"
"29","GO-5220280-78508564BDD9461AAADE7416741BA6FE","AT","GO","5220280","78508564BDD9461AAADE7416741BA6FE","GO522028078508564BDD9461AAADE7416741BA6FE"
"30","GO-5220280-D74E682F3C3941A781841E2AED1D3DD4","AT","GO","5220280","D74E682F3C3941A781841E2AED1D3DD4","GO5220280D74E682F3C3941A781841E2AED1D3DD4"
"31","GO-5220280-40F8B974598A4A38AB87F5A3E6144ACB","AT","GO","5220280","40F8B974598A4A38AB87F5A3E6144ACB","GO522028040F8B974598A4A38AB87F5A3E6144ACB"
"32","GO-5220280-8A625DA4344D4D83874667EF47E922F4","AT","GO","5220280","8A625DA4344D4D83874667EF47E922F4","GO52202808A625DA4344D4D83874667EF47E922F4"
"33","GO-5220280-1E7FF9EF3E9F4ACBAC0303A3CCB16586","AT","GO","5220280","1E7FF9EF3E9F4ACBAC0303A3CCB16586","GO52202801E7FF9EF3E9F4ACBAC0303A3CCB16586"
"34","GO-5220280-399B0C8C099D4DA99627784488A0782B","AT","GO","5220280","399B0C8C099D4DA99627784488A0782B","GO5220280399B0C8C099D4DA99627784488A0782B"
"35","GO-5220280-4CFD54D8A8764F61AC82A8D8EE68C25B","AT","GO","5220280","4CFD54D8A8764F61AC82A8D8EE68C25B","GO52202804CFD54D8A8764F61AC82A8D8EE68C25B"
"36","GO-5220280-AE5A0C137965460FA26FAF48275DA6CE","AT","GO","5220280","AE5A0C137965460FA26FAF48275DA6CE","GO5220280AE5A0C137965460FA26FAF48275DA6CE"
"37","GO-5220280-52C538E5C18D4C46BDCFA4CFB6D367E0","PE","GO","5220280","52C538E5C18D4C46BDCFA4CFB6D367E0","GO522028052C538E5C18D4C46BDCFA4CFB6D367E0"
"38","GO-5220280-06BB9FE93ABE48D0A6D65298C35B8B7D","AT","GO","5220280","06BB9FE93ABE48D0A6D65298C35B8B7D","GO522028006BB9FE93ABE48D0A6D65298C35B8B7D"
"39","GO-5220280-9F39E3784ED6496DAEBA491D51544590","AT","GO","5220280","9F39E3784ED6496DAEBA491D51544590","GO52202809F39E3784ED6496DAEBA491D51544590"
"40","GO-5220280-DA299701AFFA4528AE27C9D0A65FF5F1","AT","GO","5220280","DA299701AFFA4528AE27C9D0A65FF5F1","GO5220280DA299701AFFA4528AE27C9D0A65FF5F1"
"41","GO-5220280-97529F365CAA45958C26719440A25B14","AT","GO","5220280","97529F365CAA45958C26719440A25B14","GO522028097529F365CAA45958C26719440A25B14"
"42","GO-5220280-77974D47D70049B7A4E1B849F6CAED13","AT","GO","5220280","77974D47D70049B7A4E1B849F6CAED13","GO522028077974D47D70049B7A4E1B849F6CAED13"
"43","GO-5220280-DC02CEB2D04C41DC88C2D4B708A23F5A","AT","GO","5220280","DC02CEB2D04C41DC88C2D4B708A23F5A","GO5220280DC02CEB2D04C41DC88C2D4B708A23F5A"
"44","GO-5220280-4F83318C57D84F40A9D77B882E1A8A5C","AT","GO","5220280","4F83318C57D84F40A9D77B882E1A8A5C","GO52202804F83318C57D84F40A9D77B882E1A8A5C"
"45","GO-5220280-0D7D6BCFFDC34CB89C5824388D80EA3C","AT","GO","5220280","0D7D6BCFFDC34CB89C5824388D80EA3C","GO52202800D7D6BCFFDC34CB89C5824388D80EA3C"
"46","GO-5220280-A2DC3CC6BC2B4F92AF62A778E1B37A30","AT","GO","5220280","A2DC3CC6BC2B4F92AF62A778E1B37A30","GO5220280A2DC3CC6BC2B4F92AF62A778E1B37A30"
"47","GO-5220280-ED78CAE8BB0C432DB88035C7018116F7","AT","GO","5220280","ED78CAE8BB0C432DB88035C7018116F7","GO5220280ED78CAE8BB0C432DB88035C7018116F7"
"48","GO-5220280-40F450D659714257A785ECECF12729D6","PE","GO","5220280","40F450D659714257A785ECECF12729D6","GO522028040F450D659714257A785ECECF12729D6"
"49","GO-5220280-F594CAF892CE40BB9E5D3BEA2DD19356","AT","GO","5220280","F594CAF892CE40BB9E5D3BEA2DD19356","GO5220280F594CAF892CE40BB9E5D3BEA2DD19356"
"50","GO-5220280-C88C0F0F9F1B4684B812631DA590CAAE","PE","GO","5220280","C88C0F0F9F1B4684B812631DA590CAAE","GO5220280C88C0F0F9F1B4684B812631DA590CAAE"
"51","GO-5220280-E559D5E1AADE490689C6502D2651392A","AT","GO","5220280","E559D5E1AADE490689C6502D2651392A","GO5220280E559D5E1AADE490689C6502D2651392A"
"52","GO-5220280-C93508E7BB2A4926A6650BD3E6E5FF6A","AT","GO","5220280","C93508E7BB2A4926A6650BD3E6E5FF6A","GO5220280C93508E7BB2A4926A6650BD3E6E5FF6A"
"53","GO-5220280-83CE3D771F2A49469D8B62FCC75E5074","AT","GO","5220280","83CE3D771F2A49469D8B62FCC75E5074","GO522028083CE3D771F2A49469D8B62FCC75E5074"
"54","GO-5220280-A46526FE99324E5BBB04F50C5E12C005","AT","GO","5220280","A46526FE99324E5BBB04F50C5E12C005","GO5220280A46526FE99324E5BBB04F50C5E12C005"
"55","GO-5220280-926627746C934C53AF0B599F4FF90F33","AT","GO","5220280","926627746C934C53AF0B599F4FF90F33","GO5220280926627746C934C53AF0B599F4FF90F33"
"56","GO-5220280-F475352D2E2B4F5FB7E2BAC884C0208D","AT","GO","5220280","F475352D2E2B4F5FB7E2BAC884C0208D","GO5220280F475352D2E2B4F5FB7E2BAC884C0208D"
"57","GO-5220280-77A50D8AB72B4FA19BDE728FB4A66C7C","AT","GO","5220280","77A50D8AB72B4FA19BDE728FB4A66C7C","GO522028077A50D8AB72B4FA19BDE728FB4A66C7C"
"58","GO-5220280-0445BFD685D3445C99B4FA1A789F280B","AT","GO","5220280","0445BFD685D3445C99B4FA1A789F280B","GO52202800445BFD685D3445C99B4FA1A789F280B"
"59","GO-5220280-BAB8A9CD9A6A480EA3B5660770EC37F9","AT","GO","5220280","BAB8A9CD9A6A480EA3B5660770EC37F9","GO5220280BAB8A9CD9A6A480EA3B5660770EC37F9"
"60","GO-5220280-467232F5FB6A4E15951D8989CF8F367A","AT","GO","5220280","467232F5FB6A4E15951D8989CF8F367A","GO5220280467232F5FB6A4E15951D8989CF8F367A"
"61","GO-5220280-1B49CEEE0159411EA6175AE466EA9C25","AT","GO","5220280","1B49CEEE0159411EA6175AE466EA9C25","GO52202801B49CEEE0159411EA6175AE466EA9C25"
"62","GO-5220280-312E34F265E141C9BE960E6ECF23CD7F","AT","GO","5220280","312E34F265E141C9BE960E6ECF23CD7F","GO5220280312E34F265E141C9BE960E6ECF23CD7F"
"63","GO-5220280-A158966AD12C49098165F5A511E9C233","AT","GO","5220280","A158966AD12C49098165F5A511E9C233","GO5220280A158966AD12C49098165F5A511E9C233"
"64","GO-5220280-E301A4F9456B4CD6947F8C54189CFB53","AT","GO","5220280","E301A4F9456B4CD6947F8C54189CFB53","GO5220280E301A4F9456B4CD6947F8C54189CFB53"
"65","GO-5220280-A54F59E90B63482CB27276FFDCB50F4D","AT","GO","5220280","A54F59E90B63482CB27276FFDCB50F4D","GO5220280A54F59E90B63482CB27276FFDCB50F4D"
"66","GO-5220280-CAB71AF81B5242BBA9525C71ECD43AF9","AT","GO","5220280","CAB71AF81B5242BBA9525C71ECD43AF9","GO5220280CAB71AF81B5242BBA9525C71ECD43AF9"
"67","GO-5220280-FB0CB83BB76A46B8A467604700AA8D64","AT","GO","5220280","FB0CB83BB76A46B8A467604700AA8D64","GO5220280FB0CB83BB76A46B8A467604700AA8D64"
"68","GO-5220280-1E5B323BF89E4A6480691F4EF8C8622C","AT","GO","5220280","1E5B323BF89E4A6480691F4EF8C8622C","GO52202801E5B323BF89E4A6480691F4EF8C8622C"
"69","GO-5220280-BEE858E360B246B0B00D4B3F01272060","AT","GO","5220280","BEE858E360B246B0B00D4B3F01272060","GO5220280BEE858E360B246B0B00D4B3F01272060"
"70","GO-5220280-BE5358BA0D6F486DA7E3499C075A7BE8","AT","GO","5220280","BE5358BA0D6F486DA7E3499C075A7BE8","GO5220280BE5358BA0D6F486DA7E3499C075A7BE8"
"71","GO-5220280-31DF7021AFCB4F578227A35AAC78B44F","PE","GO","5220280","31DF7021AFCB4F578227A35AAC78B44F","GO522028031DF7021AFCB4F578227A35AAC78B44F"
"72","GO-5220280-B77A8DCA07BE4A8D9F46F54D73A282C5","AT","GO","5220280","B77A8DCA07BE4A8D9F46F54D73A282C5","GO5220280B77A8DCA07BE4A8D9F46F54D73A282C5"
"73","GO-5220280-4A18A1C579794D2794CEC35714F7833A","PE","GO","5220280","4A18A1C579794D2794CEC35714F7833A","GO52202804A18A1C579794D2794CEC35714F7833A"
"74","GO-5220280-1FD166583B5B46E1ACBF5CEE393EADF0","AT","GO","5220280","1FD166583B5B46E1ACBF5CEE393EADF0","GO52202801FD166583B5B46E1ACBF5CEE393EADF0"
"75","GO-5220280-9C5156925A9F4B73915F11DFE4C140AF","AT","GO","5220280","9C5156925A9F4B73915F11DFE4C140AF","GO52202809C5156925A9F4B73915F11DFE4C140AF"
"76","GO-5220280-99D2CA3CCEC54728A7B4EC236E5F0A62","AT","GO","5220280","99D2CA3CCEC54728A7B4EC236E5F0A62","GO522028099D2CA3CCEC54728A7B4EC236E5F0A62"
"77","GO-5220280-CAAB76C7F3D8412DA468C7F296009B1A","AT","GO","5220280","CAAB76C7F3D8412DA468C7F296009B1A","GO5220280CAAB76C7F3D8412DA468C7F296009B1A"
"78","GO-5220280-FC9430D261D94C109A9E13A4F0DA5509","AT","GO","5220280","FC9430D261D94C109A9E13A4F0DA5509","GO5220280FC9430D261D94C109A9E13A4F0DA5509"
"79","GO-5220280-96E36428304B435BA04B0F738949AEF8","AT","GO","5220280","96E36428304B435BA04B0F738949AEF8","GO522028096E36428304B435BA04B0F738949AEF8"
"80","GO-5220280-A67709203EFD42C1BEE387D1252F6BBE","AT","GO","5220280","A67709203EFD42C1BEE387D1252F6BBE","GO5220280A67709203EFD42C1BEE387D1252F6BBE"
"81","GO-5220280-40C9CCFCCCE84ED5BFAC72D41F10AAB8","PE","GO","5220280","40C9CCFCCCE84ED5BFAC72D41F10AAB8","GO522028040C9CCFCCCE84ED5BFAC72D41F10AAB8"
"82","GO-5220280-6936B25660F242428CF5556F7B2C8816","AT","GO","5220280","6936B25660F242428CF5556F7B2C8816","GO52202806936B25660F242428CF5556F7B2C8816"
"83","GO-5220280-BA118A86C93E4CD1B6C266C3DE6323E8","PE","GO","5220280","BA118A86C93E4CD1B6C266C3DE6323E8","GO5220280BA118A86C93E4CD1B6C266C3DE6323E8"
"84","GO-5220280-5E6B9B9041164435B1E554EF8541E02C","AT","GO","5220280","5E6B9B9041164435B1E554EF8541E02C","GO52202805E6B9B9041164435B1E554EF8541E02C"
"85","GO-5220280-A00F1202BC8640A19B189D7D799B8A91","PE","GO","5220280","A00F1202BC8640A19B189D7D799B8A91","GO5220280A00F1202BC8640A19B189D7D799B8A91"
"86","GO-5220280-B8F51CA978914E91BD1B6FA7230D4DAF","AT","GO","5220280","B8F51CA978914E91BD1B6FA7230D4DAF","GO5220280B8F51CA978914E91BD1B6FA7230D4DAF"
"87","GO-5220280-F16F77F252D1446DADA4D90BBBF16DEC","AT","GO","5220280","F16F77F252D1446DADA4D90BBBF16DEC","GO5220280F16F77F252D1446DADA4D90BBBF16DEC"
"88","GO-5220280-9D438EF882314F3E8D061AD5DACF7927","AT","GO","5220280","9D438EF882314F3E8D061AD5DACF7927","GO52202809D438EF882314F3E8D061AD5DACF7927"
"89","GO-5220280-CD07F37CD9FF49AB993B32E60823857C","AT","GO","5220280","CD07F37CD9FF49AB993B32E60823857C","GO5220280CD07F37CD9FF49AB993B32E60823857C"
"90","GO-5220280-719185B7EEAB416B8F7268038F08DCB0","PE","GO","5220280","719185B7EEAB416B8F7268038F08DCB0","GO5220280719185B7EEAB416B8F7268038F08DCB0"
"91","GO-5220280-F8411FEC62704161BDA92C3710AEB58A","AT","GO","5220280","F8411FEC62704161BDA92C3710AEB58A","GO5220280F8411FEC62704161BDA92C3710AEB58A"
"92","GO-5220280-6B6928D88579461498528BE9F2C56B77","AT","GO","5220280","6B6928D88579461498528BE9F2C56B77","GO52202806B6928D88579461498528BE9F2C56B77"
"93","GO-5220280-3AF335E5556942A5B6A50F01A94CC207","AT","GO","5220280","3AF335E5556942A5B6A50F01A94CC207","GO52202803AF335E5556942A5B6A50F01A94CC207"
"94","GO-5220280-7404503F07FC4BE2958CBB2C53A68CAF","AT","GO","5220280","7404503F07FC4BE2958CBB2C53A68CAF","GO52202807404503F07FC4BE2958CBB2C53A68CAF"
"95","GO-5220280-6B7F6726FC6A420B9F7AEC494E83E963","AT","GO","5220280","6B7F6726FC6A420B9F7AEC494E83E963","GO52202806B7F6726FC6A420B9F7AEC494E83E963"
"96","GO-5220280-94E92B3D30B949C992643116BE09BF31","AT","GO","5220280","94E92B3D30B949C992643116BE09BF31","GO522028094E92B3D30B949C992643116BE09BF31"
"97","GO-5220280-0D7F94F8F1F74054B35FA56AEA055C64","AT","GO","5220280","0D7F94F8F1F74054B35FA56AEA055C64","GO52202800D7F94F8F1F74054B35FA56AEA055C64"
"98","GO-5220280-FA2886D1B07D445EA36CB34ABA13EDD4","AT","GO","5220280","FA2886D1B07D445EA36CB34ABA13EDD4","GO5220280FA2886D1B07D445EA36CB34ABA13EDD4"
"99","GO-5220280-3403CCE8DD83456BAF9733F1EA4156B0","AT","GO","5220280","3403CCE8DD83456BAF9733F1EA4156B0","GO52202803403CCE8DD83456BAF9733F1EA4156B0"
"100","GO-5220280-714EB98C4C6B4458BC355F6D01F1CF6E","AT","GO","5220280","714EB98C4C6B4458BC355F6D01F1CF6E","GO5220280714EB98C4C6B4458BC355F6D01F1CF6E"
"101","GO-5220280-C250D1DDA0424D7D836D0C22F43EE086","AT","GO","5220280","C250D1DDA0424D7D836D0C22F43EE086","GO5220280C250D1DDA0424D7D836D0C22F43EE086"
"102","GO-5220280-4920F207A6814348BCE836FB478D59BE","AT","GO","5220280","4920F207A6814348BCE836FB478D59BE","GO52202804920F207A6814348BCE836FB478D59BE"
"103","GO-5220280-064C6D194A4246EBBCF5AE267BE7873E","AT","GO","5220280","064C6D194A4246EBBCF5AE267BE7873E","GO5220280064C6D194A4246EBBCF5AE267BE7873E"
"104","GO-5220280-9378F0EF737C41B691B634798ECDC5C1","AT","GO","5220280","9378F0EF737C41B691B634798ECDC5C1","GO52202809378F0EF737C41B691B634798ECDC5C1"
"105","GO-5220280-09EEDECFF809472EB325BD6020884647","AT","GO","5220280","09EEDECFF809472EB325BD6020884647","GO522028009EEDECFF809472EB325BD6020884647"
"106","GO-5220280-53256F344FE94808A0FB95B8D93DD9FB","AT","GO","5220280","53256F344FE94808A0FB95B8D93DD9FB","GO522028053256F344FE94808A0FB95B8D93DD9FB"
"107","GO-5220280-E19C88133E474447A7894CB19E972B1E","AT","GO","5220280","E19C88133E474447A7894CB19E972B1E","GO5220280E19C88133E474447A7894CB19E972B1E"
"108","GO-5220280-4F3EFAB613A645288FD7E43F1DAD4A49","PE","GO","5220280","4F3EFAB613A645288FD7E43F1DAD4A49","GO52202804F3EFAB613A645288FD7E43F1DAD4A49"
"109","GO-5220280-7E27B9B69C6C43C7AC24069A07219323","PE","GO","5220280","7E27B9B69C6C43C7AC24069A07219323","GO52202807E27B9B69C6C43C7AC24069A07219323"
"110","GO-5220280-128D6E9659FC47848A19BC4FF57C0D2B","AT","GO","5220280","128D6E9659FC47848A19BC4FF57C0D2B","GO5220280128D6E9659FC47848A19BC4FF57C0D2B"
"111","GO-5220280-422238BA52E24E0A99CF456C1A7B3216","PE","GO","5220280","422238BA52E24E0A99CF456C1A7B3216","GO5220280422238BA52E24E0A99CF456C1A7B3216"
"112","GO-5220280-C3A60BFC16434C53A954D5340FF39B4D","AT","GO","5220280","C3A60BFC16434C53A954D5340FF39B4D","GO5220280C3A60BFC16434C53A954D5340FF39B4D"
"113","GO-5220280-D087FAD3891F40009B5DD99A80CFF890","PE","GO","5220280","D087FAD3891F40009B5DD99A80CFF890","GO5220280D087FAD3891F40009B5DD99A80CFF890"
"114","GO-5220280-AFCBC3126F3B4572B71853A70A588356","AT","GO","5220280","AFCBC3126F3B4572B71853A70A588356","GO5220280AFCBC3126F3B4572B71853A70A588356"
"115","GO-5220280-C72F35386F2B41D7B52A36880B0D6F14","AT","GO","5220280","C72F35386F2B41D7B52A36880B0D6F14","GO5220280C72F35386F2B41D7B52A36880B0D6F14"
"116","GO-5220280-0DEFB79D7C7B4E92AD04ADE3905B2C9F","AT","GO","5220280","0DEFB79D7C7B4E92AD04ADE3905B2C9F","GO52202800DEFB79D7C7B4E92AD04ADE3905B2C9F"
"117","GO-5220280-1D2CEF9535BB4C19BABED08D0DD6E0E6","PE","GO","5220280","1D2CEF9535BB4C19BABED08D0DD6E0E6","GO52202801D2CEF9535BB4C19BABED08D0DD6E0E6"
"118","GO-5220280-11CC8226A7574D10AC17A2D6C9B2369D","PE","GO","5220280","11CC8226A7574D10AC17A2D6C9B2369D","GO522028011CC8226A7574D10AC17A2D6C9B2369D"
"119","GO-5220280-2980E58140924BE9A3571BEB63468B6A","AT","GO","5220280","2980E58140924BE9A3571BEB63468B6A","GO52202802980E58140924BE9A3571BEB63468B6A"
"120","GO-5220280-8BC1C5B85EB74485BAB197EBE2EAD58C","PE","GO","5220280","8BC1C5B85EB74485BAB197EBE2EAD58C","GO52202808BC1C5B85EB74485BAB197EBE2EAD58C"
"121","GO-5220280-52412345796842F9AE946A8277F6AEE2","AT","GO","5220280","52412345796842F9AE946A8277F6AEE2","GO522028052412345796842F9AE946A8277F6AEE2"
"122","GO-5220280-FBFFD259727A4222BE7706822421B92C","PE","GO","5220280","FBFFD259727A4222BE7706822421B92C","GO5220280FBFFD259727A4222BE7706822421B92C"
"123","GO-5220280-7CD18790439E4DDDB767BC45E1B8F42C","AT","GO","5220280","7CD18790439E4DDDB767BC45E1B8F42C","GO52202807CD18790439E4DDDB767BC45E1B8F42C"
"124","GO-5220280-35D9975D594044809104F79164D79210","AT","GO","5220280","35D9975D594044809104F79164D79210","GO522028035D9975D594044809104F79164D79210"
"125","GO-5220280-22A76EA4BD394E13AB23498529DB095F","PE","GO","5220280","22A76EA4BD394E13AB23498529DB095F","GO522028022A76EA4BD394E13AB23498529DB095F"
"126","GO-5220280-BC965DD6F374472C8786E60E28588E2F","PE","GO","5220280","BC965DD6F374472C8786E60E28588E2F","GO5220280BC965DD6F374472C8786E60E28588E2F"
"127","GO-5220280-525184AD45C04309925D1783CD55E9B7","AT","GO","5220280","525184AD45C04309925D1783CD55E9B7","GO5220280525184AD45C04309925D1783CD55E9B7"
"128","GO-5220280-9BECB7A0B0EF46048856B54B1B653EB0","AT","GO","5220280","9BECB7A0B0EF46048856B54B1B653EB0","GO52202809BECB7A0B0EF46048856B54B1B653EB0"
"129","GO-5220280-193C38535FB34BD682B42790F1C549A1","AT","GO","5220280","193C38535FB34BD682B42790F1C549A1","GO5220280193C38535FB34BD682B42790F1C549A1"
"130","GO-5220280-1EAF73CC8BB64F7EA7957A21A083F78C","AT","GO","5220280","1EAF73CC8BB64F7EA7957A21A083F78C","GO52202801EAF73CC8BB64F7EA7957A21A083F78C"
"131","GO-5220280-E49D03DE2F5A4FD786C443ED674B6D26","AT","GO","5220280","E49D03DE2F5A4FD786C443ED674B6D26","GO5220280E49D03DE2F5A4FD786C443ED674B6D26"
"132","GO-5220280-748FE291C7384B788AB399CD9F4585B6","AT","GO","5220280","748FE291C7384B788AB399CD9F4585B6","GO5220280748FE291C7384B788AB399CD9F4585B6"
"133","GO-5220280-C70C066284C94C368136B5271CBF7228","AT","GO","5220280","C70C066284C94C368136B5271CBF7228","GO5220280C70C066284C94C368136B5271CBF7228"
"134","GO-5220280-6AAEF90229844846873F78864AD1788F","AT","GO","5220280","6AAEF90229844846873F78864AD1788F","GO52202806AAEF90229844846873F78864AD1788F"
"135","GO-5220280-AB01FA905E71453DA32AC8C8360D5B69","AT","GO","5220280","AB01FA905E71453DA32AC8C8360D5B69","GO5220280AB01FA905E71453DA32AC8C8360D5B69"
"136","GO-5220280-BAA2D932F6004F32AA177E1802A34AA1","AT","GO","5220280","BAA2D932F6004F32AA177E1802A34AA1","GO5220280BAA2D932F6004F32AA177E1802A34AA1"
"137","GO-5220280-A2F1EB6F0C604A94AD9A981E0867412A","AT","GO","5220280","A2F1EB6F0C604A94AD9A981E0867412A","GO5220280A2F1EB6F0C604A94AD9A981E0867412A"
"138","GO-5220280-882D5212EBE9402F9ED59D4AFC45B7F7","AT","GO","5220280","882D5212EBE9402F9ED59D4AFC45B7F7","GO5220280882D5212EBE9402F9ED59D4AFC45B7F7"
"139","GO-5220280-D487BBED23EC40309B496F598BC8A76C","PE","GO","5220280","D487BBED23EC40309B496F598BC8A76C","GO5220280D487BBED23EC40309B496F598BC8A76C"
"140","GO-5220280-1C3F8085500347CEA1766E67133D36A5","PE","GO","5220280","1C3F8085500347CEA1766E67133D36A5","GO52202801C3F8085500347CEA1766E67133D36A5"
"141","GO-5220280-5E4FC6504E8C4D219C3509C7DBACDF55","PE","GO","5220280","5E4FC6504E8C4D219C3509C7DBACDF55","GO52202805E4FC6504E8C4D219C3509C7DBACDF55"
"142","GO-5220280-51DE7CB575634DF7BE305B6AC9126D88","AT","GO","5220280","51DE7CB575634DF7BE305B6AC9126D88","GO522028051DE7CB575634DF7BE305B6AC9126D88"
"143","GO-5220280-729B5041460745C8803A0AB8A0B92EA2","AT","GO","5220280","729B5041460745C8803A0AB8A0B92EA2","GO5220280729B5041460745C8803A0AB8A0B92EA2"
"144","GO-5220280-E10FD3B24E0A4981A9D3AE2EDC412D77","AT","GO","5220280","E10FD3B24E0A4981A9D3AE2EDC412D77","GO5220280E10FD3B24E0A4981A9D3AE2EDC412D77"
"145","GO-5220280-FC65F0F9DE364882B6A30AB1E75E7D8B","AT","GO","5220280","FC65F0F9DE364882B6A30AB1E75E7D8B","GO5220280FC65F0F9DE364882B6A30AB1E75E7D8B"
"146","GO-5220280-2788FAC19B0D44F9A6CD4958E6A13883","AT","GO","5220280","2788FAC19B0D44F9A6CD4958E6A13883","GO52202802788FAC19B0D44F9A6CD4958E6A13883"
"147","GO-5220280-4E4E4F984D234A658E890D3426CE606D","AT","GO","5220280","4E4E4F984D234A658E890D3426CE606D","GO52202804E4E4F984D234A658E890D3426CE606D"
"148","GO-5220280-2F1238E14C6748A292884B21B46FE574","AT","GO","5220280","2F1238E14C6748A292884B21B46FE574","GO52202802F1238E14C6748A292884B21B46FE574"
"149","GO-5220280-88BD4A58CFA648D1B296FDA41ABFF32F","AT","GO","5220280","88BD4A58CFA648D1B296FDA41ABFF32F","GO522028088BD4A58CFA648D1B296FDA41ABFF32F"
"150","GO-5220280-82F862F7B58449CD911B0F50C3B13412","PE","GO","5220280","82F862F7B58449CD911B0F50C3B13412","GO522028082F862F7B58449CD911B0F50C3B13412"
"151","GO-5220280-E5B6A8CC741B452CAAEF449F0B622032","AT","GO","5220280","E5B6A8CC741B452CAAEF449F0B622032","GO5220280E5B6A8CC741B452CAAEF449F0B622032"
"152","GO-5220280-A136731ECE51455F99DC7748CA7DDF2D","AT","GO","5220280","A136731ECE51455F99DC7748CA7DDF2D","GO5220280A136731ECE51455F99DC7748CA7DDF2D"
"153","GO-5220280-45B1ED8F445F421CB52ECEAC6549702B","PE","GO","5220280","45B1ED8F445F421CB52ECEAC6549702B","GO522028045B1ED8F445F421CB52ECEAC6549702B"
"154","GO-5220280-006D9F9D0B0549C79FBC8DBB6BD01B2A","AT","GO","5220280","006D9F9D0B0549C79FBC8DBB6BD01B2A","GO5220280006D9F9D0B0549C79FBC8DBB6BD01B2A"
"155","GO-5220280-4772CEDE024A43898DEB749E5473DB8C","AT","GO","5220280","4772CEDE024A43898DEB749E5473DB8C","GO52202804772CEDE024A43898DEB749E5473DB8C"
"156","GO-5220280-E5578CD84DC24ADA92EBDF64E98BF6A7","AT","GO","5220280","E5578CD84DC24ADA92EBDF64E98BF6A7","GO5220280E5578CD84DC24ADA92EBDF64E98BF6A7"
"157","GO-5220280-FD93F89D66B34AF8A9A232CDADBE7B25","AT","GO","5220280","FD93F89D66B34AF8A9A232CDADBE7B25","GO5220280FD93F89D66B34AF8A9A232CDADBE7B25"
"158","GO-5220280-CB9F9A5A26F8407981FF777680EF9D9B","PE","GO","5220280","CB9F9A5A26F8407981FF777680EF9D9B","GO5220280CB9F9A5A26F8407981FF777680EF9D9B"
"159","GO-5220280-E10C8509890B4972A6C361A478DE3DC4","AT","GO","5220280","E10C8509890B4972A6C361A478DE3DC4","GO5220280E10C8509890B4972A6C361A478DE3DC4"
"160","GO-5220280-F17E3A7631A14C1BA034F4DA7A186042","AT","GO","5220280","F17E3A7631A14C1BA034F4DA7A186042","GO5220280F17E3A7631A14C1BA034F4DA7A186042"
"161","GO-5220280-3867BEB326394E84953EC4FB45E5851E","AT","GO","5220280","3867BEB326394E84953EC4FB45E5851E","GO52202803867BEB326394E84953EC4FB45E5851E"
"162","GO-5220280-299D170C8D45466D9F5B91811010004A","AT","GO","5220280","299D170C8D45466D9F5B91811010004A","GO5220280299D170C8D45466D9F5B91811010004A"
"163","GO-5220280-A02BC6FD7DE84D4F8086A6EB2864332D","AT","GO","5220280","A02BC6FD7DE84D4F8086A6EB2864332D","GO5220280A02BC6FD7DE84D4F8086A6EB2864332D"
"164","GO-5220280-A5D927346D4E4CE3BB22F94A7DDCC49E","AT","GO","5220280","A5D927346D4E4CE3BB22F94A7DDCC49E","GO5220280A5D927346D4E4CE3BB22F94A7DDCC49E"
"165","GO-5220280-3B85640FF85341C099BB42CDCC397019","AT","GO","5220280","3B85640FF85341C099BB42CDCC397019","GO52202803B85640FF85341C099BB42CDCC397019"
"166","GO-5220280-67A4494E0E9E465B822E483704245B11","PE","GO","5220280","67A4494E0E9E465B822E483704245B11","GO522028067A4494E0E9E465B822E483704245B11"
"167","GO-5220280-213F468325B44F3AB1DFA456A641623C","AT","GO","5220280","213F468325B44F3AB1DFA456A641623C","GO5220280213F468325B44F3AB1DFA456A641623C"
"168","GO-5220280-49E9712ED24C4D1A8C8045D1534E0694","AT","GO","5220280","49E9712ED24C4D1A8C8045D1534E0694","GO522028049E9712ED24C4D1A8C8045D1534E0694"
"169","GO-5220280-5755C2FF86E54D9F8BA33A5204BD8764","AT","GO","5220280","5755C2FF86E54D9F8BA33A5204BD8764","GO52202805755C2FF86E54D9F8BA33A5204BD8764"
"170","GO-5220280-7C84B809286947898F3BA41221EED41F","AT","GO","5220280","7C84B809286947898F3BA41221EED41F","GO52202807C84B809286947898F3BA41221EED41F"
"171","GO-5220280-33CDA01E6F3941AD8D740F36B2B2B5B6","AT","GO","5220280","33CDA01E6F3941AD8D740F36B2B2B5B6","GO522028033CDA01E6F3941AD8D740F36B2B2B5B6"
"172","GO-5220280-A21A6F5E1D5C49C890CDCFAE11A4B528","PE","GO","5220280","A21A6F5E1D5C49C890CDCFAE11A4B528","GO5220280A21A6F5E1D5C49C890CDCFAE11A4B528"
"173","GO-5220280-46C3162F868D46069D2580866BBA4D04","AT","GO","5220280","46C3162F868D46069D2580866BBA4D04","GO522028046C3162F868D46069D2580866BBA4D04"
"174","GO-5220280-6729EB639C6F4928AE4AF3021224EA42","AT","GO","5220280","6729EB639C6F4928AE4AF3021224EA42","GO52202806729EB639C6F4928AE4AF3021224EA42"
"175","GO-5220280-9FE9D2954CD44A7EB13DF8674A3FB2B3","AT","GO","5220280","9FE9D2954CD44A7EB13DF8674A3FB2B3","GO52202809FE9D2954CD44A7EB13DF8674A3FB2B3"
"176","GO-5220280-59E1E91F22A64A6E9C17179D1A3F4840","AT","GO","5220280","59E1E91F22A64A6E9C17179D1A3F4840","GO522028059E1E91F22A64A6E9C17179D1A3F4840"
"177","GO-5220280-948EDC61F55A439999872DDA92038A24","AT","GO","5220280","948EDC61F55A439999872DDA92038A24","GO5220280948EDC61F55A439999872DDA92038A24"
"178","GO-5220280-32108F6E4F3D4A9CA2E39DE7689DE8D5","AT","GO","5220280","32108F6E4F3D4A9CA2E39DE7689DE8D5","GO522028032108F6E4F3D4A9CA2E39DE7689DE8D5"
"179","GO-5220280-6F809B2315A54FFDA9A17FA944D7C56A","AT","GO","5220280","6F809B2315A54FFDA9A17FA944D7C56A","GO52202806F809B2315A54FFDA9A17FA944D7C56A"
"180","GO-5220280-F64CB3285B074010A87D20019B94B00C","AT","GO","5220280","F64CB3285B074010A87D20019B94B00C","GO5220280F64CB3285B074010A87D20019B94B00C"
"181","GO-5220280-E2BDC464BD344EC3BBDE32CF3E9A0070","AT","GO","5220280","E2BDC464BD344EC3BBDE32CF3E9A0070","GO5220280E2BDC464BD344EC3BBDE32CF3E9A0070"
"182","GO-5220280-858BC31C04CC4CA5B41A6F3EA2BEA6D2","AT","GO","5220280","858BC31C04CC4CA5B41A6F3EA2BEA6D2","GO5220280858BC31C04CC4CA5B41A6F3EA2BEA6D2"
"183","GO-5220280-0E11C81632B242C2BC8A1D1DAA570232","AT","GO","5220280","0E11C81632B242C2BC8A1D1DAA570232","GO52202800E11C81632B242C2BC8A1D1DAA570232"
"184","GO-5220280-BDFFE97F8331459E9610F59A0B59B5A8","AT","GO","5220280","BDFFE97F8331459E9610F59A0B59B5A8","GO5220280BDFFE97F8331459E9610F59A0B59B5A8"
"185","GO-5220280-119D9DAE0F3F4CC480F6F1090A41244A","AT","GO","5220280","119D9DAE0F3F4CC480F6F1090A41244A","GO5220280119D9DAE0F3F4CC480F6F1090A41244A"
"186","GO-5220280-383CC97A4DCD429BA3AC3513E87FF4C4","AT","GO","5220280","383CC97A4DCD429BA3AC3513E87FF4C4","GO5220280383CC97A4DCD429BA3AC3513E87FF4C4"
"187","GO-5220280-21DD55FB01E44ACFA869A6F17AB9B291","AT","GO","5220280","21DD55FB01E44ACFA869A6F17AB9B291","GO522028021DD55FB01E44ACFA869A6F17AB9B291"
"188","GO-5220280-EEA5B498A04D43F4BEEC3EDE2D5B66C5","AT","GO","5220280","EEA5B498A04D43F4BEEC3EDE2D5B66C5","GO5220280EEA5B498A04D43F4BEEC3EDE2D5B66C5"
"189","GO-5220280-B5C41A44BFFD4DF694B70D81A6D4516B","AT","GO","5220280","B5C41A44BFFD4DF694B70D81A6D4516B","GO5220280B5C41A44BFFD4DF694B70D81A6D4516B"
"190","GO-5220280-38A663DC63AE428B8C2CC236E5EB1709","AT","GO","5220280","38A663DC63AE428B8C2CC236E5EB1709","GO522028038A663DC63AE428B8C2CC236E5EB1709"
"191","GO-5220280-300D1CED1D6548D8AF585D1943DEE517","AT","GO","5220280","300D1CED1D6548D8AF585D1943DEE517","GO5220280300D1CED1D6548D8AF585D1943DEE517"
"192","GO-5220280-CDB7875C3C234C3F903A6A599E709E17","AT","GO","5220280","CDB7875C3C234C3F903A6A599E709E17","GO5220280CDB7875C3C234C3F903A6A599E709E17"
"193","GO-5220280-6F5B024E449C43C49B8B99E13571A835","AT","GO","5220280","6F5B024E449C43C49B8B99E13571A835","GO52202806F5B024E449C43C49B8B99E13571A835"
"194","GO-5220280-94C39119CFD6477B902AB1FFE5813665","AT","GO","5220280","94C39119CFD6477B902AB1FFE5813665","GO522028094C39119CFD6477B902AB1FFE5813665"
"195","GO-5220280-F3EBCD1D74D14EC3912C514A015AB5EA","AT","GO","5220280","F3EBCD1D74D14EC3912C514A015AB5EA","GO5220280F3EBCD1D74D14EC3912C514A015AB5EA"
"196","GO-5220280-76E2156E55B549308F05C50533F5B2D7","AT","GO","5220280","76E2156E55B549308F05C50533F5B2D7","GO522028076E2156E55B549308F05C50533F5B2D7"
"197","GO-5220280-04694DAA81A143FA852A0980C463B0FF","AT","GO","5220280","04694DAA81A143FA852A0980C463B0FF","GO522028004694DAA81A143FA852A0980C463B0FF"
"198","GO-5220280-DDF9FDF096464F349E0C283040EC3772","AT","GO","5220280","DDF9FDF096464F349E0C283040EC3772","GO5220280DDF9FDF096464F349E0C283040EC3772"
"199","GO-5220280-3033110F3F6044EEA2CD8552C3FA50CF","AT","GO","5220280","3033110F3F6044EEA2CD8552C3FA50CF","GO52202803033110F3F6044EEA2CD8552C3FA50CF"
"200","GO-5220280-AE5D243BF77C4ECEA19C02F3F6FF53C1","AT","GO","5220280","AE5D243BF77C4ECEA19C02F3F6FF53C1","GO5220280AE5D243BF77C4ECEA19C02F3F6FF53C1"
"201","GO-5220280-C5CAA4530E6E483497C8C5FFA562954A","AT","GO","5220280","C5CAA4530E6E483497C8C5FFA562954A","GO5220280C5CAA4530E6E483497C8C5FFA562954A"
"202","GO-5220280-C85A7062259B4F2FBF086C8A16A937BA","AT","GO","5220280","C85A7062259B4F2FBF086C8A16A937BA","GO5220280C85A7062259B4F2FBF086C8A16A937BA"
"203","GO-5220280-CCBD7E15744F4C6FA9DB1E4031117673","AT","GO","5220280","CCBD7E15744F4C6FA9DB1E4031117673","GO5220280CCBD7E15744F4C6FA9DB1E4031117673"
"204","GO-5220280-5AAF3BB730B2455A9EC10FF4EA5EC43C","AT","GO","5220280","5AAF3BB730B2455A9EC10FF4EA5EC43C","GO52202805AAF3BB730B2455A9EC10FF4EA5EC43C"
"205","GO-5220280-9F647FAF17C3446D9F235C01E0F26715","AT","GO","5220280","9F647FAF17C3446D9F235C01E0F26715","GO52202809F647FAF17C3446D9F235C01E0F26715"
"206","GO-5220280-8CB52A92DA2A4107BD028D9F72769213","AT","GO","5220280","8CB52A92DA2A4107BD028D9F72769213","GO52202808CB52A92DA2A4107BD028D9F72769213"
"207","GO-5220280-DEFA1C2BE4B54B4AA3BFB1379938C9B0","AT","GO","5220280","DEFA1C2BE4B54B4AA3BFB1379938C9B0","GO5220280DEFA1C2BE4B54B4AA3BFB1379938C9B0"
"208","GO-5220280-89693DF9B9CF4ABD8DF8F9B6A479C9DC","AT","GO","5220280","89693DF9B9CF4ABD8DF8F9B6A479C9DC","GO522028089693DF9B9CF4ABD8DF8F9B6A479C9DC"
"209","GO-5220280-E392A86FFD8E4D4DB797AF373AAA529C","AT","GO","5220280","E392A86FFD8E4D4DB797AF373AAA529C","GO5220280E392A86FFD8E4D4DB797AF373AAA529C"
"210","GO-5220280-F4E814F0EFA54B1BBF5389DF142A1904","AT","GO","5220280","F4E814F0EFA54B1BBF5389DF142A1904","GO5220280F4E814F0EFA54B1BBF5389DF142A1904"
"211","GO-5220280-19D5CE3F60BC437E87DE51D9179286F5","AT","GO","5220280","19D5CE3F60BC437E87DE51D9179286F5","GO522028019D5CE3F60BC437E87DE51D9179286F5"
"212","GO-5220280-A6A1DA4B1A404E78838E3DA00801582F","AT","GO","5220280","A6A1DA4B1A404E78838E3DA00801582F","GO5220280A6A1DA4B1A404E78838E3DA00801582F"
"213","GO-5220280-09CD71A9106644A989DE08C79FC1D554","AT","GO","5220280","09CD71A9106644A989DE08C79FC1D554","GO522028009CD71A9106644A989DE08C79FC1D554"
"214","GO-5220280-382138E032B743498813DF7A86B7C299","AT","GO","5220280","382138E032B743498813DF7A86B7C299","GO5220280382138E032B743498813DF7A86B7C299"
"215","GO-5220280-4CE4DF1D8CFD4F48932B9F2D9E9A3876","AT","GO","5220280","4CE4DF1D8CFD4F48932B9F2D9E9A3876","GO52202804CE4DF1D8CFD4F48932B9F2D9E9A3876"
"216","GO-5220280-5999951A10A94D878C8000D4AB3D6C12","AT","GO","5220280","5999951A10A94D878C8000D4AB3D6C12","GO52202805999951A10A94D878C8000D4AB3D6C12"
"217","GO-5220280-7714940BFA084267A01B6115EA701D08","AT","GO","5220280","7714940BFA084267A01B6115EA701D08","GO52202807714940BFA084267A01B6115EA701D08"
"218","GO-5220280-82AD49E4DA554E7A8941506572B12BBE","AT","GO","5220280","82AD49E4DA554E7A8941506572B12BBE","GO522028082AD49E4DA554E7A8941506572B12BBE"
"219","GO-5220280-24E030F6401445C88ED4BF2D03946634","AT","GO","5220280","24E030F6401445C88ED4BF2D03946634","GO522028024E030F6401445C88ED4BF2D03946634"
"220","GO-5220280-AB98D4720FF847199F0147CB320E5ABD","AT","GO","5220280","AB98D4720FF847199F0147CB320E5ABD","GO5220280AB98D4720FF847199F0147CB320E5ABD"
"221","GO-5220280-F7025EB4A8DB4038A135097D283E0E48","AT","GO","5220280","F7025EB4A8DB4038A135097D283E0E48","GO5220280F7025EB4A8DB4038A135097D283E0E48"
"222","GO-5220280-9D50A9A84E6A4E88832979F493AB1BAD","AT","GO","5220280","9D50A9A84E6A4E88832979F493AB1BAD","GO52202809D50A9A84E6A4E88832979F493AB1BAD"
"223","GO-5220280-CCBB9A45444F4F4AB194FB37C462496A","AT","GO","5220280","CCBB9A45444F4F4AB194FB37C462496A","GO5220280CCBB9A45444F4F4AB194FB37C462496A"
"224","GO-5220280-C2521D65CED64622B80D991151BC69EE","AT","GO","5220280","C2521D65CED64622B80D991151BC69EE","GO5220280C2521D65CED64622B80D991151BC69EE"
"225","GO-5220280-D10DBC834F1C42B3B1C68D3A424A4FA3","AT","GO","5220280","D10DBC834F1C42B3B1C68D3A424A4FA3","GO5220280D10DBC834F1C42B3B1C68D3A424A4FA3"
"226","GO-5220280-C829AEEE0D404600B43A868598C4B386","AT","GO","5220280","C829AEEE0D404600B43A868598C4B386","GO5220280C829AEEE0D404600B43A868598C4B386"
"227","GO-5220280-AB64BF1A60E44C82AC08DF712200D94E","AT","GO","5220280","AB64BF1A60E44C82AC08DF712200D94E","GO5220280AB64BF1A60E44C82AC08DF712200D94E"
"228","GO-5220280-2825BFD0B4074C00B634AF302B22AAA9","AT","GO","5220280","2825BFD0B4074C00B634AF302B22AAA9","GO52202802825BFD0B4074C00B634AF302B22AAA9"
"229","GO-5220280-27D854B7093947DDAB8DB00D69087259","AT","GO","5220280","27D854B7093947DDAB8DB00D69087259","GO522028027D854B7093947DDAB8DB00D69087259"
"230","GO-5220280-E86652824D384EE5BDB2029FC4334589","AT","GO","5220280","E86652824D384EE5BDB2029FC4334589","GO5220280E86652824D384EE5BDB2029FC4334589"
"231","GO-5220280-1FDC3F0075424E02877C2111D83F4404","AT","GO","5220280","1FDC3F0075424E02877C2111D83F4404","GO52202801FDC3F0075424E02877C2111D83F4404"
"232","GO-5220280-4962F761F5C7401889958B12F430658B","AT","GO","5220280","4962F761F5C7401889958B12F430658B","GO52202804962F761F5C7401889958B12F430658B"
"233","GO-5220280-6A8E72A206B24311918C1F3FD86877F8","AT","GO","5220280","6A8E72A206B24311918C1F3FD86877F8","GO52202806A8E72A206B24311918C1F3FD86877F8"
"234","GO-5220280-7707C122BE9D476DB94AE64103707E10","AT","GO","5220280","7707C122BE9D476DB94AE64103707E10","GO52202807707C122BE9D476DB94AE64103707E10"
"235","GO-5220280-81DB0B86CC4F4792A34D097F6815733F","AT","GO","5220280","81DB0B86CC4F4792A34D097F6815733F","GO522028081DB0B86CC4F4792A34D097F6815733F"
"236","GO-5220280-9A15479B657F48078EF9D74E162E93B6","AT","GO","5220280","9A15479B657F48078EF9D74E162E93B6","GO52202809A15479B657F48078EF9D74E162E93B6"
"237","GO-5220280-99EDC9C3278A4237BA92C24326E1ED14","AT","GO","5220280","99EDC9C3278A4237BA92C24326E1ED14","GO522028099EDC9C3278A4237BA92C24326E1ED14"
"238","GO-5220280-FE152B3E3E60443886A9501F1102D675","AT","GO","5220280","FE152B3E3E60443886A9501F1102D675","GO5220280FE152B3E3E60443886A9501F1102D675"
"239","GO-5220280-C0382563CDE84AF58CB0F258E9BAE761","AT","GO","5220280","C0382563CDE84AF58CB0F258E9BAE761","GO5220280C0382563CDE84AF58CB0F258E9BAE761"
"240","GO-5220280-4EAE9411D17E45F29AF1EC4E108D55EA","AT","GO","5220280","4EAE9411D17E45F29AF1EC4E108D55EA","GO52202804EAE9411D17E45F29AF1EC4E108D55EA"
"241","GO-5220280-73DA271279864C97B3E082CB07C38151","AT","GO","5220280","73DA271279864C97B3E082CB07C38151","GO522028073DA271279864C97B3E082CB07C38151"
"242","GO-5220280-090BBAE3CC5F42F2972DC390259A6A90","AT","GO","5220280","090BBAE3CC5F42F2972DC390259A6A90","GO5220280090BBAE3CC5F42F2972DC390259A6A90"
"243","GO-5220280-06A5DDF849CD405F879E126D5A91493D","AT","GO","5220280","06A5DDF849CD405F879E126D5A91493D","GO522028006A5DDF849CD405F879E126D5A91493D"
"244","GO-5220280-93FEFD18B62845F3A78041CB986C2F4B","AT","GO","5220280","93FEFD18B62845F3A78041CB986C2F4B","GO522028093FEFD18B62845F3A78041CB986C2F4B"
"245","GO-5220280-602E3221873440B18673850E5B01F528","AT","GO","5220280","602E3221873440B18673850E5B01F528","GO5220280602E3221873440B18673850E5B01F528"
"246","GO-5220280-2BB95637F9F543E9A7B9499008B7203B","AT","GO","5220280","2BB95637F9F543E9A7B9499008B7203B","GO52202802BB95637F9F543E9A7B9499008B7203B"
"247","GO-5220280-4342769EA3484518A93A8C1D657C221D","AT","GO","5220280","4342769EA3484518A93A8C1D657C221D","GO52202804342769EA3484518A93A8C1D657C221D"
"248","GO-5220280-C690FB58E41945ACBB5C3AFBBA3E4CD2","AT","GO","5220280","C690FB58E41945ACBB5C3AFBBA3E4CD2","GO5220280C690FB58E41945ACBB5C3AFBBA3E4CD2"
"249","GO-5220280-EB9E282C00CA48E18E54305F4DE3A55C","AT","GO","5220280","EB9E282C00CA48E18E54305F4DE3A55C","GO5220280EB9E282C00CA48E18E54305F4DE3A55C"
"250","GO-5220280-2330D64DFB6B4DC983F0913E54755595","AT","GO","5220280","2330D64DFB6B4DC983F0913E54755595","GO52202802330D64DFB6B4DC983F0913E54755595"
"251","GO-5220280-DF3D683D56AE45CA9E02ED6680F0C863","AT","GO","5220280","DF3D683D56AE45CA9E02ED6680F0C863","GO5220280DF3D683D56AE45CA9E02ED6680F0C863"
"252","GO-5220280-8020CF6B48F74200BE349FA8908E663B","AT","GO","5220280","8020CF6B48F74200BE349FA8908E663B","GO52202808020CF6B48F74200BE349FA8908E663B"
"253","GO-5220280-16A350E515C44CF2945E79D2BEDAF4F4","AT","GO","5220280","16A350E515C44CF2945E79D2BEDAF4F4","GO522028016A350E515C44CF2945E79D2BEDAF4F4"
"254","GO-5220280-6D8A0E96D12F402A96F0FA37BB9703F9","AT","GO","5220280","6D8A0E96D12F402A96F0FA37BB9703F9","GO52202806D8A0E96D12F402A96F0FA37BB9703F9"
"255","GO-5220280-05987DA2954348D2872CAF82EFABE02A","AT","GO","5220280","05987DA2954348D2872CAF82EFABE02A","GO522028005987DA2954348D2872CAF82EFABE02A"
"256","GO-5220280-93F11AFDE3654F9585305C21BDE5EB78","AT","GO","5220280","93F11AFDE3654F9585305C21BDE5EB78","GO522028093F11AFDE3654F9585305C21BDE5EB78"
"257","GO-5220280-11F0F4C8A0B64705AACD8C510D6DE340","AT","GO","5220280","11F0F4C8A0B64705AACD8C510D6DE340","GO522028011F0F4C8A0B64705AACD8C510D6DE340"
"258","GO-5220280-F3DE5BD35387494FBEB75D5D78684BA2","AT","GO","5220280","F3DE5BD35387494FBEB75D5D78684BA2","GO5220280F3DE5BD35387494FBEB75D5D78684BA2"
"259","GO-5220280-63D0B250C1D14CF282F750D9B15AB46E","AT","GO","5220280","63D0B250C1D14CF282F750D9B15AB46E","GO522028063D0B250C1D14CF282F750D9B15AB46E"
"260","GO-5220280-4B41FDD1C8914037BA29917476D59A09","AT","GO","5220280","4B41FDD1C8914037BA29917476D59A09","GO52202804B41FDD1C8914037BA29917476D59A09"
"261","GO-5220280-8E2B03819EF54A478A93240E3214235C","AT","GO","5220280","8E2B03819EF54A478A93240E3214235C","GO52202808E2B03819EF54A478A93240E3214235C"
"262","GO-5220280-138F0E736B644E6CA5BCD1C57D4B22EE","PE","GO","5220280","138F0E736B644E6CA5BCD1C57D4B22EE","GO5220280138F0E736B644E6CA5BCD1C57D4B22EE"
"263","GO-5220280-D123D539435A4497923564B58F7AD83C","AT","GO","5220280","D123D539435A4497923564B58F7AD83C","GO5220280D123D539435A4497923564B58F7AD83C"
"264","GO-5220280-2F74BD4EA7C04CB38D694B2C0A08B63F","AT","GO","5220280","2F74BD4EA7C04CB38D694B2C0A08B63F","GO52202802F74BD4EA7C04CB38D694B2C0A08B63F"
"265","GO-5220280-D9743E7F1478480593495062C8887744","AT","GO","5220280","D9743E7F1478480593495062C8887744","GO5220280D9743E7F1478480593495062C8887744"
"266","GO-5220280-875F770F719B4E4697B7BEBBA455C3D5","AT","GO","5220280","875F770F719B4E4697B7BEBBA455C3D5","GO5220280875F770F719B4E4697B7BEBBA455C3D5"
"267","GO-5220280-75F9B93E92FB4ACEAE86C8B183512241","AT","GO","5220280","75F9B93E92FB4ACEAE86C8B183512241","GO522028075F9B93E92FB4ACEAE86C8B183512241"
"268","GO-5220280-024B6190E30A4796A20A16D19BE88B7C","AT","GO","5220280","024B6190E30A4796A20A16D19BE88B7C","GO5220280024B6190E30A4796A20A16D19BE88B7C"
"269","GO-5220280-20DE45C9B26D4B26A39640CE3BB301B1","AT","GO","5220280","20DE45C9B26D4B26A39640CE3BB301B1","GO522028020DE45C9B26D4B26A39640CE3BB301B1"
"270","GO-5220280-A9E00904EEA24256A27A038137367EA5","AT","GO","5220280","A9E00904EEA24256A27A038137367EA5","GO5220280A9E00904EEA24256A27A038137367EA5"
"271","GO-5220280-FC4BB6DE18C143A49E863BAAC0E373A7","AT","GO","5220280","FC4BB6DE18C143A49E863BAAC0E373A7","GO5220280FC4BB6DE18C143A49E863BAAC0E373A7"
"272","GO-5220280-757DACD8A2EB455AA305C2932265FFF4","AT","GO","5220280","757DACD8A2EB455AA305C2932265FFF4","GO5220280757DACD8A2EB455AA305C2932265FFF4"
"273","GO-5220280-6E66585859CB45DA8A8FDE8907417CAF","AT","GO","5220280","6E66585859CB45DA8A8FDE8907417CAF","GO52202806E66585859CB45DA8A8FDE8907417CAF"
"274","GO-5220280-0052E5FB74A7418AB6262124211D41CA","AT","GO","5220280","0052E5FB74A7418AB6262124211D41CA","GO52202800052E5FB74A7418AB6262124211D41CA"
"275","GO-5220280-AF7A55E71DDD4A7591070A8240BD43C1","AT","GO","5220280","AF7A55E71DDD4A7591070A8240BD43C1","GO5220280AF7A55E71DDD4A7591070A8240BD43C1"
"276","GO-5220280-2C67196635394483986FBE1224CEEC16","PE","GO","5220280","2C67196635394483986FBE1224CEEC16","GO52202802C67196635394483986FBE1224CEEC16"
"277","GO-5220280-EF1523E521AB4337BDB6F563374ED32C","AT","GO","5220280","EF1523E521AB4337BDB6F563374ED32C","GO5220280EF1523E521AB4337BDB6F563374ED32C"
"278","GO-5220280-EB5EF8F9F5BE4181AC789685DA700A25","AT","GO","5220280","EB5EF8F9F5BE4181AC789685DA700A25","GO5220280EB5EF8F9F5BE4181AC789685DA700A25"
"279","GO-5220280-A7005E0CDC0E46818E2293319848627D","AT","GO","5220280","A7005E0CDC0E46818E2293319848627D","GO5220280A7005E0CDC0E46818E2293319848627D"
"280","GO-5220280-00C0DC8C716E4621A175322B733AB59A","AT","GO","5220280","00C0DC8C716E4621A175322B733AB59A","GO522028000C0DC8C716E4621A175322B733AB59A"
"281","GO-5220280-539488462FA44C8690F7F01EAF0E98E8","AT","GO","5220280","539488462FA44C8690F7F01EAF0E98E8","GO5220280539488462FA44C8690F7F01EAF0E98E8"
"282","GO-5220280-E7188B84CF7042D5B5B7CB594D9AAA5E","AT","GO","5220280","E7188B84CF7042D5B5B7CB594D9AAA5E","GO5220280E7188B84CF7042D5B5B7CB594D9AAA5E"
"283","GO-5220280-F323C64305D642D6B1E09A9FF64A6E11","AT","GO","5220280","F323C64305D642D6B1E09A9FF64A6E11","GO5220280F323C64305D642D6B1E09A9FF64A6E11"
"284","GO-5220280-ACC07D96DBD14C5D8053F9CBC47F772B","AT","GO","5220280","ACC07D96DBD14C5D8053F9CBC47F772B","GO5220280ACC07D96DBD14C5D8053F9CBC47F772B"
"285","GO-5220280-D49ABF3DECD04733B0DB82BD37695EB3","AT","GO","5220280","D49ABF3DECD04733B0DB82BD37695EB3","GO5220280D49ABF3DECD04733B0DB82BD37695EB3"
"286","GO-5220280-3F626E9CFE98447B8CA385F381F081CE","AT","GO","5220280","3F626E9CFE98447B8CA385F381F081CE","GO52202803F626E9CFE98447B8CA385F381F081CE"
"287","GO-5220280-D978FBF5F941415A8CA4F9BE1A3A706B","AT","GO","5220280","D978FBF5F941415A8CA4F9BE1A3A706B","GO5220280D978FBF5F941415A8CA4F9BE1A3A706B"
"288","GO-5220280-4DCA0BFA034B4F1B905CEA6A2687D51C","AT","GO","5220280","4DCA0BFA034B4F1B905CEA6A2687D51C","GO52202804DCA0BFA034B4F1B905CEA6A2687D51C"
"289","GO-5220280-75E45AB3860043CEAA9ACE8EB9EE6DF8","AT","GO","5220280","75E45AB3860043CEAA9ACE8EB9EE6DF8","GO522028075E45AB3860043CEAA9ACE8EB9EE6DF8"
"290","GO-5220280-BC167A122BAE4C7398E074ADC9D0D6BB","AT","GO","5220280","BC167A122BAE4C7398E074ADC9D0D6BB","GO5220280BC167A122BAE4C7398E074ADC9D0D6BB"
"291","GO-5220280-AAD82E99E55249CE8A6D99DDAE7C9A93","AT","GO","5220280","AAD82E99E55249CE8A6D99DDAE7C9A93","GO5220280AAD82E99E55249CE8A6D99DDAE7C9A93"
"292","GO-5220280-B4CED703FDFA42569D81F6029F9EF165","AT","GO","5220280","B4CED703FDFA42569D81F6029F9EF165","GO5220280B4CED703FDFA42569D81F6029F9EF165"
"293","GO-5220280-55AB7429BF314EA3B544B57E83DC1222","AT","GO","5220280","55AB7429BF314EA3B544B57E83DC1222","GO522028055AB7429BF314EA3B544B57E83DC1222"
"294","GO-5220280-1F3F2FF2855347FDB346C3490AD7B41B","AT","GO","5220280","1F3F2FF2855347FDB346C3490AD7B41B","GO52202801F3F2FF2855347FDB346C3490AD7B41B"
"295","GO-5220280-6B32D419434843D79E845A501FE8AC14","AT","GO","5220280","6B32D419434843D79E845A501FE8AC14","GO52202806B32D419434843D79E845A501FE8AC14"
"296","GO-5220280-C2B6197EF1024BFBA792C34F45AD1C26","AT","GO","5220280","C2B6197EF1024BFBA792C34F45AD1C26","GO5220280C2B6197EF1024BFBA792C34F45AD1C26"
"297","GO-5220280-86D343CC371A4244B0126817FBE165E9","AT","GO","5220280","86D343CC371A4244B0126817FBE165E9","GO522028086D343CC371A4244B0126817FBE165E9"
"298","GO-5220280-2D7FAA2AD55B473BB7533E29D9AB8EE0","AT","GO","5220280","2D7FAA2AD55B473BB7533E29D9AB8EE0","GO52202802D7FAA2AD55B473BB7533E29D9AB8EE0"
"299","GO-5220280-3D5686330B024107A0CDF119D7DF183A","AT","GO","5220280","3D5686330B024107A0CDF119D7DF183A","GO52202803D5686330B024107A0CDF119D7DF183A"
"300","GO-5220280-D86091E1D8344BA6922CD0190D08299F","AT","GO","5220280","D86091E1D8344BA6922CD0190D08299F","GO5220280D86091E1D8344BA6922CD0190D08299F"
"301","GO-5220280-D3CB7B4DFE51487EBB72742F4E8CF39A","AT","GO","5220280","D3CB7B4DFE51487EBB72742F4E8CF39A","GO5220280D3CB7B4DFE51487EBB72742F4E8CF39A"
"302","GO-5220280-736D36935D3B40A79BC03DB41CDBE855","AT","GO","5220280","736D36935D3B40A79BC03DB41CDBE855","GO5220280736D36935D3B40A79BC03DB41CDBE855"
"303","GO-5220280-8A70F907C3414736A42A2E12837BCE60","PE","GO","5220280","8A70F907C3414736A42A2E12837BCE60","GO52202808A70F907C3414736A42A2E12837BCE60"
"304","GO-5220280-28417F8C2BEE45A1815E9CECB29EF6BE","AT","GO","5220280","28417F8C2BEE45A1815E9CECB29EF6BE","GO522028028417F8C2BEE45A1815E9CECB29EF6BE"
"305","GO-5220280-AFDE2A3C4E8A49F4959D38F24D00B7F8","AT","GO","5220280","AFDE2A3C4E8A49F4959D38F24D00B7F8","GO5220280AFDE2A3C4E8A49F4959D38F24D00B7F8"
"306","GO-5220280-9555E2AE7FDB4F71AA6FCE4C2E1E072F","AT","GO","5220280","9555E2AE7FDB4F71AA6FCE4C2E1E072F","GO52202809555E2AE7FDB4F71AA6FCE4C2E1E072F"
"307","GO-5220280-FF02D9A0C07E456DA767AC177C400188","AT","GO","5220280","FF02D9A0C07E456DA767AC177C400188","GO5220280FF02D9A0C07E456DA767AC177C400188"
"308","GO-5220280-726EB38129754960B31C7641D4FAB7B3","AT","GO","5220280","726EB38129754960B31C7641D4FAB7B3","GO5220280726EB38129754960B31C7641D4FAB7B3"
"309","GO-5220280-B84FE7450C5749BEB94584AF54B093C1","AT","GO","5220280","B84FE7450C5749BEB94584AF54B093C1","GO5220280B84FE7450C5749BEB94584AF54B093C1"
"310","GO-5220280-F6931C080CA34499A5AA1F0D9EA43502","AT","GO","5220280","F6931C080CA34499A5AA1F0D9EA43502","GO5220280F6931C080CA34499A5AA1F0D9EA43502"
"311","GO-5220280-40B0451FD6FD496FB61CFDAEE57DD034","AT","GO","5220280","40B0451FD6FD496FB61CFDAEE57DD034","GO522028040B0451FD6FD496FB61CFDAEE57DD034"
"312","GO-5220280-5D8A6C4ACAF5437E82FF1B6EDA33198C","AT","GO","5220280","5D8A6C4ACAF5437E82FF1B6EDA33198C","GO52202805D8A6C4ACAF5437E82FF1B6EDA33198C"
"313","GO-5220280-8F4F34F19BF841C1870078FFCBC73335","AT","GO","5220280","8F4F34F19BF841C1870078FFCBC73335","GO52202808F4F34F19BF841C1870078FFCBC73335"
"314","GO-5220280-F366184E0CBB48E698317894674B5256","AT","GO","5220280","F366184E0CBB48E698317894674B5256","GO5220280F366184E0CBB48E698317894674B5256"
"315","GO-5220280-B2681FF8DA74419B85BFBBC96AA8C7F3","AT","GO","5220280","B2681FF8DA74419B85BFBBC96AA8C7F3","GO5220280B2681FF8DA74419B85BFBBC96AA8C7F3"
"316","GO-5220280-2BC20E716E8A481085F7EB19B743479A","AT","GO","5220280","2BC20E716E8A481085F7EB19B743479A","GO52202802BC20E716E8A481085F7EB19B743479A"
"317","GO-5220280-22503AAF6C924DE499FFB6DBFAFD2757","AT","GO","5220280","22503AAF6C924DE499FFB6DBFAFD2757","GO522028022503AAF6C924DE499FFB6DBFAFD2757"
"318","GO-5220280-D9B2832290FB44B895BC2FC54552CA3B","AT","GO","5220280","D9B2832290FB44B895BC2FC54552CA3B","GO5220280D9B2832290FB44B895BC2FC54552CA3B"
"319","GO-5220280-E444B959089542C2861B94C06A6B46BA","AT","GO","5220280","E444B959089542C2861B94C06A6B46BA","GO5220280E444B959089542C2861B94C06A6B46BA"
"320","GO-5220280-F7448B2C9F204968969F592A1B03B347","AT","GO","5220280","F7448B2C9F204968969F592A1B03B347","GO5220280F7448B2C9F204968969F592A1B03B347"
"321","GO-5220280-45CB9D1D7B9F4D11B3C382672EF6A084","AT","GO","5220280","45CB9D1D7B9F4D11B3C382672EF6A084","GO522028045CB9D1D7B9F4D11B3C382672EF6A084"
"322","GO-5220280-BE71E5A4003E4F15ABCE6A45BBF2EE24","AT","GO","5220280","BE71E5A4003E4F15ABCE6A45BBF2EE24","GO5220280BE71E5A4003E4F15ABCE6A45BBF2EE24"
"323","GO-5220280-F234EC6581D147329693C046D1857969","AT","GO","5220280","F234EC6581D147329693C046D1857969","GO5220280F234EC6581D147329693C046D1857969"
"324","GO-5220280-8A19374529334001B2384B3618D1C6D5","AT","GO","5220280","8A19374529334001B2384B3618D1C6D5","GO52202808A19374529334001B2384B3618D1C6D5"
"325","GO-5220280-EF25306CB34F470796D7FD3F1053A943","AT","GO","5220280","EF25306CB34F470796D7FD3F1053A943","GO5220280EF25306CB34F470796D7FD3F1053A943"
"326","GO-5220280-7900B5C950DD469F8D3C6F2271E0A2FD","AT","GO","5220280","7900B5C950DD469F8D3C6F2271E0A2FD","GO52202807900B5C950DD469F8D3C6F2271E0A2FD"
"327","GO-5220280-C943E3795F134FC58D9530DD038E839A","AT","GO","5220280","C943E3795F134FC58D9530DD038E839A","GO5220280C943E3795F134FC58D9530DD038E839A"
"328","GO-5220280-358EA09EB52C480D831EC5ED7FFF1DD3","AT","GO","5220280","358EA09EB52C480D831EC5ED7FFF1DD3","GO5220280358EA09EB52C480D831EC5ED7FFF1DD3"
"329","GO-5220280-8DAFB9E708654EFD95BBBE7A572F70F0","AT","GO","5220280","8DAFB9E708654EFD95BBBE7A572F70F0","GO52202808DAFB9E708654EFD95BBBE7A572F70F0"
"330","GO-5220280-FB6662D17067454F893593845D6F3BED","AT","GO","5220280","FB6662D17067454F893593845D6F3BED","GO5220280FB6662D17067454F893593845D6F3BED"
"331","GO-5220280-BD7B1F9255054090AE24920CF74053E5","AT","GO","5220280","BD7B1F9255054090AE24920CF74053E5","GO5220280BD7B1F9255054090AE24920CF74053E5"
"332","GO-5220280-55964635CC1E47439AAE3AA5DAE491B9","AT","GO","5220280","55964635CC1E47439AAE3AA5DAE491B9","GO522028055964635CC1E47439AAE3AA5DAE491B9"
"333","GO-5220280-75D2B2140CC148829F2730DF8A0A147B","AT","GO","5220280","75D2B2140CC148829F2730DF8A0A147B","GO522028075D2B2140CC148829F2730DF8A0A147B"
"334","GO-5220280-FDE8A894355F4B64AE98F42B57213CC9","AT","GO","5220280","FDE8A894355F4B64AE98F42B57213CC9","GO5220280FDE8A894355F4B64AE98F42B57213CC9"
"335","GO-5220280-DA961DEE486C438C848158693E43E810","AT","GO","5220280","DA961DEE486C438C848158693E43E810","GO5220280DA961DEE486C438C848158693E43E810"
"336","GO-5220280-8AB3C7BF925E4046A8E05428F26E62F3","AT","GO","5220280","8AB3C7BF925E4046A8E05428F26E62F3","GO52202808AB3C7BF925E4046A8E05428F26E62F3"
"337","GO-5220280-D115C32358154C21B574ECDBF649892A","AT","GO","5220280","D115C32358154C21B574ECDBF649892A","GO5220280D115C32358154C21B574ECDBF649892A"
"338","GO-5220280-437BDC121D81403D82F6B8A48A852654","PE","GO","5220280","437BDC121D81403D82F6B8A48A852654","GO5220280437BDC121D81403D82F6B8A48A852654"
"339","GO-5220280-9B1C3915E04643BCAAB9A8BD57FEC70A","AT","GO","5220280","9B1C3915E04643BCAAB9A8BD57FEC70A","GO52202809B1C3915E04643BCAAB9A8BD57FEC70A"
"340","GO-5220280-38680CF79A284B4481766C36760F0023","AT","GO","5220280","38680CF79A284B4481766C36760F0023","GO522028038680CF79A284B4481766C36760F0023"
"341","GO-5220280-81742ED44F0145BB97E2313CC086E4AC","AT","GO","5220280","81742ED44F0145BB97E2313CC086E4AC","GO522028081742ED44F0145BB97E2313CC086E4AC"
"342","GO-5220280-2EF7AED73F0346EA9561DFB3537FAE96","AT","GO","5220280","2EF7AED73F0346EA9561DFB3537FAE96","GO52202802EF7AED73F0346EA9561DFB3537FAE96"
"343","GO-5220280-BB9078A357AC4C188905C7F493DB56BA","AT","GO","5220280","BB9078A357AC4C188905C7F493DB56BA","GO5220280BB9078A357AC4C188905C7F493DB56BA"
"344","GO-5220280-1676738B41694166A9BBE595932A1623","AT","GO","5220280","1676738B41694166A9BBE595932A1623","GO52202801676738B41694166A9BBE595932A1623"
"345","GO-5220280-05338797B40A4CE3B65583A9BCC100D7","AT","GO","5220280","05338797B40A4CE3B65583A9BCC100D7","GO522028005338797B40A4CE3B65583A9BCC100D7"
"346","GO-5220280-ED678FB8C39A4F318DC4070669E01D56","AT","GO","5220280","ED678FB8C39A4F318DC4070669E01D56","GO5220280ED678FB8C39A4F318DC4070669E01D56"
"347","GO-5220280-20F05F752E7F48E2AB31271F8D68713B","AT","GO","5220280","20F05F752E7F48E2AB31271F8D68713B","GO522028020F05F752E7F48E2AB31271F8D68713B"
"348","GO-5220280-95FD8B33CD77408AB3AF19A7988376A7","AT","GO","5220280","95FD8B33CD77408AB3AF19A7988376A7","GO522028095FD8B33CD77408AB3AF19A7988376A7"
"349","GO-5220280-1B083E7F6CDD4B74AF93C27B600A3A7C","AT","GO","5220280","1B083E7F6CDD4B74AF93C27B600A3A7C","GO52202801B083E7F6CDD4B74AF93C27B600A3A7C"
"350","GO-5220280-18B0DBD8D1C74AA097206BAD35B2ED30","AT","GO","5220280","18B0DBD8D1C74AA097206BAD35B2ED30","GO522028018B0DBD8D1C74AA097206BAD35B2ED30"
"351","GO-5220280-63BF1BA81276423BB2E95DA3078B9914","PE","GO","5220280","63BF1BA81276423BB2E95DA3078B9914","GO522028063BF1BA81276423BB2E95DA3078B9914"
"352","GO-5220280-00AAD453566E447E8AB138AEE40B338A","AT","GO","5220280","00AAD453566E447E8AB138AEE40B338A","GO522028000AAD453566E447E8AB138AEE40B338A"
"353","GO-5220280-24DE5524E49E4B3181642E1C6BE01CA0","AT","GO","5220280","24DE5524E49E4B3181642E1C6BE01CA0","GO522028024DE5524E49E4B3181642E1C6BE01CA0"
"354","GO-5220280-2BA5416DD42C447F838013D60181073D","AT","GO","5220280","2BA5416DD42C447F838013D60181073D","GO52202802BA5416DD42C447F838013D60181073D"
"355","GO-5220280-2D64D8F8A4094FAFB6A41E17E2CA82CE","AT","GO","5220280","2D64D8F8A4094FAFB6A41E17E2CA82CE","GO52202802D64D8F8A4094FAFB6A41E17E2CA82CE"
"356","GO-5220280-290390532F83485DA298F706599B9010","AT","GO","5220280","290390532F83485DA298F706599B9010","GO5220280290390532F83485DA298F706599B9010"
"357","GO-5220280-594B0D3DD1714482AAF3BEEF83320C29","AT","GO","5220280","594B0D3DD1714482AAF3BEEF83320C29","GO5220280594B0D3DD1714482AAF3BEEF83320C29"
"358","GO-5220280-A3DBC7ABE7634D4D82C74972A615EDB7","PE","GO","5220280","A3DBC7ABE7634D4D82C74972A615EDB7","GO5220280A3DBC7ABE7634D4D82C74972A615EDB7"
"359","GO-5220280-8F97C692F60740BAA070E6AE37CE2F1D","PE","GO","5220280","8F97C692F60740BAA070E6AE37CE2F1D","GO52202808F97C692F60740BAA070E6AE37CE2F1D"
"360","GO-5220280-1E44EAAD59CE4789AB53B116071F44D9","AT","GO","5220280","1E44EAAD59CE4789AB53B116071F44D9","GO52202801E44EAAD59CE4789AB53B116071F44D9"
"361","GO-5220280-2B150F7F58A841378AEDE7F0698072FA","AT","GO","5220280","2B150F7F58A841378AEDE7F0698072FA","GO52202802B150F7F58A841378AEDE7F0698072FA"
"362","GO-5220280-262A697C391F4D1B9768097C1C59FF7F","AT","GO","5220280","262A697C391F4D1B9768097C1C59FF7F","GO5220280262A697C391F4D1B9768097C1C59FF7F"
"363","GO-5220280-63A1A817C53240E1BB8BD2C4D59E09AB","AT","GO","5220280","63A1A817C53240E1BB8BD2C4D59E09AB","GO522028063A1A817C53240E1BB8BD2C4D59E09AB"
"364","GO-5220280-631FCDE1BD574471AFFB9E91CD3450BA","AT","GO","5220280","631FCDE1BD574471AFFB9E91CD3450BA","GO5220280631FCDE1BD574471AFFB9E91CD3450BA"
"365","GO-5220280-6F62C012EB214FDAB46E2D81FA72F05B","AT","GO","5220280","6F62C012EB214FDAB46E2D81FA72F05B","GO52202806F62C012EB214FDAB46E2D81FA72F05B"
"366","GO-5220280-2EACCAD5A05C4666B15F0F000B30A917","AT","GO","5220280","2EACCAD5A05C4666B15F0F000B30A917","GO52202802EACCAD5A05C4666B15F0F000B30A917"
"367","GO-5220280-C1F7B18C47084FFAAD60CC8B47B15740","AT","GO","5220280","C1F7B18C47084FFAAD60CC8B47B15740","GO5220280C1F7B18C47084FFAAD60CC8B47B15740"
"368","GO-5220280-978978B3825C463998FA559DE685A5EE","AT","GO","5220280","978978B3825C463998FA559DE685A5EE","GO5220280978978B3825C463998FA559DE685A5EE"
"369","GO-5220280-A39823BEDABE47FC98BF5F8B4E397BEF","AT","GO","5220280","A39823BEDABE47FC98BF5F8B4E397BEF","GO5220280A39823BEDABE47FC98BF5F8B4E397BEF"
"370","GO-5220280-924DA637EAB64C75B0352F63EDD0AADF","AT","GO","5220280","924DA637EAB64C75B0352F63EDD0AADF","GO5220280924DA637EAB64C75B0352F63EDD0AADF"
"371","GO-5220280-7A212F72CF9D42288E659952179B24D6","AT","GO","5220280","7A212F72CF9D42288E659952179B24D6","GO52202807A212F72CF9D42288E659952179B24D6"
"372","GO-5220280-93B6742905A54D7C8A98245D2E0E5083","AT","GO","5220280","93B6742905A54D7C8A98245D2E0E5083","GO522028093B6742905A54D7C8A98245D2E0E5083"
"373","GO-5220280-59A95ED149C8459F9E354C973C7483F1","AT","GO","5220280","59A95ED149C8459F9E354C973C7483F1","GO522028059A95ED149C8459F9E354C973C7483F1"
"374","GO-5220280-73923AEDAB494314A106CF516BFD900B","AT","GO","5220280","73923AEDAB494314A106CF516BFD900B","GO522028073923AEDAB494314A106CF516BFD900B"
"375","GO-5220280-A32AFDDD88F4494FBFDE2D8121FDFABA","AT","GO","5220280","A32AFDDD88F4494FBFDE2D8121FDFABA","GO5220280A32AFDDD88F4494FBFDE2D8121FDFABA"
"376","GO-5220280-ED097255ACC543BDB6397C97501E00B5","AT","GO","5220280","ED097255ACC543BDB6397C97501E00B5","GO5220280ED097255ACC543BDB6397C97501E00B5"
"377","GO-5220280-6CC8E6733AC94EA9BE9E25B2D3736727","AT","GO","5220280","6CC8E6733AC94EA9BE9E25B2D3736727","GO52202806CC8E6733AC94EA9BE9E25B2D3736727"
"378","GO-5220280-8556DCBB7FA348F391AAB8E2E7532898","AT","GO","5220280","8556DCBB7FA348F391AAB8E2E7532898","GO52202808556DCBB7FA348F391AAB8E2E7532898"
"379","GO-5220280-7D8F2B7F40D24E50B9B528191010FAEB","AT","GO","5220280","7D8F2B7F40D24E50B9B528191010FAEB","GO52202807D8F2B7F40D24E50B9B528191010FAEB"
"380","GO-5220280-631EB92BC4F64827AD6B4C3AAEE0E9C3","AT","GO","5220280","631EB92BC4F64827AD6B4C3AAEE0E9C3","GO5220280631EB92BC4F64827AD6B4C3AAEE0E9C3"
"381","GO-5220280-A65DF2BEA4B74B459309C93FE56521BE","PE","GO","5220280","A65DF2BEA4B74B459309C93FE56521BE","GO5220280A65DF2BEA4B74B459309C93FE56521BE"
"382","GO-5220280-41CDB5E717B14B31B3B0BBBE9F82A5D7","AT","GO","5220280","41CDB5E717B14B31B3B0BBBE9F82A5D7","GO522028041CDB5E717B14B31B3B0BBBE9F82A5D7"
"383","GO-5220280-D54A79E65C56442DA3BD34E25BC85033","AT","GO","5220280","D54A79E65C56442DA3BD34E25BC85033","GO5220280D54A79E65C56442DA3BD34E25BC85033"
"384","GO-5220280-A41BCFF0209B4176882B69AAB4F148E5","PE","GO","5220280","A41BCFF0209B4176882B69AAB4F148E5","GO5220280A41BCFF0209B4176882B69AAB4F148E5"
"385","GO-5220280-F41DA8D4841B4CBEA4ABA8DA062E1D43","AT","GO","5220280","F41DA8D4841B4CBEA4ABA8DA062E1D43","GO5220280F41DA8D4841B4CBEA4ABA8DA062E1D43"
"386","GO-5220280-82C79C37DDBB4B8994E44AD93450A165","AT","GO","5220280","82C79C37DDBB4B8994E44AD93450A165","GO522028082C79C37DDBB4B8994E44AD93450A165"
"387","GO-5220280-3BAC47C4292047469142927C467E799B","AT","GO","5220280","3BAC47C4292047469142927C467E799B","GO52202803BAC47C4292047469142927C467E799B"
"388","GO-5220280-DB1BBC78043548848155E85FE7099D57","AT","GO","5220280","DB1BBC78043548848155E85FE7099D57","GO5220280DB1BBC78043548848155E85FE7099D57"
"389","GO-5220280-0EE84FCD985641CEABB430184EDD3CBC","AT","GO","5220280","0EE84FCD985641CEABB430184EDD3CBC","GO52202800EE84FCD985641CEABB430184EDD3CBC"
"390","GO-5220280-DD708E82297C47138DE8C7B21F75091E","AT","GO","5220280","DD708E82297C47138DE8C7B21F75091E","GO5220280DD708E82297C47138DE8C7B21F75091E"
"391","GO-5220280-9B4D82972CAE4A948DC13C9D208A8210","AT","GO","5220280","9B4D82972CAE4A948DC13C9D208A8210","GO52202809B4D82972CAE4A948DC13C9D208A8210"
"392","GO-5220280-0CFE9F1181FE4F30A67976C092843753","AT","GO","5220280","0CFE9F1181FE4F30A67976C092843753","GO52202800CFE9F1181FE4F30A67976C092843753"
"393","GO-5220280-5D468021617C4406965D3C671F8CC16D","AT","GO","5220280","5D468021617C4406965D3C671F8CC16D","GO52202805D468021617C4406965D3C671F8CC16D"
"394","GO-5220280-1A027ED6A495472ABB6C9AE434E3BB91","AT","GO","5220280","1A027ED6A495472ABB6C9AE434E3BB91","GO52202801A027ED6A495472ABB6C9AE434E3BB91"
"395","GO-5220280-109A424C60CF47BE82607BFB2338C661","AT","GO","5220280","109A424C60CF47BE82607BFB2338C661","GO5220280109A424C60CF47BE82607BFB2338C661"
"396","GO-5220280-E2F404F198BE44DD96D7C4E5205236C8","AT","GO","5220280","E2F404F198BE44DD96D7C4E5205236C8","GO5220280E2F404F198BE44DD96D7C4E5205236C8"
"397","GO-5220280-00D112AF91B046D8BF6C38D4A0C150A0","AT","GO","5220280","00D112AF91B046D8BF6C38D4A0C150A0","GO522028000D112AF91B046D8BF6C38D4A0C150A0"
"398","GO-5220280-70016285868C4E4D883CE43F289188BE","AT","GO","5220280","70016285868C4E4D883CE43F289188BE","GO522028070016285868C4E4D883CE43F289188BE"
"399","GO-5220280-7F5265B240364FAEBA5D8C11F1771095","AT","GO","5220280","7F5265B240364FAEBA5D8C11F1771095","GO52202807F5265B240364FAEBA5D8C11F1771095"
"400","GO-5220280-74145EDAC04743AEA8F2DB6FDFDCCDE9","AT","GO","5220280","74145EDAC04743AEA8F2DB6FDFDCCDE9","GO522028074145EDAC04743AEA8F2DB6FDFDCCDE9"
"401","GO-5220280-9AE2E5B8BEF448558F290C603411FDA4","AT","GO","5220280","9AE2E5B8BEF448558F290C603411FDA4","GO52202809AE2E5B8BEF448558F290C603411FDA4"
"402","GO-5220280-08252595302A4A2C9797D51B5530502A","AT","GO","5220280","08252595302A4A2C9797D51B5530502A","GO522028008252595302A4A2C9797D51B5530502A"
"403","GO-5220280-A018DF58DC04455BBA0A482E35807FF9","AT","GO","5220280","A018DF58DC04455BBA0A482E35807FF9","GO5220280A018DF58DC04455BBA0A482E35807FF9"
"404","GO-5220280-7D21311868DD4257A3498F484E9DCD05","AT","GO","5220280","7D21311868DD4257A3498F484E9DCD05","GO52202807D21311868DD4257A3498F484E9DCD05"
"405","GO-5220280-F2E0D29D25D447D3AF9AD6676D4949CF","AT","GO","5220280","F2E0D29D25D447D3AF9AD6676D4949CF","GO5220280F2E0D29D25D447D3AF9AD6676D4949CF"
"406","GO-5220280-2D1F8E57F9FA45FA81DB76F8E9980566","AT","GO","5220280","2D1F8E57F9FA45FA81DB76F8E9980566","GO52202802D1F8E57F9FA45FA81DB76F8E9980566"
"407","GO-5220280-93758DB3DF924AF1BC939718AA58B127","AT","GO","5220280","93758DB3DF924AF1BC939718AA58B127","GO522028093758DB3DF924AF1BC939718AA58B127"
"408","GO-5220280-1DBD7933E5B442F3AD77F2B92BB848C7","AT","GO","5220280","1DBD7933E5B442F3AD77F2B92BB848C7","GO52202801DBD7933E5B442F3AD77F2B92BB848C7"
"409","GO-5220280-8878ED06717741818070970711E8B56A","AT","GO","5220280","8878ED06717741818070970711E8B56A","GO52202808878ED06717741818070970711E8B56A"
"410","GO-5220280-C3D0DCFE7B8E4AC4BCF3523A1F2F3C4F","AT","GO","5220280","C3D0DCFE7B8E4AC4BCF3523A1F2F3C4F","GO5220280C3D0DCFE7B8E4AC4BCF3523A1F2F3C4F"
